0.027988 0.0771022 -1.69001 -0.0394078 -0 -0 -0 -0
0.0257768 0.141444 -1.66735 -0.0789812 -0 0 -0 0
0.0267242 0.114019 -1.68918 0.187048 -0 0 -0 0
0.0419185 0.23496 -1.70108 0.194634 -0 0 -0 0
0.0434671 0.122246 -1.71264 0.11938 -0 0 -0 0
0.0585928 0.213044 -1.70524 -0.0687148 -0 0 -0 0
0.0745028 0.222802 -1.72221 0.0307639 -0 0 -0 0
0.070839 0.0575174 -1.69776 -0.0537265 -0 0 -0 0
0.0648145 0.182964 -1.71171 -0.0308024 -0 0 -0 0
0.0599258 0.0979277 -1.71367 0.0869935 -0 0 -0 0
0.081139 0.0612409 -1.70092 -0.0842756 -0 0 -0 0
0.0932646 0.079203 -1.68976 0.0584723 -0 0 -0 0
0.116263 0.294784 -1.70689 0.0827166 -0 0 -0 0
0.136022 0.241453 -1.71844 0.22614 -0 0 -0 0
0.159921 0.384645 -1.71188 0.0437537 -0 0 -0 0
0.173053 0.208376 -1.71384 0.0717638 -0 0 -0 0
0.206041 0.231702 -1.68216 -0.0686935 -0 0 -0 0
0.255201 0.295366 -1.67645 -0.0466111 -0 0 -0 0
0.258135 0.4793 -1.65551 0.18074 -0 0 -0 0
0.295136 1.77103 -1.67543 0.0360125 -0 0 -0 0
0.378057 3.87169 -1.66898 0.185389 -0 0 -0 0
0.509825 6.70868 -1.6522 0.233657 -0 0 -0 0
0.698676 9.45461 -1.66565 0.183478 -0 0 -0 0
0.928431 11.4773 -1.6736 -0.167802 -0 0 -0 0
1.2017 12.7294 -1.7069 -0.469642 -0 0 -0 0
1.45044 13.1737 -1.74149 0.0508311 -0 0 -0 0
1.7029 13.4963 -1.76974 -1.05755 -0 0 -0 0
1.96779 13.9004 -1.78376 -1.40745 -0 0 -0 0
2.29742 15.5604 -1.80315 -1.21153 -0 0 -0 0
2.65469 17.8136 -1.84242 -1.29114 -0 0 -0 0
3.10682 21.2114 -1.86179 -1.91393 -0 0 -0 0
3.58808 23.5724 -1.93357 -2.23278 -0 0 -0 0
4.14249 26.4668 -2.0015 -2.82209 -0 0 -0 0
4.7563 29.1916 -2.03875 -3.22175 -0 0 -0 0
5.38488 30.9209 -2.11319 -3.54842 -0 0 -0 0
6.07302 32.7545 -2.1819 -3.69658 -0 0 -0 0
6.7734 33.9446 -2.2895 -3.85218 -0 0 -0 0
7.49145 34.5822 -2.35974 -4.05528 -0 0 -0 0
8.21837 35.2167 -2.43017 -4.08366 -0 0 -0 0
8.96255 35.6264 -2.50906 -3.60788 -0 0 -0 0
9.72431 34.8381 -2.54597 -3.16356 -0 0 -0 0
10.4307 33.828 -2.5762 -2.37645 -0 0 -0 0
11.0725 31.9846 -2.59773 -2.2311 -0 0 -0 0
11.7197 30.0552 -2.60355 -1.30953 -0 0 -0 0
12.3121 28.28 -2.60898 -0.932396 -0 0 -0 0
12.8782 26.472 -2.61478 -0.317428 -0 0 -0 0
13.3741 24.1004 -2.62801 0.049475 -0 0 -0 0
13.8379 22.0824 -2.61343 0.2962 -0 0 -0 0
14.2872 20.0796 -2.59332 0.33454 -0 0 -0 0
14.6696 19.1302 -2.55027 0.797015 -0 0 -0 0
15.0778 19.1376 -2.5066 1.3787 -0 0 -0 0
15.5257 19.7788 -2.47862 2.19474 -0 0 -0 0
15.9541 20.2001 -2.43569 1.93612 -0 0 -0 0
16.3542 20.3519 -2.43718 1.21472 -0 0 -0 0
16.7639 20.0631 -2.43526 0.649486 -0 0 -0 0
17.1602 19.7807 -2.45423 0.0669913 -0 0 -0.09 -4.5
17.5453 19.7126 -2.42689 -0.134525 -0 0 -0.09 0
17.9682 19.7273 -2.43017 -0.153257 -0 0 -0.09 0
18.377 20.791 -2.41784 -0.359554 -0 0 -0.09 0
18.8234 21.548 -2.45326 -0.830498 -0 0 -0.18 -4.5
19.2476 22.7833 -2.47732 -1.63372 -0 0 -0.18 0
19.6829 23.0603 -2.52062 -2.29008 -0 0 -0.18 0
20.1201 22.8689 -2.58801 -3.03591 -0 0 -0.27 -4.5
20.5294 22.3852 -2.63 -2.87399 -0 0 -0.27 0
20.9372 22.3887 -2.67578 -2.76842 -0 0 -0.36 -4.5
21.3469 22.177 -2.72269 -2.5842 -0 0 -0.45 -4.5
21.7416 21.0625 -2.76345 -2.65623 -0 0 -0.45 0
22.0829 19.5959 -2.82058 -2.53057 -0 0 -0.54 -4.5
22.3749 17.7181 -2.83241 -2.23111 -0 0 -0.54 0
22.6293 15.5245 -2.8315 -1.80459 -0 0 -0.63 -4.5
22.814 12.4663 -2.8327 -1.64144 -0 0 -0.72 -4.5
22.9535 9.15612 -2.83816 -0.750314 -0 0 -0.81 -4.5
22.995 5.79614 -2.83775 -0.260786 -0 0 -0.81 0
23.0274 3.29389 -2.79244 0.835888 -0 0 -0.9 -4.5
22.9957 1.22546 -2.72964 1.86168 -0 0 -0.99 -4.5
22.981 0.327453 -2.67042 2.15955 -0 0 -1.08 -4.5
22.9342 -0.447407 -2.61227 2.35722 -0 0 -1.17 -4.5
22.8692 -1.13045 -2.57406 2.67249 -0 0 -1.26 -4.5
22.7717 -1.32137 -2.5271 2.91828 -0 0 -1.35 -4.5
22.7296 -0.667865 -2.50488 2.55685 -0 0 -1.44 -4.5
22.6694 -0.205237 -2.48575 2.17962 -0 0 -1.53 -4.5
22.6449 -0.15662 -2.4671 1.7835 -0 0 -1.62 -4.5
22.6151 -0.5194 -2.4516 1.60784 -0 0 -1.71 -4.5
22.5782 -1.0713 -2.43995 1.30273 -0 0 -1.8 -4.5
22.51 -1.85624 -2.42166 1.37371 -0 0 -1.89 -4.5
22.4083 -3.3576 -2.41991 0.999009 -0 0 -1.98 -4.5
22.293 -4.11394 -2.40871 1.28791 -0 0 -2.16 -9
22.137 -5.77732 -2.39774 1.29767 -0 0 -2.25 -4.5
21.9765 -6.66114 -2.3619 1.81851 -0 0 -2.34 -4.5
21.8119 -7.34983 -2.35617 1.71879 -0 0 -2.43 -4.5
21.6427 -8.20548 -2.35758 1.82272 -0 0 -2.52 -4.5
21.4481 -8.56119 -2.3565 1.80382 -0 0 -2.61 -4.5
21.2571 -9.06323 -2.3676 1.72645 -0 0 -2.7 -4.5
21.0692 -9.39255 -2.39599 1.5555 -0 0 -2.79 -4.5
20.8899 -8.93459 -2.40526 1.57053 -0 0 -2.88 -4.5
20.7235 -8.40843 -2.39277 1.32008 -0 0 -2.88 0
20.5813 -7.85719 -2.41397 1.39149 -0 0 -2.97 -4.5
20.4416 -6.98118 -2.41545 0.736568 -0 0 -3.06 -4.5
20.325 -6.11865 -2.42972 0.721944 -0 0 -3.06 0
20.2152 -5.28136 -2.44807 0.428859 -0 0 -3.06 0
20.1275 -4.39962 -2.46187 0.694642 -0 0 -3.15 -4.5
20.0763 -2.89558 -2.48012 0.410115 -0 0 -3.15 0
20.0585 -1.462 -2.51424 0.126702 -0 0 -3.15 0
20.0424 -0.66538 -2.56238 -0.41782 -0 0 -3.15 0
20.0528 0.0190379 -2.58758 -0.522428 -0 0 -3.15 0
20.0782 0.783871 -2.60164 -0.413602 -0 0 -3.15 0
20.0838 1.35747 -2.61018 -0.533324 -0 0 -3.15 0
20.1084 1.29993 -2.64328 -0.768048 -0 0 -3.15 0
20.1565 1.2681 -2.67241 -0.829856 -0 0 -3.06 4.5
20.1976 1.38018 -2.70079 -0.856433 -0 0 -3.06 0
20.2243 0.95732 -2.75673 -0.950552 -0 0 -3.06 0
20.2354 0.902982 -2.78424 -1.19762 -0 0 -3.06 0
20.2392 1.17158 -2.78729 -0.750446 -0 0 -2.97 4.5
20.3072 1.72637 -2.8054 -0.724391 -0 0 -2.97 0
20.3923 1.94741 -2.83575 -0.88033 -0 0 -2.97 0
20.4285 1.92036 -2.82891 -0.731523 -0 0 -2.88 4.5
20.4796 1.68938 -2.82564 -0.55947 -0 0 -2.88 0
20.484 1.52178 -2.86449 -0.691462 -0 0 -2.88 0
20.5127 1.43716 -2.88254 -0.569004 -0 0 -2.88 0
20.5515 1.06308 -2.90565 -0.651363 -0 0 -2.79 4.5
20.5788 0.613324 -2.89715 -0.759697 -0 0 -2.79 0
20.6022 0.291022 -2.9017 -0.295568 -0 0 -2.79 0
20.6108 -0.174096 -2.9084 -0.599684 -0 0 -2.79 0
20.6058 -0.445622 -2.90661 -0.640709 -0 0 -2.79 0
20.6119 -0.144401 -2.9151 -0.360347 -0 0 -2.79 0
20.6088 -0.487433 -2.92969 -0.544711 -0 0 -2.79 0
20.6001 -1.13023 -2.92002 -0.517519 -0 0 -2.79 0
20.5569 -1.38485 -2.91321 -0.369676 -0 0 -2.79 0
20.5277 -1.3378 -2.92628 -0.486634 -0 0 -2.79 0
20.5131 -1.13391 -2.93892 -0.833158 -0 0 -2.79 0
20.4961 -1.22587 -2.93443 -0.524184 -0 0 -2.79 0
20.4694 -1.15797 -2.97313 -0.197694 -0 0 -2.79 0
20.4647 -1.16122 -2.98838 -0.511493 -0 0 -2.79 0
20.4462 -1.1979 -2.97723 -0.393885 -0 0 -2.79 0
20.436 -1.08616 -2.96998 -0.208776 -0 0 -2.79 0
20.4476 -1.10629 -3.00354 -0.335871 -0 0 -2.79 0
20.4145 -1.0606 -2.99934 -0.413528 -0 0 -2.79 0
20.4198 -1.00256 -3.00263 -0.112192 -0 0 -2.79 0
20.4193 -0.819395 -2.99212 -0.433746 -0 0 -2.79 0
20.4343 -0.446306 -2.99236 -0.286663 -0 0 -2.79 0
20.4319 -0.23388 -3.01056 -0.510722 -0 0 -2.79 0
20.4155 -0.453149 -3.01898 -0.273651 -0 0 -2.79 0
20.421 -0.352883 -3.02649 -0.169441 -0 0 -2.79 0
20.3934 -0.166016 -3.03575 -0.371633 -0 0 -2.79 0
20.3749 -0.0428967 -3.04741 -0.732062 -0 0 -2.79 0
20.3861 0.131994 -3.05575 -0.576697 -0 0 -2.7 4.5
20.4107 0.460359 -3.06709 -0.520381 -0 0 -2.7 0
20.428 0.619287 -3.0887 -0.879998 -0 0 -2.7 0
20.4415 0.562613 -3.09302 -1.05919 -0 0 -2.7 0
20.4712 0.870011 -3.09886 -0.624125 -0 0 -2.7 0
20.4679 1.14069 -3.09411 -0.602865 -0 0 -2.7 0
20.4922 1.15529 -3.11538 -0.915943 -0 0 -2.7 0
20.5118 0.812874 -3.10219 -0.536922 -0 0 -2.7 0
20.515 0.205171 -3.115 -0.56877 -0 0 -2.7 0
20.4753 -1.86438 -3.11857 -0.745629 -0 0 -2.7 0
20.3506 -5.79787 -3.15895 -1.29265 -0 0 -2.7 0
20.1342 -12.4012 -3.15034 -1.19126 -0 0 -2.7 0
19.6864 -21.9756 -3.05216 1.92962 -0 0 -2.7 0
19.0464 -31.6626 -2.92006 4.64751 -0 0 -2.7 0
18.2736 -39.89 -2.74615 7.01108 -0 0 -2.7 0
17.3355 -48.2109 -2.52879 8.91171 -0 0 -2.7 0
16.3189 -55.2561 -2.30076 10.947 -0 0 -2.7 0
15.1387 -61.619 -2.04927 12.4132 -0 0 -2.7 0
13.8406 -67.2283 -1.81261 13.1871 -0 0 -2.7 0
12.447 -71.675 -1.58519 12.4757 -0 0 -2.79 -4.5
10.9647 -75.2954 -1.38055 11.9367 -0 0 -2.79 0
9.4623 -77.9612 -1.23303 10.4173 -0 0 -2.79 0
7.94006 -79.6427 -1.12872 8.82046 -0 0 -2.79 0
6.36616 -80.3576 -1.04201 7.04549 -0 0 -2.79 0
4.81031 -79.9994 -1.01391 4.27138 -0 0 -2.79 0
3.23431 -78.4557 -1.06378 1.07461 -0 0 -2.79 0
1.6902 -76.3474 -1.13988 -1.3562 -0 0 -2.79 0
0.209134 -73.3935 -1.25457 -3.6523 -0 0 -2.79 0
-1.22719 -68.9244 -1.3858 -5.30057 -0 0 -2.79 0
-2.53802 -63.7018 -1.53771 -6.62103 -0 0 -2.79 0
-3.72268 -57.6663 -1.68179 -7.89053 -0 0 -2.79 0
-4.79006 -50.7022 -1.82258 -8.65677 -0 0 -2.79 0
-5.70362 -43.0481 -1.96331 -8.50544 -0 0 -2.79 0
-6.48957 -34.5688 -2.05322 -7.84534 -0 0 -2.79 0
-7.07404 -25.6923 -2.14252 -6.89175 -0 0 -2.79 0
-7.49747 -16.1835 -2.19185 -5.38994 -0 0 -2.79 0
-7.73837 -7.02165 -2.19515 -3.9326 -0 0 -2.79 0
-7.80707 2.0938 -2.18755 -2.42185 -0 0 -2.7 4.5
-7.67241 10.2994 -2.13797 -0.386553 -0 0 -2.7 0
-7.38443 17.8609 -2.07193 1.74913 -0 0 -2.7 0
-7.02645 23.9969 -1.98241 3.22754 -0 0 -2.7 0
-6.53674 29.3067 -1.87179 5.02106 -0 0 -2.61 4.5
-5.92978 33.9144 -1.73026 5.33561 -0 0 -2.61 0
-5.26087 37.5676 -1.59749 5.85558 -0 0 -2.52 4.5
-4.53974 40.3787 -1.45544 6.4804 -0 0 -2.52 0
-3.74131 42.8884 -1.35442 6.39239 -0 0 -2.43 4.5
-2.92587 43.5601 -1.27102 6.33765 -0 0 -2.43 0
-2.14823 41.6777 -1.20154 5.05425 -0 0 -2.43 0
-1.35893 40.383 -1.15547 3.99519 -0 0 -2.34 4.5
-0.562837 39.5802 -1.14058 2.03336 -0 0 -2.34 0
0.170387 37.7292 -1.15062 1.08644 -0 0 -2.25 4.5
0.945923 35.6336 -1.21085 -0.60635 -0 0 -2.25 0
1.58882 33.0949 -1.29781 -2.03907 -0 0 -2.25 0
2.18189 29.1312 -1.41418 -3.7296 -0 0 -2.16 4.5
2.74281 25.2475 -1.55101 -5.10317 -0 0 -2.16 0
3.18243 21.4736 -1.68272 -5.6689 -0 0 -2.16 0
3.61392 17.4599 -1.80277 -5.96025 -0 0 -2.16 0
3.94145 12.9082 -1.92248 -5.88468 -0 0 -2.07 4.5
4.1202 8.61198 -2.00332 -5.66512 -0 0 -2.07 0
4.27359 4.08351 -2.09914 -5.52896 -0 0 -2.07 0
4.32175 -0.0120767 -2.16661 -4.52328 -0 0 -2.07 0
4.27988 -4.35008 -2.19637 -3.86893 -0 0 -2.07 0
4.19471 -7.6147 -2.18551 -2.18474 -0 0 -2.07 0
4.03199 -10.4625 -2.17985 -0.98284 -0 0 -2.07 0
3.82178 -12.7335 -2.14208 0.0552751 -0 0 -2.07 0
3.54605 -14.6934 -2.08014 1.30974 -0 0 -2.07 0
3.23219 -16.4175 -2.02405 2.12825 -0 0 -2.07 0
2.93903 -17.641 -1.94324 2.99541 -0 0 -2.07 0
2.59558 -18.5567 -1.8664 3.73183 -0 0 -2.07 0
2.23483 -19.5164 -1.75311 4.12314 -0 0 -2.07 0
1.86774 -19.7264 -1.66647 4.19675 -0 0 -2.07 0
1.45613 -19.7627 -1.62349 3.91675 -0 0 -2.07 0
1.07672 -19.6706 -1.61216 3.08332 -0 0 -2.07 0
0.686287 -18.9251 -1.58365 2.56461 -0 0 -2.07 0
0.329964 -18.3252 -1.57866 1.7578 -0 0 -2.07 0
0.0272205 -17.1557 -1.5938 0.936683 -0 0 -2.07 0
-0.341562 -15.6231 -1.60379 -0.0633542 -0 0 -2.07 0
-0.633686 -14.2083 -1.64229 -1.23916 -0 0 -2.07 0
-0.860145 -12.4216 -1.66325 -1.69429 -0 0 -2.07 0
-1.08483 -10.5468 -1.7041 -2.27805 -0 0 -2.07 0
-1.23474 -8.4981 -1.78644 -2.64021 -0 0 -2.07 0
-1.40244 -6.45711 -1.84979 -3.0867 -0 0 -2.07 0
-1.52323 -4.14839 -1.91523 -3.42404 -0 0 -2.16 -4.5
-1.55432 -1.97642 -1.9711 -3.32969 -0 0 -2.16 0
-1.58925 0.115172 -2.01213 -2.75513 -0 0 -2.16 0
-1.5643 1.96707 -2.05129 -2.34548 -0 0 -2.16 0
-1.52353 3.65637 -2.06848 -1.6591 -0 0 -2.16 0
-1.45953 5.11572 -2.06 -0.99582 -0 0 -2.16 0
-1.35675 6.11168 -2.04503 -0.351873 -0 0 -2.16 0
-1.23757 6.91092 -2.01731 0.484784 -0 0 -2.16 0
-1.10883 7.22199 -1.999 0.791121 -0 0 -2.16 0
-0.976508 7.28415 -1.95378 1.28192 -0 0 -2.16 0
-0.838134 7.11943 -1.8936 2.14692 -0 0 -2.16 0
-0.723745 6.41351 -1.85199 1.9869 -0 0 -2.16 0
-0.614206 5.33228 -1.80615 2.08019 -0 0 -2.07 4.5
-0.534244 4.36543 -1.75664 1.71761 -0 0 -2.07 0
-0.464376 3.4046 -1.73354 1.69311 -0 0 -2.07 0
-0.433184 2.04742 -1.7023 1.43149 -0 0 -2.07 0
-0.407586 0.962285 -1.71398 0.609426 -0 0 -2.07 0
-0.393874 -0.444197 -1.69851 0.274907 -0 0 -2.07 0
-0.420765 -1.36274 -1.72729 -0.441281 -0 0 -2.07 0
-0.440673 -2.04943 -1.73718 -0.856237 -0 0 -2.07 0
-0.484576 -2.7327 -1.75473 -1.04818 -0 0 -2.07 0
-0.546422 -2.93674 -1.77931 -1.50312 -0 0 -2.07 0
-0.588215 -3.06932 -1.81212 -1.61267 -0 0 -2.07 0
-0.659548 -3.01347 -1.85565 -1.84218 -0 0 -2.07 0
-0.694767 -2.76391 -1.90046 -1.92455 -0 0 -2.07 0
-0.719624 -2.4939 -1.90774 -1.55621 -0 0 -2.07 0
-0.782704 -1.9675 -1.9272 -1.39729 -0 0 -2.07 0
-0.80875 -1.50037 -1.91949 -0.969783 -0 0 -2.07 0
-0.84116 -0.886107 -1.91384 -0.494946 -0 0 -2.07 0
-0.849762 -0.372644 -1.93165 -0.351137 -0 0 -2.07 0
-0.845069 0.0232661 -1.92635 -0.0478937 -0 0 -2.07 0
-0.838185 0.355325 -1.89959 0.72874 -0 0 -2.07 0
-0.829211 0.6223 -1.88113 0.770268 -0 0 -2.07 0
-0.786383 0.657335 -1.84206 0.933331 -0 0 -2.07 0
-0.762375 0.630684 -1.82241 0.844877 -0 0 -2.07 0
-0.733578 0.602798 -1.82905 1.05347 -0 0 -2.07 0
-0.71898 0.56447 -1.81337 1.09717 -0 0 -2.07 0
-0.707941 0.307913 -1.76251 0.786169 -0 0 -2.07 0
-0.689678 0.0680433 -1.75232 0.657574 -0 0 -2.07 0
-0.723381 -0.267849 -1.74986 0.273221 -0 0 -2.07 0
-0.758129 -0.591139 -1.76001 0.186534 -0 0 -2.07 0
-0.744435 -0.634727 -1.75871 -0.528274 -0 0 -2.07 0
-0.769889 -0.763586 -1.7927 -0.609174 -0 0 -2.07 0
-0.777523 -0.688805 -1.78963 -0.735723 -0 0 -2.07 0
-0.825999 -0.69853 -1.81295 -0.650975 -0 0 -2.07 0
-0.838681 -0.576995 -1.8255 -0.889274 -0 0 -2.07 0
-0.830655 -0.486422 -1.80883 -0.930354 -0 0 -2.07 0
-0.862141 -0.455134 -1.80924 -0.982487 -0 0 -2.07 0
-0.862127 -0.315027 -1.81233 -0.621612 -0 0 -2.07 0
-0.859071 -0.141391 -1.79317 -0.536849 -0 0 -2.07 0
-0.846273 -0.227684 -1.81101 -0.235059 -0 0 -2.07 0
-0.839799 -0.0135521 -1.80525 -0.0637128 -0 0 -2.07 0
-0.830762 -0.0380004 -1.81277 0.141108 -0 0 -2.07 0
-0.867571 -0.158931 -1.80453 0.36079 -0 0 -2.07 0
-0.842064 -0.288515 -1.82051 0.201401 -0 0 -2.07 0
-0.846254 -0.168688 -1.8034 0.526862 -0 0 -2.07 0
-0.840836 -0.146524 -1.81347 0.55569 -0 0 -2.07 0
-0.869903 -0.322196 -1.79818 0.437339 -0 0 -2.07 0
-0.85757 -0.266275 -1.7889 0.389806 -0 0 -2.07 0
-0.8354 -0.372477 -1.79016 0.391148 -0 0 -2.07 0
-0.828618 -0.391551 -1.79095 0.123413 -0 0 -2.07 0
-0.84937 -0.370731 -1.79326 -0.177236 -0 0 -2.07 0
-0.852968 -0.268262 -1.82069 -0.137961 -0 0 -2.07 0
-0.850827 -0.365903 -1.83199 -0.28236 -0 0 -2.07 0
-0.839516 -0.151262 -1.82377 -0.42486 -0 0 -2.07 0
-0.847548 -0.145958 -1.8281 -0.486113 -0 0 -2.07 0
-0.818194 -0.0895033 -1.80707 -0.542314 -0 0 -2.07 0
-0.802021 -0.0842997 -1.7817 -0.460115 -0 0 -2.07 0
-0.814629 -0.129252 -1.80719 -0.337316 -0 0 -2.07 0
-0.824256 -0.130664 -1.77406 -0.14812 -0 0 -2.07 0
-0.830195 -0.144626 -1.75994 -0.275856 -0 0 -2.07 0
-0.830436 -0.254246 -1.72574 -0.0978345 -0 0 -2.07 0
-0.827829 -0.173539 -1.73301 0.118003 -0 0 -2.07 0
-0.821357 -0.297825 -1.73094 0.101681 -0 0 -2.07 0
-0.839132 -0.164472 -1.73231 0.139876 -0 0 -2.07 0
-0.81346 -0.269147 -1.73364 0.281153 -0 0 -2.07 0
-0.799572 -0.31746 -1.72239 0.328315 -0 0 -2.07 0
-0.822665 -0.146526 -1.70787 0.324911 -0 0 -2.07 0
-0.80931 -0.172354 -1.72854 0.271083 -0 0 -2.07 0
-0.805545 -0.248795 -1.72638 0.293333 -0 0 -2.07 0
-0.794513 -0.240907 -1.72959 0.091515 -0 0 -2.07 0
-0.799931 -0.0433978 -1.74503 -0.103871 -0 0 -2.07 0
-0.81906 -0.108572 -1.74086 -0.138829 -0 0 -2.07 0
-0.798818 -0.0475388 -1.73592 -0.0256888 -0 0 -2.07 0
-0.811527 -0.0894834 -1.74875 -0.0589366 -0 0 -2.07 0
-0.804825 -0.152772 -1.75601 -0.153421 -0 0 -2.07 0
-0.84389 -0.0141957 -1.77061 -0.302241 -0 0 -2.07 0
-0.832028 -0.178963 -1.79038 -0.233627 -0 0 -2.07 0
-0.841662 -0.294799 -1.78625 -0.0793121 -0 0 -2.07 0
-0.849613 -0.176035 -1.7776 -0.287895 -0 0 -2.07 0
-0.8598 -0.225835 -1.78143 -0.160388 -0 0 -2.07 0
-0.867754 -0.26912 -1.77564 -0.138046 -0 0 -2.07 0
-0.858264 -0.0882335 -1.75616 -0.122694 -0 0 -2.07 0
-0.841705 -0.14678 -1.74315 0.423813 -0 0 -2.07 0
-0.853325 -0.17499 -1.73603 0.00041911 -0 0 -2.07 0
-0.854824 0.00852215 -1.72825 0.251119 -0 0 -2.07 0
-0.852077 -0.229626 -1.72945 0.169633 -0 0 -2.07 0
-0.845761 -0.0626973 -1.73706 0.0586196 -0 0 -2.07 0
-0.838519 0.0357368 -1.74593 0.211 -0 0 -2.07 0
-0.859096 -0.118679 -1.73531 -0.0756249 -0 0 -2.07 0
-0.868164 -0.287777 -1.73878 0.0879964 -0 0 -2.07 0
-0.878457 -0.290766 -1.75299 -0.12283 -0 0 -2.07 0
-0.869006 -0.203203 -1.72769 0.00396842 -0 0 -2.07 0
-0.883273 -0.122305 -1.72063 -0.0877718 -0 0 -2.07 0
-0.879248 -0.094804 -1.70085 0.027048 -0 0 -2.07 0
-0.889967 -0.165797 -1.69772 0.143648 -0 0 -2.07 0
-0.916247 -0.172478 -1.70557 0.0293777 -0 0 -2.07 0
-0.91872 -0.315217 -1.70679 -0.0469361 -0 0 -2.07 0
-0.919161 0.0699199 -1.70525 -0.253298 -0 0 -2.07 0
-0.916065 -0.221816 -1.68852 0.0580077 -0 0 -2.07 0
-0.905364 -0.0776145 -1.68391 0.171291 -0 0 -2.07 0
-0.909244 -0.150526 -1.69466 0.118925 -0 0 -2.07 0
-0.893719 -0.143677 -1.71627 -0.037964 -0 0 -2.07 0
-0.90379 -0.226311 -1.73068 -0.033878 -0 0 -2.07 0
-0.92105 -0.307651 -1.76494 0.0453388 -0 0 -2.07 0
-0.884595 -0.294773 -1.77939 -0.0627341 -0 0 -2.07 0
-0.87921 -0.103885 -1.77676 -0.212045 -0 0 -2.07 0
-0.875333 -0.295623 -1.77606 0.0842305 -0 0 -2.07 0
-0.861708 -0.0959504 -1.78044 0.00700948 -0 0 -2.07 0
-0.858335 -0.135358 -1.79255 0.0181909 -0 0 -2.07 0
-0.831703 -0.137505 -1.77601 -0.0159633 -0 0 -2.07 0
-0.81442 0.23252 -1.76997 0.0526852 -0 0 -2.07 0
-0.819093 0.0149119 -1.78039 0.00375056 -0 0 -2.07 0
-0.813075 -0.0888107 -1.78853 -0.0515238 -0 0 -2.07 0
-0.801632 0.147231 -1.78506 0.0870968 -0 0 -2.07 0
-0.786742 0.0251287 -1.80935 -0.117449 -0 0 -2.07 0
-0.783311 -0.137461 -1.82352 -0.167785 -0 0 -2.07 0
-0.770758 0.0665895 -1.8317 -0.108835 -0 0 -2.07 0
-0.792195 0.221753 -1.82704 -0.259293 -0 0 -2.07 0
-0.772703 -0.0840358 -1.84456 -0.00613543 -0 0 -2.07 0
-0.749671 -0.042029 -1.87381 -0.212673 -0 0 -2.07 0
-0.754133 -0.0357538 -1.85272 0.108281 -0 0 -2.07 0
-0.751799 -0.000966787 -1.8367 -0.0807512 -0 0 -2.07 0
-0.738145 -0.0980804 -1.84111 -0.133536 -0 0 -2.07 0
-0.723783 0.160286 -1.82769 0.0633656 -0 0 -2.07 0
-0.726182 0.0405827 -1.82302 -0.063066 -0 0 -2.07 0
-0.732922 -0.00811636 -1.80775 -0.0271802 -0 0 -2.07 0
-0.73354 0.0699173 -1.83495 0.0634185 -0 0 -2.07 0
-0.759466 -0.0616732 -1.81744 0.0682716 -0 0 -2.07 0
-0.767552 -0.0610549 -1.84396 -0.0851041 -0 0 -2.07 0
-0.762509 -0.0214484 -1.8387 0.00700426 -0 0 -2.07 0
-0.767392 -0.00124288 -1.83934 -0.125781 -0 0 -2.07 0
-0.758959 0.0401741 -1.82695 -0.154623 -0 0 -2.07 0
-0.751878 0.0470593 -1.82202 -0.278052 -0 0 -2.07 0
-0.76736 -0.0313702 -1.79824 -0.238055 -0 0 -2.07 0
-0.770678 0.00866044 -1.81279 -0.0977953 -0 0 -2.07 0
-0.772234 -0.040291 -1.79826 0.0282452 -0 0 -2.07 0