   7.8537e-03   4.7123e-03  -1.6025e-01  -3.4023e-08  4.5383e-308  -3.4023e-08   2.4549e+00   2.2262e+00
   7.8537e-03   4.7123e-03  -1.8232e-01  -3.4023e-08  4.5383e-308  -3.4023e-08   2.4727e+00   2.2197e+00
   7.8537e-03   4.7123e-03  -1.6857e-01  -3.4023e-08  4.5383e-308  -3.4023e-08   2.4714e+00   2.2306e+00
   7.8537e-03   4.7123e-03  -1.9627e-01  -3.4023e-08  4.5383e-308  -3.4023e-08   2.4923e+00   2.2212e+00
   7.8537e-03   4.7123e-03  -2.2007e-01  -3.4023e-08  4.5383e-308  -3.4023e-08   2.5112e+00   2.2136e+00
   9.4245e-03   6.2830e-03  -2.1252e-01  -3.4023e-08  4.5383e-308  -3.4023e-08   2.5081e+00   2.2158e+00
   9.4245e-03   9.4245e-03  -1.8795e-01  -6.1242e-08   3.1415e-02  -2.0766e-01   2.5028e+00   2.0627e+00
   9.4245e-03   1.0995e-02  -2.0584e-01  -6.6686e-08   2.1991e-02  -6.6463e-02   2.4767e+00   2.1313e+00
   9.4245e-03   1.4137e-02  -2.0536e-01  -7.3218e-08   4.2096e-02   1.9731e-01   2.3160e+00   2.1814e+00
   9.4245e-03   1.7278e-02  -1.8777e-01  -8.1057e-08   5.0515e-02   1.7533e-01   2.2912e+00   2.1539e+00
   0.0110   0.0204  -0.1560   0.0157   0.0606   0.0167   2.3111   2.0747
   0.0110   0.0251  -0.1344   0.0031   0.0822   0.1226   2.1949   2.0632
   0.0110   0.0298  -0.1188   0.0038   0.0942   0.1214   2.1481   2.0289
   0.0110   0.0346  -0.1388   0.0045   0.1046  -0.0693   2.2020   1.9053
   0.0094   0.0393  -0.1384  -0.0103   0.1154   0.0713   2.1074   1.9227
   0.0094   0.0456  -0.1469   0.0002   0.1421   0.1981   1.9807   1.8866
   0.0094   0.0503  -0.1536  -0.0004   0.1384   0.2112   1.9762   1.8840
   0.0094   0.0550  -0.1682  -0.0012   0.1472   0.2309   1.9438   1.8500
   0.0094   0.0613  -0.1837  -0.0023   0.1715   0.1162   1.9259   1.7193
   0.0094   0.0675  -0.1948  -0.0007   0.1827   0.2141   1.8482   1.7065
   0.0094   0.0723  -0.1922  -0.0009   0.1751   0.1144   1.8939   1.6719
   0.0094   0.0785  -0.2393  -0.0010   0.1981   0.0405   1.8785   1.5442
   0.0094   0.0848  -0.2429  -0.0010   0.2083   0.0161   1.8495   1.4879
   0.0094   0.0911  -0.2267  -0.0007   0.2157   0.0514   1.7917   1.4717
   0.0094   0.0958  -0.2344  -0.0007   0.2066   0.0090   1.8223   1.4576
   0.0094   0.1021  -0.2353  -0.0007   0.2286  -0.0266   1.7684   1.3693
   0.0094   0.1068  -0.2355  -0.0006   0.2189  -0.0232   1.7770   1.3780
   0.0094   0.1115  -0.2426  -0.0006   0.2211  -0.0551   1.7762   1.3409
   0.0094   0.1178  -0.2399  -0.0005   0.2379   0.0302   1.6822   1.3147
   0.0094   0.1225  -0.2400  -0.0005   0.2284  -0.0399   1.7202   1.2932
   0.0094   0.1272  -0.2353  -0.0004   0.2284  -0.0344   1.7024   1.2815
   0.0094   0.1304  -0.2217  -0.0004   0.2146  -0.0479   1.7250   1.3049
   0.0094   0.1351  -0.2153  -0.0004   0.2290   0.0117   1.6498   1.2810
   0.0079   0.1382  -0.2541  -0.0160   0.2115   0.0265   1.6970   1.2987
   0.0079   0.1414  -0.2540  -0.0035   0.2081   0.0039   1.7060   1.2866
   0.0079   0.1445  -0.2318  -0.0041   0.2040   0.0460   1.6779   1.3125
   0.0079   0.1461  -0.2368  -0.0048   0.1862   0.0023   1.7371   1.3294
   0.0079   0.1492  -0.2326  -0.0057   0.1934   0.0798   1.6777   1.3338
   0.0079   0.1508  -0.2263  -0.0036   0.1741   0.0654   1.7221   1.3714
   0.0079   0.1508  -0.2445  -0.0036   0.1515   0.0821   1.7795   1.4225
   0.0079   0.1524  -0.2383  -0.0035   0.1567   0.1396   1.7370   1.4298
   0.0079   0.1524  -0.2370  -0.0033   0.1351   0.1052   1.8030   1.4678
   0.0079   0.1524  -0.2280  -0.0028   0.1235   0.1106   1.8252   1.5016
   0.0079   0.1524  -0.2172  -0.0026   0.1134   0.0805   1.8574   1.5185
   0.0079   0.1524  -0.2206  -0.0025   0.1058   0.1703   1.8419   1.5704
   0.0079   0.1524  -0.2202  -0.0022   0.0956   0.0684   1.9094   1.5538
   0.0079   0.1524  -0.2197  -0.0020   0.0876   0.1338   1.9026   1.5985
   0.0079   0.1524  -0.2047  -0.0019   0.0805   0.0729   1.9384   1.5982
   0.0063   0.1524  -0.1907  -0.0174   0.0739   0.0818   1.9444   1.6239
   0.0063   0.1508  -0.1787  -0.0047   0.0518   0.1036   1.9876   1.6965
   0.0063   0.1508  -0.1754  -0.0052   0.0588   0.0409   1.9973   1.6561
   0.0063   0.1492  -0.1763  -0.0058   0.0373  -0.0642   2.0983   1.6704
   0.0063   0.1492  -0.1417  -0.0066   0.0443  -0.0576   2.0624   1.6728
   0.0063   0.1492  -0.1271  -0.0045   0.0384  -0.0143   2.0521   1.7114
   0.0047   0.1492  -0.1241  -0.0201   0.0358  -0.0078   2.0555   1.7219
   0.0047   0.1477  -0.1304  -0.0074   0.0155  -0.0369   2.1251   1.7614
   0.0047   0.1477  -0.1354  -0.0077   0.0268  -0.0414   2.1047   1.7301
   0.0047   0.1477  -0.1519  -0.0080   0.0233  -0.0332   2.1199   1.7337
   0.0047   0.1477  -0.1460  -0.0087   0.0203  -0.1094   2.1569   1.7134
   0.0047   0.1492  -0.1467  -0.0064   0.0329  -0.0929   2.1173   1.6840
   0.0047   0.1492  -0.1398  -0.0061   0.0206  -0.0433   2.1233   1.7364
   0.0047   0.1492  -0.1541  -0.0058   0.0194  -0.0997   2.1587   1.7098
   0.0047   0.1508  -0.1521  -0.0054   0.0343  -0.0954   2.1172   1.6711
   0.0047   0.1524  -0.1727  -0.0047   0.0372  -0.0934   2.1170   1.6495
   0.0047   0.1524  -0.1664  -0.0044   0.0223  -0.1248   2.1630   1.6753
   0.0047   0.1539  -0.1649  -0.0041   0.0384  -0.1067   2.1136   1.6391
   0.0047   0.1555  -0.1532  -0.0037   0.0421  -0.0444   2.0689   1.6548
   0.0047   0.1571  -0.1653  -0.0034   0.0437  -0.0998   2.0907   1.6173
   0.0047   0.1602  -0.1640  -0.0031   0.0607  -0.0755   2.0309   1.5755
   0.0031   0.1618  -0.1665  -0.0186   0.0527  -0.1067   2.0599   1.5750
   0.0031   0.1634  -0.1576  -0.0058   0.0556  -0.0826   2.0345   1.5761
   0.0031   0.1665  -0.1541  -0.0062   0.0739   0.0149   1.9400   1.5611
   0.0031   0.1681  -0.1583  -0.0067   0.0643  -0.0570   1.9902   1.5474
   0.0031   0.1712  -0.1802  -0.0074   0.0807  -0.0212   1.9392   1.4999
   0.0016   0.1728  -0.1617  -0.0209   0.0706   0.0098   1.9359   1.5391
   0.0016   0.1759  -0.1510  -0.0083   0.0893  -0.0411   1.8977   1.4674
   0.0016   0.1775  -0.1581  -0.0087   0.0767  -0.0777   1.9416   1.4732
   0.0016   0.1806  -0.1577  -0.0091   0.0949  -0.0311   1.8698   1.4364
   0.0016   0.1822  -0.1383  -0.0094   0.0820   0.0072   1.8690   1.4855
   0.0016   0.1838  -0.1273  -0.0071   0.0843   0.0277   1.8446   1.4870
   0.0016   0.1869  -0.1463  -0.0068   0.0990  -0.0829   1.8557   1.3865
   0.0016   0.1885  -0.1359  -0.0065   0.0877  -0.0458   1.8562   1.4266
   0.0016   0.1901  -0.1080  -0.0060   0.0863  -0.0182   1.8283   1.4480
   0.0016   0.1916  -0.1028  -0.0053   0.0872   0.0421   1.7934   1.4660
        0   0.1948  -0.1068  -0.0206   0.1035  -0.0285   1.7760   1.3847
        0   0.1948  -0.0974  -0.0077   0.0729  -0.0074   1.8336   1.4696
        0   0.1963  -0.0907  -0.0079   0.0857  -0.0393   1.8080   1.4230
        0   0.1979  -0.0970  -0.0083   0.0856  -0.0020   1.7907   1.4284
        0   0.1995  -0.0970  -0.0089   0.0852  -0.0889   1.8219   1.3878
        0   0.1995  -0.0900  -0.0065   0.0659  -0.1186   1.8754   1.4244
        0   0.2011  -0.1060  -0.0063   0.0802  -0.0047   1.7980   1.4210
  -0.0016   0.2011  -0.1122  -0.0217   0.0634  -0.0625   1.8642   1.4337
  -0.0016   0.2011  -0.0923  -0.0087   0.0589  -0.0676   1.8659   1.4506
  -0.0016   0.2026  -0.0891  -0.0087   0.0694  -0.0774   1.8382   1.4164
  -0.0016   0.2026  -0.0812  -0.0091   0.0544  -0.0440   1.8549   1.4682
  -0.0016   0.2026  -0.0783  -0.0096   0.0492  -0.0593   1.8714   1.4746
  -0.0016   0.2026  -0.0746  -0.0072   0.0464  -0.0783   1.8835   1.4743
  -0.0016   0.2026  -0.1083  -0.0069   0.0439   0.0056   1.8723   1.4960
  -0.0016   0.2026  -0.1121  -0.0066   0.0388  -0.0321   1.9016   1.4898
  -0.0016   0.2011  -0.1039  -0.0061   0.0199  -0.0352   1.9477   1.5417
  -0.0016   0.2011  -0.1004  -0.0054   0.0298   0.0652   1.8812   1.5585
  -0.0016   0.2011  -0.0992  -0.0050   0.0265   0.0233   1.9054   1.5489
  -0.0016   0.2011  -0.0821  -0.0046   0.0230  -0.0105   1.9181   1.5508
        0   0.1995  -0.0734   0.0115   0.0041   0.0241   1.9482   1.6182
        0   0.1995  -0.0738  -0.0007   0.0167   0.0281   1.9171   1.5885
        0   0.1995  -0.0715   0.0003   0.0141  -0.0377   1.9489   1.5684
        0   0.1995  -0.0678   0.0013   0.0116   0.0206   1.9283   1.5983
        0   0.1979  -0.0563   0.0025  -0.0064   0.0350   1.9633   1.6571
        0   0.1979  -0.0609   0.0007   0.0072  -0.0152   1.9543   1.6013
        0   0.1979  -0.0742   0.0009   0.0053   0.0067   1.9564   1.6070
        0   0.1979  -0.0887   0.0011   0.0035   0.0277   1.9594   1.6113
        0   0.1979  -0.0807   0.0010   0.0019   0.0026   1.9691   1.6078
        0   0.1979  -0.0824   0.0007   0.0036  -0.0487   1.9870   1.5814
        0   0.1979  -0.0809   0.0008   0.0029   0.0015   1.9669   1.6027
        0   0.1979  -0.0737   0.0007   0.0024   0.0103   1.9604   1.6097
        0   0.1979  -0.0734   0.0007   0.0021   0.0165   1.9579   1.6118
        0   0.1979  -0.0644   0.0006   0.0022  -0.0132   1.9649   1.6031
        0   0.1979  -0.0542   0.0005   0.0019  -0.0316   1.9674   1.6003
        0   0.1979  -0.0610   0.0005   0.0017   0.0005   1.9578   1.6093
        0   0.1995  -0.0569   0.0005   0.0173  -0.0060   1.9163   1.5649
        0   0.1995  -0.0538   0.0004   0.0046  -0.0112   1.9459   1.5936
        0   0.1995  -0.0365   0.0004   0.0051   0.0649   1.9037   1.6302
        0   0.2011  -0.0317   0.0003   0.0215   0.0526   1.8622   1.5820
        0   0.2011  -0.0440   0.0003   0.0097   0.0249   1.9071   1.5921
        0   0.2011  -0.0515   0.0003   0.0082   0.0396   1.9080   1.5969
        0   0.2026  -0.0460   0.0003   0.0246   0.0434   1.8593   1.5552
        0   0.2026  -0.0447   0.0002   0.0128   0.0058   1.9011   1.5679
        0   0.2042  -0.0443   0.0002   0.0268   0.0058   1.8623   1.5281
        0   0.2042  -0.0430   0.0002   0.0145   0.0121   1.8872   1.5595
        0   0.2058  -0.0519   0.0002   0.0314  -0.0986   1.8920   1.4637
        0   0.2058  -0.0281   0.0002   0.0171  -0.0635   1.8976   1.5225
        0   0.2058  -0.0276   0.0002   0.0179   0.0321   1.8551   1.5577
        0   0.2073  -0.0375   0.0001   0.0319  -0.0351   1.8495   1.4860
        0   0.2073  -0.0624   0.0001   0.0197  -0.0401   1.8926   1.4999
        0   0.2073  -0.0521   0.0001   0.0173   0.0006   1.8752   1.5255
        0   0.2089  -0.0551   0.0001   0.0331   0.0125   1.8291   1.4842
        0   0.2089  -0.0462   0.0001   0.0204  -0.0148   1.8645   1.5067
            0   2.0891e-01  -4.8646e-02   9.3783e-05   1.8092e-02  -2.7691e-02   1.8757e+00   1.5046e+00
            0   2.0891e-01  -4.5602e-02   8.5924e-05   1.7776e-02  -4.5351e-02   1.8814e+00   1.4985e+00
            0   2.0891e-01  -5.4234e-02   7.8722e-05   1.7867e-02   4.0166e-02   1.8497e+00   1.5268e+00
            0   2.0891e-01  -5.5143e-02   7.2124e-05   1.4825e-02   8.6367e-03   1.8696e+00   1.5197e+00
            0   2.0891e-01  -3.4525e-02   6.6077e-05   1.3712e-02   3.0467e-02   1.8515e+00   1.5399e+00
            0   2.0891e-01  -3.2572e-02   6.0535e-05   1.2836e-02   5.8425e-02   1.8401e+00   1.5528e+00
            0   2.0891e-01  -3.8905e-02   5.5458e-05   1.1848e-02  -2.1881e-03   1.8700e+00   1.5267e+00
            0   2.0891e-01  -3.6661e-02   5.0805e-05   1.0644e-02   3.9014e-02   1.8538e+00   1.5458e+00
            0   2.0891e-01  -2.7960e-02   4.6541e-05   9.8081e-03  -7.0900e-03   1.8693e+00   1.5324e+00
            0   2.0891e-01  -1.7836e-02   4.2634e-05   9.0274e-03   6.2797e-02   1.8360e+00   1.5660e+00
            0   2.0891e-01  -3.2673e-02   3.9053e-05   8.2656e-03   2.3730e-02   1.8609e+00   1.5438e+00
            0   2.0891e-01  -4.1387e-02   3.5772e-05   7.5491e-03  -7.7056e-04   1.8766e+00   1.5302e+00
            0   2.0891e-01  -2.7265e-02   3.2766e-05   6.9300e-03   5.3984e-02   1.8471e+00   1.5592e+00
            0   2.0734e-01  -3.0555e-02   3.0011e-05  -9.3531e-03   4.5701e-02   1.8948e+00   1.5975e+00
            0   2.0734e-01  -3.4879e-02   2.7487e-05   2.6783e-03  -7.6864e-03   1.8902e+00   1.5442e+00
            0   2.0734e-01  -3.5999e-02   2.5173e-05   1.5609e-03   2.6180e-03   1.8884e+00   1.5492e+00
            0   2.0734e-01  -2.6874e-02   2.3053e-05   3.6323e-04  -2.2684e-02   1.8960e+00   1.5452e+00
            0   2.0734e-01  -2.2050e-02   2.1111e-05  -9.5013e-04   4.8524e-04   1.8861e+00   1.5588e+00
            0   2.0734e-01  -2.2491e-02   1.9331e-05   7.3046e-04   1.5630e-02   1.8753e+00   1.5595e+00
            0   2.0734e-01  -2.4667e-02   1.7700e-05   3.4089e-04   4.1660e-03   1.8813e+00   1.5537e+00
            0   2.0577e-01  -2.5347e-02   1.6205e-05  -1.5611e-02   2.5336e-02   1.9147e+00   1.6044e+00
            0   2.0577e-01  -2.4124e-02   1.4835e-05  -3.0979e-03   8.4472e-02   1.8596e+00   1.5975e+00
            0   2.0577e-01  -3.0898e-02   1.3580e-05  -3.5274e-03   1.0761e-02   1.8939e+00   1.5647e+00
   0.0016   0.2058  -0.0252   0.0157  -0.0044   0.0008   1.8962   1.5644
   0.0016   0.2058  -0.0296   0.0032  -0.0053   0.0490   1.8801   1.5827
   0.0016   0.2058  -0.0264   0.0038  -0.0033  -0.0064   1.8956   1.5561
   0.0016   0.2058  -0.0121   0.0045  -0.0033   0.0096   1.8807   1.5685
   0.0016   0.2058  -0.0195   0.0054  -0.0033   0.0224   1.8784   1.5688
   0.0016   0.2058  -0.0342   0.0034  -0.0030   0.0245   1.8840   1.5609
   0.0016   0.2058  -0.0196   0.0034  -0.0026   0.0282   1.8729   1.5672
   0.0016   0.2058  -0.0158   0.0034  -0.0024   0.0871   1.8454   1.5912
   0.0016   0.2058  -0.0320   0.0031  -0.0023  -0.0066   1.8915   1.5444
   0.0016   0.2058  -0.0343   0.0027  -0.0021   0.0613   1.8635   1.5688
   0.0016   0.2058  -0.0325   0.0025  -0.0019   0.0235   1.8770   1.5530
   0.0016   0.2058  -0.0279   0.0023  -0.0017  -0.0026   1.8843   1.5433
   0.0016   0.2058  -0.0235   0.0021  -0.0016   0.0516   1.8585   1.5656
   0.0016   0.2058  -0.0277   0.0019  -0.0014   0.0554   1.8580   1.5637
   0.0016   0.2058  -0.0434   0.0018  -0.0013   0.0201   1.8799   1.5406
   0.0016   0.2073  -0.0338   0.0016   0.0145   0.0507   1.8192   1.5129
   0.0016   0.2073  -0.0312   0.0015   0.0020   0.0969   1.8271   1.5612
   0.0016   0.2073  -0.0500   0.0014   0.0028  -0.0034   1.8760   1.5091
   0.0016   0.2073  -0.0619   0.0013   0.0036   0.0507   1.8574   1.5216
   0.0016   0.2073  -0.0568   0.0011   0.0046   0.0180   1.8652   1.5073
   0.0016   0.2073  -0.0449   0.0011   0.0026   0.0502   1.8496   1.5295
   0.0016   0.2073  -0.0595   0.0010   0.0027   0.0289   1.8652   1.5123
   0.0016   0.2073  -0.0682   0.0009   0.0027   0.0422   1.8638   1.5120
   0.0016   0.2073  -0.0455   0.0008   0.0025   0.0328   1.8553   1.5184
   0.0016   0.2073  -0.0408   0.0007   0.0021   0.1329   1.8118   1.5604
   0.0016   0.2073  -0.0530   0.0007   0.0020   0.0107   1.8682   1.5047
   0.0016   0.2073  -0.0733   0.0006   0.0019   0.0584   1.8590   1.5128
   0.0016   0.2073  -0.0677   0.0006   0.0017   0.0300   1.8676   1.5032
   0.0016   0.2058  -0.0590   0.0005  -0.0142   0.0747   1.8863   1.5674
   0.0016   0.2058  -0.0598   0.0005  -0.0017   0.0493   1.8676   1.5258
   0.0016   0.2058  -0.0723   0.0004  -0.0025   0.0580   1.8719   1.5236
   0.0016   0.2058  -0.0598   0.0004  -0.0033   0.0401   1.8740   1.5233
   0.0016   0.2058  -0.0542   0.0004  -0.0043   0.1527   1.8264   1.5721
   0.0016   0.2058  -0.0629   0.0003  -0.0024   0.0342   1.8747   1.5146
   0.0016   0.2058  -0.0733   0.0003  -0.0025   0.0369   1.8788   1.5096
   0.0016   0.2042  -0.0623   0.0003  -0.0182   0.0585   1.9056   1.5654
   0.0016   0.2042  -0.0588   0.0003  -0.0055   0.0509   1.8766   1.5323
   0.0016   0.2042  -0.0607   0.0002  -0.0057   0.0365   1.8836   1.5250
   0.0016   0.2042  -0.0716   0.0002  -0.0064   0.0290   1.8935   1.5170
   0.0016   0.2042  -0.0644   0.0002  -0.0072   0.0113   1.8983   1.5140
   0.0016   0.2042  -0.0610   0.0002  -0.0050   0.0870   1.8596   1.5393
   0.0016   0.2042  -0.0752   0.0002  -0.0048   0.0808   1.8690   1.5284
   0.0016   0.2042  -0.0857   0.0002  -0.0047   0.0490   1.8869   1.5087
   0.0016   0.2042  -0.0749   0.0001  -0.0043   0.0266   1.8891   1.5029
   0.0016   0.2026  -0.0675   0.0001  -0.0195   0.0905   1.8991   1.5725
   0.0016   0.2026  -0.0695   0.0001  -0.0067  -0.0284   1.9188   1.4922
   0.0016   0.2026  -0.0548   0.0001  -0.0070   0.0243   1.8897   1.5200
   1.5708e-03   2.0263e-01  -3.6696e-02   9.9264e-05  -7.4945e-03   7.2260e-02   1.8608e+00   1.5480e+00
   1.5708e-03   2.0263e-01  -3.7870e-02   9.0947e-05  -8.1285e-03   4.3259e-02   1.8742e+00   1.5363e+00
   1.5708e-03   2.0263e-01  -6.1973e-02   8.3325e-05  -5.8613e-03   4.4544e-03   1.8972e+00   1.5025e+00
   1.5708e-03   2.0263e-01  -7.5505e-02   7.6341e-05  -5.7016e-03   5.1831e-02   1.8841e+00   1.5132e+00
   1.5708e-03   2.0263e-01  -6.7330e-02   6.9941e-05  -5.4372e-03   2.3600e-02   1.8903e+00   1.5040e+00
   1.5708e-03   2.0263e-01  -5.8835e-02   6.4077e-05  -5.0257e-03   3.8719e-02   1.8781e+00   1.5120e+00
   1.5708e-03   2.0263e-01  -5.9975e-02   5.8703e-05  -4.4052e-03   1.8707e-02   1.8850e+00   1.5008e+00
   1.5708e-03   2.0263e-01  -5.8395e-02   5.3779e-05  -4.1139e-03   1.6176e-03   1.8901e+00   1.4928e+00
   1.5708e-03   2.0263e-01  -4.6274e-02   4.9266e-05  -3.7964e-03  -4.6778e-02   1.9023e+00   1.4775e+00
   1.5708e-03   2.0263e-01  -3.9020e-02   4.5131e-05  -3.4682e-03   6.1075e-02   1.8526e+00   1.5222e+00
   1.5708e-03   2.0263e-01  -4.8534e-02   4.1342e-05  -3.1567e-03   1.6023e-02   1.8750e+00   1.4978e+00
   1.5708e-03   2.0263e-01  -5.7562e-02   3.7869e-05  -2.9071e-03  -5.2329e-03   1.8874e+00   1.4831e+00
   1.5708e-03   2.0263e-01  -4.5436e-02   3.4688e-05  -2.6657e-03   6.5759e-02   1.8506e+00   1.5156e+00
   1.5708e-03   2.0263e-01  -4.6072e-02   3.1772e-05  -2.4395e-03   8.7680e-02   1.8408e+00   1.5224e+00
   1.5708e-03   2.0263e-01  -4.7908e-02   2.9100e-05  -2.2338e-03  -1.6188e-03   1.8775e+00   1.4843e+00
   1.5708e-03   2.0263e-01  -3.9028e-02   2.6652e-05  -2.0492e-03   2.3761e-02   1.8613e+00   1.4972e+00
   1.5708e-03   2.0263e-01  -3.6858e-02   2.4408e-05  -1.8777e-03   4.0029e-02   1.8524e+00   1.5033e+00
   1.5708e-03   2.0263e-01  -5.0454e-02   2.2352e-05  -1.7200e-03   1.1098e-02   1.8707e+00   1.4836e+00
        0   0.2026  -0.0455  -0.0157  -0.0016   0.0497   1.8512   1.5000
        0   0.2026  -0.0400  -0.0031  -0.0014  -0.0158   1.8744   1.4751
        0   0.2026  -0.0356  -0.0038  -0.0013   0.0978   1.8243   1.5212
        0   0.2026  -0.0489  -0.0045  -0.0012   0.0446   1.8524   1.4922
        0   0.2026  -0.0677  -0.0054  -0.0011   0.0054   1.8779   1.4659
        0   0.2026  -0.0543  -0.0034  -0.0010   0.0459   1.8534   1.4872
        0   0.2026  -0.0574  -0.0034  -0.0009   0.0527   1.8515   1.4870
        0   0.2026  -0.0511  -0.0033  -0.0009   0.0161   1.8626   1.4741
        0   0.2026  -0.0505  -0.0031  -0.0008   0.0343   1.8540   1.4804
        0   0.2026  -0.0548  -0.0026  -0.0007   0.0315   1.8568   1.4759
        0   0.2026  -0.0808  -0.0025  -0.0007   0.0327   1.8695   1.4623
        0   0.2026  -0.0805  -0.0023  -0.0006   0.0243   1.8723   1.4576
        0   0.2026  -0.0740  -0.0021  -0.0006  -0.0396   1.8948   1.4339
        0   0.2026  -0.0647  -0.0019  -0.0005   0.0789   1.8403   1.4843
        0   0.2026  -0.0697  -0.0018  -0.0005  -0.0011   1.8755   1.4487
        0   0.2026  -0.0617  -0.0016  -0.0004  -0.0913   1.9079   1.4153
        0   0.2026  -0.0461  -0.0015  -0.0004  -0.0014   1.8619   1.4574
        0   0.2011  -0.0673  -0.0014  -0.0161   0.0117   1.9092   1.4942
        0   0.2011  -0.0724  -0.0012  -0.0035  -0.0021   1.8878   1.4549
        0   0.2011  -0.0672  -0.0011  -0.0041   0.0103   1.8809   1.4626
        0   0.2011  -0.0620  -0.0010  -0.0048   0.0372   1.8684   1.4764
        0   0.2011  -0.0581  -0.0010  -0.0057  -0.0120   1.8882   1.4597
        0   0.1995  -0.0421  -0.0009  -0.0193  -0.0053   1.9136   1.5072
        0   0.1995  -0.0341  -0.0008  -0.0068   0.0062   1.8748   1.4847
        0   0.1995  -0.1027  -0.0007  -0.0073   0.0065   1.9121   1.4515
        0   0.1995  -0.1003  -0.0007  -0.0078   0.0237   1.9048   1.4594
  -0.0016   0.1995  -0.0970  -0.0163  -0.0082  -0.0445   1.9320   1.4335
  -0.0016   0.1995  -0.0996  -0.0037  -0.0060  -0.0005   1.9098   1.4432
  -0.0016   0.1979  -0.1014  -0.0043  -0.0216   0.0123   1.9470   1.4889
  -0.0016   0.1979  -0.0960  -0.0050  -0.0087  -0.0096   1.9230   1.4507
  -0.0016   0.1979  -0.0907  -0.0059  -0.0089  -0.0313   1.9295   1.4438
  -0.0016   0.1979  -0.1250  -0.0038  -0.0091  -0.0309   1.9478   1.4263
  -0.0016   0.1963  -0.1218  -0.0038  -0.0254   0.0207   1.9683   1.4916
  -0.0031   0.1963  -0.1171  -0.0194  -0.0104  -0.0185   1.9471   1.4411
  -0.0031   0.1963  -0.1004  -0.0066  -0.0108  -0.0201   1.9396   1.4482
  -0.0031   0.1963  -0.0949  -0.0067  -0.0111  -0.0465   1.9483   1.4400
  -0.0031   0.1963  -0.0774  -0.0073  -0.0115  -0.0737   1.9510   1.4375
  -0.0031   0.1963  -0.0572  -0.0080  -0.0088  -0.0163   1.9099   1.4625
  -0.0047   0.1963  -0.0756  -0.0214  -0.0084  -0.0251   1.9223   1.4482
  -0.0047   0.1948  -0.0768  -0.0087  -0.0237   0.0011   1.9529   1.4990
  -0.0063   0.1948  -0.0720  -0.0248  -0.0105  -0.0259   1.9305   1.4579
  -0.0063   0.1948  -0.0676  -0.0126  -0.0103  -0.0021   1.9176   1.4681
  -0.0063   0.1948  -0.0938  -0.0135  -0.0106   0.0008   1.9309   1.4561
  -0.0079   0.1948  -0.0988  -0.0276  -0.0110  -0.0040   1.9365   1.4516
  -0.0079   0.1948  -0.0955  -0.0157  -0.0085  -0.0655   1.9542   1.4214
  -0.0094   0.1948  -0.1090  -0.0296  -0.0081  -0.0255   1.9439   1.4287
  -0.0094   0.1948  -0.0937  -0.0173  -0.0076   0.0106   1.9198   1.4483
  -0.0110   0.1948  -0.0774  -0.0337  -0.0070  -0.0413   1.9310   1.4330
  -0.0110   0.1948  -0.0645  -0.0193  -0.0062  -0.0190   1.9129   1.4453
  -0.0126   0.1948  -0.0584  -0.0357  -0.0058  -0.0473   1.9201   1.4349
  -0.0141   0.1948  -0.0419  -0.0369  -0.0053   0.0075   1.8873   1.4629
  -0.0141   0.1932  -0.0323  -0.0251  -0.0206   0.0444   1.9076   1.5234
  -0.0157   0.1932  -0.0457  -0.0391  -0.0076  -0.0164   1.9091   1.4607
  -0.0173   0.1932  -0.0530  -0.0431  -0.0079   0.0330   1.8930   1.4767
  -0.0188   0.1932  -0.0500  -0.0445  -0.0083   0.0231   1.8962   1.4743
  -0.0188   0.1932  -0.0581  -0.0304  -0.0089  -0.0085   1.9146   1.4584
  -0.0204   0.1932  -0.0517  -0.0471  -0.0065   0.0100   1.8979   1.4623
  -0.0220   0.1932  -0.0443  -0.0487  -0.0063  -0.0239   1.9072   1.4510
  -0.0236   0.1932  -0.0269  -0.0499  -0.0060  -0.0070   1.8899   1.4648
  -0.0251   0.1932  -0.0278  -0.0509  -0.0055  -0.0205   1.8944   1.4571
  -0.0267   0.1932  -0.0283  -0.0550  -0.0049   0.0266   1.8733   1.4734
  -0.0283   0.1932  -0.0320  -0.0566  -0.0045  -0.0179   1.8925   1.4522
  -0.0298   0.1932  -0.0835  -0.0582  -0.0042  -0.0092   1.9153   1.4289
  -0.0314   0.1932  -0.0835  -0.0599  -0.0038  -0.0097   1.9146   1.4268
  -0.0346   0.1932  -0.0802  -0.0774  -0.0035  -0.0790   1.9406   1.3989
  -0.0346   0.1932  -0.0732  -0.0504  -0.0032  -0.0029   1.9046   1.4310
  -0.0377   0.1916  -0.0649  -0.0806  -0.0186   0.0277   1.9289   1.4888
  -0.0393   0.1916  -0.0492  -0.0693  -0.0058  -0.0553   1.9247   1.4318
  -0.0408   0.1916  -0.0401  -0.0712  -0.0062   0.0087   1.8941   1.4619
  -0.0424   0.1916  -0.0381  -0.0700  -0.0068   0.0445   1.8792   1.4778
  -0.0440   0.1916  -0.0377  -0.0739  -0.0075   0.0519   1.8774   1.4819
  -0.0456   0.1901  -0.0400  -0.0726  -0.0210  -0.0269   1.9476   1.4864
  -0.0471   0.1901  -0.0511  -0.0733  -0.0083   0.0288   1.9008   1.4721
  -0.0503   0.1901  -0.0524  -0.0894  -0.0087   0.0448   1.8956   1.4781
  -0.0518   0.1901  -0.0382  -0.0776  -0.0091   0.0343   1.8931   1.4810
  -0.0534   0.1901  -0.0340  -0.0783  -0.0094   0.0122   1.9005   1.4743
  -0.0550   0.1901  -0.0581  -0.0794  -0.0071  -0.0314   1.9257   1.4389
  -0.0581   0.1901  -0.0599  -0.0963  -0.0069   0.0103   1.9088   1.4533
  -0.0597   0.1885  -0.0548  -0.0820  -0.0222  -0.0180   1.9588   1.4860
  -0.0613   0.1885  -0.0381  -0.0829  -0.0091  -0.0123   1.9168   1.4643
  -0.0628   0.1885  -0.0346  -0.0838  -0.0091  -0.0475   1.9292   1.4512
  -0.0660   0.1885  -0.0323  -0.1004  -0.0094   0.0312   1.8962   1.4841
  -0.0675   0.1885  -0.0254  -0.0856  -0.0100   0.0599   1.8816   1.4995
  -0.0691   0.1869  -0.0362  -0.0863  -0.0232  -0.0245   1.9583   1.4973
  -0.0723   0.1869  -0.0485  -0.1026  -0.0103   0.0287   1.9126   1.4810
  -0.0738   0.1869  -0.0388  -0.0907  -0.0106   0.0416   1.9027   1.4909
  -0.0754   0.1869  -0.0334  -0.0887  -0.0108   0.0683   1.8892   1.5041
  -0.0770   0.1869  -0.0381  -0.0894  -0.0110  -0.0269   1.9311   1.4637
  -0.0801   0.1869  -0.0513  -0.1057  -0.0086   0.0050   1.9192   1.4635
  -0.0817   0.1869  -0.0435  -0.0906  -0.0082   0.0269   1.9051   1.4745
  -0.0832   0.1869  -0.0596  -0.0906  -0.0077  -0.0124   1.9287   1.4492
  -0.0864   0.1869  -0.0493  -0.1067  -0.0071  -0.0122   1.9216   1.4521
  -0.0880   0.1853  -0.0368  -0.0944  -0.0220   0.0262   1.9392   1.5142
  -0.0895   0.1853  -0.0283  -0.0922  -0.0090   0.0590   1.8906   1.4997
  -0.0927   0.1853  -0.0366  -0.1082  -0.0092   0.0140   1.9138   1.4776
  -0.0942   0.1853  -0.0335  -0.0960  -0.0095   0.0342   1.9044   1.4873
  -0.0974   0.1853  -0.0286  -0.1096  -0.0099   0.0532   1.8949   1.4979
  -0.0990   0.1853  -0.0564  -0.0969  -0.0075  -0.0123   1.9310   1.4519
  -0.1005   0.1853  -0.0641  -0.0978  -0.0072   0.0161   1.9227   1.4581
  -0.1037   0.1853  -0.0551  -0.1115  -0.0068  -0.0051   1.9258   1.4524
  -0.1052   0.1853  -0.0431  -0.0989  -0.0063   0.0210   1.9074   1.4668
  -0.1068   0.1853  -0.0398  -0.0967  -0.0056  -0.0306   1.9251   1.4455
  -0.1100   0.1853  -0.0377  -0.1124  -0.0052   0.0485   1.8903   1.4766
  -0.1115   0.1853  -0.0342  -0.0996  -0.0048   0.0581   1.8835   1.4806
  -0.1131   0.1853  -0.0474  -0.0972  -0.0044  -0.0102   1.9177   1.4454
  -0.1162   0.1853  -0.0575  -0.1126  -0.0040   0.0386   1.9019   1.4585
  -0.1178   0.1853  -0.0514  -0.1001  -0.0037   0.0209   1.9052   1.4530
  -0.1209   0.1853  -0.0515  -0.1133  -0.0034   0.0095   1.9093   1.4470
  -0.1225   0.1853  -0.0451  -0.1003  -0.0031  -0.0187   1.9168   1.4376
  -0.1241   0.1853  -0.0303  -0.1010  -0.0028  -0.0068   1.9033   1.4484
  -0.1272   0.1853  -0.0248  -0.1144  -0.0026   0.0075   1.8938   1.4557
  -0.1288   0.1853  -0.0391  -0.1015  -0.0024  -0.0248   1.9141   1.4348
  -0.1319   0.1853  -0.0403  -0.1149  -0.0022   0.0139   1.8982   1.4487
  -0.1335   0.1853  -0.0361  -0.1020  -0.0020   0.0119   1.8963   1.4489
  -0.1351   0.1853  -0.0643  -0.1023  -0.0018   0.0091   1.9120   1.4331
  -0.1367   0.1853  -0.0681  -0.0998  -0.0017   0.0182   1.9100   1.4338
  -0.1398   0.1853  -0.0545  -0.1152  -0.0015   0.0268   1.8989   1.4428
  -0.1414   0.1853  -0.0486  -0.0996  -0.0014   0.0360   1.8916   1.4485
  -0.1429   0.1853  -0.0474  -0.0991  -0.0013  -0.0376   1.9210   1.4188
  -0.1429   0.1853  -0.0408  -0.0827  -0.0012  -0.0019   1.9025   1.4354
  -0.1445   0.1853  -0.0347  -0.0950  -0.0011   0.0203   1.8897   1.4465
  -0.1445   0.1853  -0.0417  -0.0753  -0.0010  -0.0325   1.9149   1.4212
  -0.1445   0.1853  -0.0306  -0.0704  -0.0009  -0.0597   1.9199   1.4151
  -0.1429   0.1838  -0.0205  -0.0490  -0.0165  -0.0017   1.9323   1.4856
  -0.1429   0.1838  -0.0112  -0.0579  -0.0039   0.0307   1.8843   1.4724
  -0.1414   0.1838  -0.0172  -0.0348  -0.0045  -0.0084   1.9048   1.4549
  -0.1414   0.1838   0.0073  -0.0424  -0.0052   0.0235   1.8799   1.4809
  -0.1398   0.1838   0.0124  -0.0211  -0.0060   0.0878   1.8523   1.5109
  -0.1398   0.1838  -0.0052  -0.0313  -0.0039   0.0063   1.8902   1.4644
  -0.1382   0.1838  -0.0401  -0.0102  -0.0039   0.0227   1.9018   1.4536
  -0.1367   0.1822  -0.0302  -0.0053  -0.0195   0.0437   1.9296   1.5091
  -0.1367   0.1822  -0.0381  -0.0136  -0.0067   0.0031   1.9206   1.4579
  -0.1351   0.1822  -0.0317   0.0036  -0.0068  -0.0432   1.9365   1.4425
  -0.1351   0.1822  -0.0182  -0.0051  -0.0074   0.0341   1.8987   1.4809
  -0.1335   0.1822  -0.0098   0.0116  -0.0081   0.0709   1.8805   1.5010
  -0.1335   0.1806  -0.0221  -0.0007  -0.0215  -0.0166   1.9597   1.4974
  -0.1335   0.1806  -0.0257   0.0019  -0.0087   0.0129   1.9197   1.4766
  -0.1319   0.1806  -0.0201   0.0173  -0.0091   0.0675   1.8950   1.5017
  -0.1319   0.1806  -0.0343   0.0060  -0.0095   0.0142   1.9254   1.4741
  -0.1319   0.1806  -0.0375   0.0049  -0.0098   0.0072   1.9306   1.4700
  -0.1319   0.1806  -0.0285   0.0060  -0.0074  -0.0007   1.9237   1.4652
  -0.1304   0.1791  -0.0176   0.0225  -0.0229   0.0436   1.9409   1.5304
  -0.1304   0.1791  -0.0291   0.0079  -0.0099  -0.0555   1.9577   1.4540
  -0.1304   0.1791  -0.0222   0.0083  -0.0100  -0.0280   1.9429   1.4682
  -0.1304   0.1791  -0.0095   0.0089  -0.0100  -0.0631   1.9507   1.4603
  -0.1304   0.1791  -0.0017   0.0095  -0.0106   0.0459   1.9026   1.5087
  -0.1304   0.1775  -0.0093   0.0069  -0.0238  -0.0023   1.9627   1.5228
  -0.1304   0.1775  -0.0126   0.0067  -0.0109  -0.0163   1.9400   1.4845
  -0.1304   0.1775  -0.0083   0.0064  -0.0111   0.0159   1.9249   1.4997
  -0.1304   0.1775  -0.0386   0.0059  -0.0113   0.0897   1.9111   1.5146
  -0.1304   0.1775  -0.0349   0.0052  -0.0114   0.0408   1.9298   1.4969
  -0.1319   0.1775  -0.0274  -0.0108  -0.0089  -0.0401   1.9534   1.4621
  -0.1319   0.1775  -0.0195   0.0013  -0.0085  -0.0109   1.9363   1.4765
  -0.1319   0.1775  -0.0255   0.0003  -0.0080   0.0221   1.9247   1.4853
  -0.1335   0.1775  -0.0156  -0.0165  -0.0074   0.0259   1.9164   1.4899
  -0.1335   0.1775  -0.0056  -0.0051  -0.0066  -0.0149   1.9261   1.4764
  -0.1335   0.1775   0.0030  -0.0040  -0.0061   0.0127   1.9089   1.4904
  -0.1351   0.1775  -0.0146  -0.0208  -0.0056  -0.0269   1.9334   1.4647
  -0.1351   0.1775  -0.0073  -0.0093  -0.0051   0.0360   1.9024   1.4920
  -0.1367   0.1775  -0.0038  -0.0235  -0.0047   0.0032   1.9130   1.4795
  -0.1367   0.1775  -0.0134  -0.0115  -0.0043   0.0131   1.9131   1.4777
  -0.1367   0.1775  -0.0167  -0.0130  -0.0039   0.0163   1.9127   1.4763
  -0.1382   0.1775  -0.0108  -0.0272  -0.0036   0.0056   1.9132   1.4739
  -0.1382   0.1775   0.0019  -0.0151  -0.0033   0.0008   1.9076   1.4774
  -0.1382   0.1775   0.0015  -0.0134  -0.0030  -0.0169   1.9144   1.4694
  -0.1382   0.1775   0.0043  -0.0137  -0.0028   0.0024   1.9043   1.4778
  -0.1382   0.1775   0.0045  -0.0139  -0.0025  -0.0321   1.9177   1.4635
  -0.1382   0.1775   0.0243  -0.0112  -0.0023   0.0248   1.8830   1.4953
  -0.1382   0.1775   0.0242  -0.0104  -0.0021   0.0367   1.8775   1.4996
  -0.1382   0.1775   0.0253  -0.0098  -0.0020  -0.0231   1.9010   1.4759
  -0.1382   0.1775   0.0314  -0.0091  -0.0018   0.0145   1.8815   1.4936
  -0.1367   0.1775   0.0154   0.0076  -0.0016   0.0470   1.8761   1.4984
  -0.1367   0.1775   0.0075  -0.0043  -0.0015  -0.0044   1.9010   1.4737
  -0.1367   0.1775   0.0091  -0.0031  -0.0014  -0.0466   1.9172   1.4573
  -0.1367   0.1775   0.0111  -0.0018  -0.0013   0.0671   1.8688   1.5033
  -0.1351   0.1775   0.0090   0.0154  -0.0012   0.0001   1.8971   1.4753
  -0.1351   0.1775   0.0142   0.0012  -0.0011  -0.0995   1.9351   1.4378
  -0.1351   0.1775   0.0333   0.0023  -0.0010   0.0087   1.8798   1.4901
  -0.1351   0.1775   0.0220   0.0034  -0.0009   0.0358   1.8742   1.4953
  -0.1351   0.1775   0.0151   0.0045  -0.0008   0.0028   1.8911   1.4786
  -0.1351   0.1775   0.0222   0.0023  -0.0008  -0.0475   1.9078   1.4618
  -0.1351   0.1775   0.0269   0.0025  -0.0007   0.0989   1.8445   1.5224
  -0.1351   0.1775   0.0153   0.0025  -0.0006   0.0808   1.8578   1.5095
  -0.1351   0.1775  -0.0046   0.0024  -0.0006   0.0337   1.8875   1.4808
  -0.1351   0.1775   0.0036   0.0019  -0.0005   0.0226   1.8876   1.4802
  -0.1351   0.1759   0.0118   0.0019  -0.0162   0.0811   1.9009   1.5504
  -0.1351   0.1759   0.0084   0.0017  -0.0036  -0.0390   1.9227   1.4707
  -0.1351   0.1759   0.0186   0.0016  -0.0042   0.0174   1.8953   1.4996
  -0.1351   0.1759   0.0254   0.0014  -0.0049   0.0616   1.8749   1.5224
  -0.1351   0.1759   0.0178   0.0013  -0.0058   0.0261   1.8955   1.5067
  -0.1351   0.1759   0.0111   0.0012  -0.0037   0.0186   1.8972   1.4954
  -0.1351   0.1759   0.0129   0.0011  -0.0037   0.0227   1.8944   1.4981
  -0.1351   0.1744   0.0124   0.0010  -0.0193   0.0059   1.9433   1.5341
  -0.1351   0.1744   0.0018   0.0009  -0.0065  -0.0070   1.9243   1.4930
  -0.1351   0.1744   0.0075   0.0009  -0.0066   0.0316   1.9057   1.5116
  -0.1367   0.1744   0.0112  -0.0149  -0.0072  -0.0210   1.9268   1.4939
  -0.1367   0.1744   0.0258  -0.0024  -0.0079   0.0178   1.9045   1.5183
  -0.1367   0.1744   0.0143  -0.0031  -0.0057   0.0138   1.9068   1.5058
  -0.1367   0.1744   0.0050  -0.0039  -0.0055   0.0438   1.8990   1.5129
  -0.1367   0.1744   0.0079  -0.0049  -0.0053  -0.0251   1.9254   1.4862
  -0.1367   0.1744   0.0161  -0.0029  -0.0049   0.0385   1.8937   1.5148
  -1.3666e-01   1.7435e-01   3.5983e-05  -2.9557e-03  -4.2587e-03   4.4547e-02   1.8983e+00   1.5079e+00
  -0.1367   0.1728  -0.0041  -0.0029  -0.0197   0.0302   1.9479   1.5426
  -0.1367   0.1728  -0.0029  -0.0027  -0.0068  -0.0180   1.9371   1.4932
  -0.1351   0.1728   0.0115   0.0134  -0.0071   0.0610   1.8976   1.5325
  -0.1351   0.1728   0.0111   0.0010  -0.0076   0.0432   1.9062   1.5265
  -0.1351   0.1728   0.0105   0.0017  -0.0082  -0.0241   1.9358   1.5010
  -0.1351   0.1728   0.0142   0.0027  -0.0060  -0.0300   1.9309   1.4951
  -0.1351   0.1728   0.0201   0.0038  -0.0058   0.0600   1.8902   1.5336
  -0.1351   0.1728   0.0169   0.0018  -0.0055   0.0302   1.9036   1.5196
  -0.1351   0.1728   0.0038   0.0020  -0.0051  -0.0216   1.9309   1.4918
  -0.1351   0.1728   0.0102   0.0021  -0.0045  -0.0193   1.9251   1.4944
  -0.1351   0.1728   0.0003   0.0019  -0.0042   0.0721   1.8920   1.5254
  -0.1351   0.1728   0.0010   0.0016  -0.0038   0.0339   1.9067   1.5098
  -0.1351   0.1728   0.0009   0.0015  -0.0035  -0.0388   1.9360   1.4800
  -0.1351   0.1728   0.0047   0.0014  -0.0032  -0.0216   1.9262   1.4880
  -0.1351   0.1728   0.0061   0.0013  -0.0029   0.0503   1.8951   1.5169
  -0.1351   0.1728   0.0087   0.0012  -0.0027   0.0076   1.9108   1.5006
  -0.1351   0.1728   0.0085   0.0011  -0.0025  -0.0685   1.9418   1.4697
  -0.1351   0.1728   0.0164   0.0010  -0.0023  -0.0371   1.9241   1.4857
  -0.1351   0.1728   0.0088   0.0009  -0.0021   0.0203   1.9041   1.5045
  -0.1351   0.1728   0.0127   0.0008  -0.0019   0.0227   1.9005   1.5071
  -0.1351   0.1728   0.0157   0.0008  -0.0017  -0.0366   1.9230   1.4847
  -0.1351   0.1728   0.0218   0.0007  -0.0016   0.0620   1.8787   1.5268
  -0.1351   0.1728   0.0053   0.0006  -0.0015   0.0779   1.8806   1.5249
  -0.1351   0.1728   0.0033   0.0006  -0.0013   0.0303   1.9010   1.5047
  -0.1351   0.1728   0.0069   0.0005  -0.0012  -0.0137   1.9170   1.4888
  -0.1351   0.1728   0.0209   0.0005  -0.0011   0.0819   1.8699   1.5336
  -0.1351   0.1728   0.0104   0.0004  -0.0010   0.0367   1.8938   1.5104
  -0.1351   0.1728   0.0047   0.0004  -0.0009  -0.0631   1.9379   1.4677
  -0.1351   0.1728   0.0087   0.0004  -0.0009  -0.0735   1.9399   1.4653
  -0.1351   0.1728   0.0220   0.0003  -0.0008   0.0692   1.8737   1.5287
  -0.1351   0.1728   0.0092   0.0003  -0.0007   0.0045   1.9070   1.4967
  -0.1351   0.1728   0.0009   0.0003  -0.0007  -0.0555   1.9361   1.4686
  -0.1351   0.1728   0.0136   0.0003  -0.0006   0.0062   1.9037   1.4994
  -0.1351   0.1728   0.0071   0.0002  -0.0006   0.1254   1.8579   1.5438
  -0.1351   0.1728   0.0066   0.0002  -0.0005   0.0490   1.8895   1.5130
  -0.1351   0.1728   0.0144   0.0002  -0.0005  -0.0174   1.9127   1.4903
  -0.1351   0.1728   0.0286   0.0002  -0.0004   0.0255   1.8873   1.5144
  -0.1351   0.1728   0.0257   0.0002  -0.0004   0.0701   1.8703   1.5309
  -0.1351   0.1728   0.0212   0.0002  -0.0004  -0.0611   1.9266   1.4765
  -0.1351   0.1728   0.0257   0.0001  -0.0003  -0.0177   1.9062   1.4961
  -0.1351   0.1728   0.0255   0.0001  -0.0003   0.0901   1.8616   1.5392
  -0.1351   0.1728   0.0106   0.0001  -0.0003  -0.0151   1.9129   1.4900
  -0.1351   0.1728   0.0020   0.0001  -0.0003  -0.0044   1.9130   1.4902
  -0.1351   0.1728   0.0085   0.0001  -0.0002   0.0168   1.9008   1.5018
  -1.3508e-01   1.7278e-01   1.0575e-02   9.2531e-05  -2.1435e-04   2.2436e-02   1.8973e+00   1.5051e+00
  -1.3508e-01   1.7278e-01   1.4623e-02   8.4777e-05  -1.9642e-04  -1.2861e-02   1.9096e+00   1.4931e+00
  -1.3508e-01   1.7278e-01   1.5366e-02   7.7671e-05  -1.7999e-04  -2.0165e-02   1.9122e+00   1.4907e+00
  -1.3508e-01   1.7278e-01   1.9133e-02   7.1160e-05  -1.6494e-04  -3.0445e-02   1.9143e+00   1.4885e+00
  -1.3508e-01   1.7278e-01   2.2896e-02   6.5194e-05  -1.5114e-04   2.0329e-02   1.8913e+00   1.5107e+00
  -1.3508e-01   1.7278e-01   1.9162e-02   5.9726e-05  -1.3850e-04  -2.9409e-02   1.9137e+00   1.4892e+00
  -1.3508e-01   1.7278e-01   2.8620e-03   5.4716e-05  -1.2691e-04   2.0140e-02   1.9019e+00   1.5011e+00
  -1.3508e-01   1.7278e-01   3.2934e-03   5.0125e-05  -1.1630e-04  -2.2588e-02   1.9193e+00   1.4843e+00
  -1.3508e-01   1.7278e-01  -5.7907e-03   4.5918e-05  -1.0657e-04  -8.0248e-03   1.9181e+00   1.4857e+00
  -1.3508e-01   1.7278e-01  -6.8808e-03   4.2063e-05  -9.7656e-05  -3.3213e-03   1.9168e+00   1.4871e+00
  -1.3508e-01   1.7278e-01  -3.7715e-03   3.8531e-05  -8.9487e-05  -2.3858e-02   1.9237e+00   1.4804e+00
  -1.3508e-01   1.7278e-01   5.8918e-04   3.5294e-05  -8.2002e-05  -1.9911e-02   1.9198e+00   1.4841e+00
  -1.3508e-01   1.7278e-01  -5.7534e-03   3.2327e-05  -7.5143e-05   3.6244e-03   1.9135e+00   1.4905e+00
  -1.3508e-01   1.7278e-01   3.0506e-03   2.9609e-05  -6.8858e-05   1.7921e-02   1.9030e+00   1.5005e+00
  -1.3508e-01   1.7278e-01   8.7779e-03   2.7118e-05  -6.3098e-05  -3.5928e-02   1.9222e+00   1.4819e+00
  -1.3508e-01   1.7278e-01   2.4616e-02   2.4835e-05  -5.7820e-05   3.6375e-02   1.8838e+00   1.5185e+00
  -1.3508e-01   1.7278e-01   1.4713e-02   2.2744e-05  -5.2984e-05   1.7816e-02   1.8967e+00   1.5065e+00
  -1.3508e-01   1.7278e-01   2.8941e-03   2.0827e-05  -4.8552e-05   3.0904e-03   1.9091e+00   1.4949e+00
  -1.3508e-01   1.7278e-01   4.6824e-03   1.9071e-05  -4.4491e-05  -3.9691e-02   1.9258e+00   1.4788e+00
  -1.3508e-01   1.7278e-01   9.1473e-03   1.7461e-05  -4.0769e-05   4.3674e-02   1.8890e+00   1.5143e+00
  -1.3508e-01   1.7278e-01   9.5678e-03   1.5987e-05  -3.7359e-05   2.7548e-02   1.8954e+00   1.5082e+00
  -1.3508e-01   1.7278e-01   1.7792e-02   1.4635e-05  -3.4234e-05  -4.5630e-02   1.9212e+00   1.4831e+00
  -1.3508e-01   1.7278e-01   2.3998e-02   1.3397e-05  -3.1371e-05  -2.6989e-02   1.9101e+00   1.4937e+00
  -1.3508e-01   1.7278e-01   2.0404e-02   1.2262e-05  -2.8747e-05   5.5578e-02   1.8779e+00   1.5251e+00
  -1.3508e-01   1.7278e-01   1.9513e-02   1.1222e-05  -2.6342e-05  -2.5259e-02   1.9117e+00   1.4926e+00
  -1.3508e-01   1.7278e-01   2.1333e-02   1.0269e-05  -2.4139e-05  -1.0333e-01   1.9428e+00   1.4625e+00
  -1.3508e-01   1.7278e-01   3.6549e-02   9.3960e-06  -2.2120e-05   1.0516e-02   1.8876e+00   1.5155e+00
  -1.3508e-01   1.7278e-01   2.4935e-02   8.5959e-06  -2.0269e-05   4.2017e-05   1.8980e+00   1.5059e+00
  -1.3508e-01   1.7278e-01   1.5741e-02   7.8626e-06  -1.8574e-05  -3.3718e-02   1.9168e+00   1.4881e+00
