   6.5972e-02   4.7123e-03  -1.3432e-01  -3.1881e-08  5.6647e-308  -3.1881e-08   2.3513e+00   2.2287e+00
   6.5972e-02   4.7123e-03  -1.4544e-01  -3.1881e-08  5.6647e-308  -3.1881e-08   2.3630e+00   2.2277e+00
   6.5972e-02   4.7123e-03  -1.4145e-01  -3.1881e-08  5.6647e-308  -3.1881e-08   2.3668e+00   2.2340e+00
   6.5972e-02   4.7123e-03  -1.3693e-01  -3.1881e-08  5.6647e-308  -3.1881e-08   2.3702e+00   2.2406e+00
   6.5972e-02   4.7123e-03  -1.3292e-01  -3.1881e-08  5.6647e-308  -3.1881e-08   2.3739e+00   2.2470e+00
   6.5972e-02   6.2830e-03  -1.6892e-01  -3.1881e-08  5.6647e-308  -3.1881e-08   2.3936e+00   2.2283e+00
   0.0675   0.0079  -0.1701   0.0157   0.0157   0.0105   2.3538   2.1929
   0.0675   0.0094  -0.1506   0.0031   0.0188   0.2925   2.2202   2.3061
   0.0675   0.0110  -0.1380   0.0038   0.0226   0.0651   2.2989   2.2112
   0.0675   0.0141  -0.2153   0.0045   0.0429  -0.2310   2.4102   2.0000
   0.0675   0.0173  -0.2134   0.0054   0.0514   0.1425   2.2303   2.1221
   0.0675   0.0204  -0.1866   0.0034   0.0586   0.3335   2.1157   2.1869
   0.0675   0.0236  -0.1956   0.0034   0.0665  -0.1704   2.3048   1.9551
   0.0675   0.0267  -0.1996   0.0033   0.0753  -0.1677   2.2802   1.9257
   0.0675   0.0314  -0.2008   0.0031   0.0975  -0.0854   2.1845   1.8917
   0.0675   0.0346  -0.2028   0.0027   0.0910  -0.1234   2.2111   1.8833
   0.0660   0.0393  -0.1801  -0.0132   0.1132  -0.1311   2.1396   1.8249
   0.0660   0.0424  -0.1698  -0.0008   0.1068  -0.0726   2.1192   1.8606
   0.0660   0.0471  -0.1952  -0.0017   0.1288   0.0358   2.0254   1.8253
   0.0660   0.0518  -0.2130  -0.0026   0.1351   0.0311   2.0111   1.7860
   0.0644   0.0565  -0.2475  -0.0194   0.1439   0.0940   1.9718   1.7591
   0.0644   0.0597  -0.2435  -0.0049   0.1343   0.0678   1.9970   1.7647
   0.0644   0.0644  -0.2317  -0.0057   0.1555   0.0040   1.9562   1.6799
   0.0644   0.0691  -0.2106  -0.0065   0.1609   0.1299   1.8690   1.7132
   0.0644   0.0738  -0.2004  -0.0073   0.1661   0.0676   1.8655   1.6665
   0.0644   0.0770  -0.1951  -0.0049   0.1548   0.0857   1.8749   1.6942
   0.0644   0.0817  -0.2079  -0.0049   0.1746   0.1004   1.8175   1.6318
   0.0644   0.0864  -0.1980  -0.0047   0.1784   0.0328   1.8190   1.5858
   0.0644   0.0895  -0.1812  -0.0044   0.1662   0.1679   1.7758   1.6677
   0.0644   0.0942  -0.1916  -0.0038   0.1819   0.0378   1.7858   1.5581
   0.0644   0.0990  -0.1852  -0.0035   0.1873   0.0868   1.7369   1.5527
   0.0628   0.1021  -0.1233  -0.0190   0.1742   0.1007   1.7213   1.6104
   0.0628   0.1052  -0.1205  -0.0061   0.1733   0.0797   1.7226   1.5959
   0.0628   0.1100  -0.1263  -0.0065   0.1905   0.0901   1.6681   1.5411
   0.0628   0.1131  -0.1253  -0.0070   0.1765   0.0533   1.7073   1.5507
   0.0628   0.1162  -0.1218  -0.0077   0.1743  -0.0101   1.7285   1.5224
   0.0628   0.1194  -0.1227  -0.0055   0.1743   0.0306   1.7039   1.5283
   0.0628   0.1209  -0.1318  -0.0053   0.1588   0.0073   1.7515   1.5471
   0.0628   0.1241  -0.1224  -0.0051   0.1682  -0.0142   1.7251   1.5106
   0.0628   0.1257  -0.1225  -0.0047   0.1508  -0.0522   1.7782   1.5323
   0.0628   0.1288  -0.1334  -0.0041   0.1619  -0.0344   1.7424   1.4975
   0.0628   0.1304  -0.1348  -0.0039   0.1437  -0.0516   1.7895   1.5287
   0.0628   0.1319  -0.1336  -0.0036   0.1406  -0.0381   1.7871   1.5370
   0.0628   0.1335  -0.1434  -0.0033   0.1351  -0.0768   1.8179   1.5250
   0.0628   0.1351  -0.1504  -0.0030   0.1320  -0.0870   1.8299   1.5200
   0.0628   0.1367  -0.1529  -0.0027   0.1260  -0.0507   1.8269   1.5425
   0.0628   0.1367  -0.1626  -0.0025   0.1067  -0.0878   1.8943   1.5693
   0.0628   0.1367  -0.1668  -0.0023   0.1000  -0.1610   1.9447   1.5545
   0.0628   0.1382  -0.1489  -0.0021   0.1086  -0.0409   1.8620   1.5851
   0.0628   0.1382  -0.1479  -0.0019   0.0883  -0.0728   1.9241   1.6219
   0.0628   0.1382  -0.1426  -0.0018   0.0807  -0.0184   1.9184   1.6645
   0.0628   0.1382  -0.1366  -0.0016   0.0755  -0.0828   1.9558   1.6546
   0.0628   0.1382  -0.1329  -0.0015   0.0706   0.0009   1.9325   1.7018
   0.0628   0.1382  -0.1416  -0.0014   0.0630  -0.0449   1.9757   1.6978
   0.0628   0.1382  -0.1494  -0.0012   0.0580   0.0207   1.9665   1.7326
   0.0628   0.1382  -0.1262  -0.0011   0.0534   0.0243   1.9651   1.7566
   0.0628   0.1382  -0.1235  -0.0010   0.0490   0.0523   1.9642   1.7800
   0.0628   0.1382  -0.1422  -0.0010   0.0447   0.0088   2.0040   1.7643
   0.0628   0.1382  -0.1303  -0.0009   0.0410   0.0672   1.9840   1.8025
   0.0628   0.1382  -0.1117  -0.0008   0.0376  -0.0352   2.0261   1.7792
   0.0628   0.1382  -0.1096  -0.0007   0.0345  -0.0310   2.0323   1.7900
   0.0628   0.1382  -0.1028  -0.0007   0.0316   0.0475   2.0048   1.8321
   0.0628   0.1382  -0.1149  -0.0006   0.0289  -0.0017   2.0394   1.8133
   0.0628   0.1382  -0.1233  -0.0006   0.0265   0.0282   2.0390   1.8274
   0.0628   0.1382  -0.1248  -0.0005   0.0243  -0.0481   2.0782   1.8019
   0.0628   0.1382  -0.1185  -0.0005   0.0223  -0.0465   2.0807   1.8110
   0.0628   0.1382  -0.1136  -0.0004   0.0204  -0.0466   2.0842   1.8182
   0.0628   0.1398  -0.1209  -0.0004   0.0344  -0.0534   2.0546   1.7734
   0.0628   0.1398  -0.1302  -0.0004   0.0203  -0.0386   2.0882   1.8089
   0.0628   0.1414  -0.1382  -0.0003   0.0352   0.0140   2.0324   1.7851
   0.0628   0.1414  -0.1448  -0.0003   0.0221  -0.0714   2.1036   1.7795
   0.0628   0.1429  -0.1434  -0.0003   0.0381  -0.1104   2.0780   1.7209
   0.0628   0.1429  -0.1329  -0.0003   0.0231   0.0668   2.0359   1.8328
   0.0628   0.1445  -0.1432  -0.0002   0.0394   0.0892   1.9905   1.7924
   0.0628   0.1461  -0.1516  -0.0002   0.0402  -0.0341   2.0403   1.7317
   0.0628   0.1477  -0.1654  -0.0002   0.0439  -0.0151   2.0277   1.7183
   0.0628   0.1492  -0.1548  -0.0002   0.0450  -0.0177   2.0168   1.7141
   0.0628   0.1508  -0.1441  -0.0002   0.0494  -0.0309   2.0025   1.6980
   0.0628   0.1524  -0.1579  -0.0002   0.0514   0.0205   1.9802   1.7013
   0.0628   0.1539  -0.1618  -0.0001   0.0537   0.0041   1.9801   1.6818
   0.0628   0.1555  -0.1469  -0.0001   0.0556   0.0287   1.9535   1.6885
   0.0628   0.1571  -0.1449  -0.0001   0.0577   0.0254   1.9450   1.6773
   0.0628   0.1586  -0.1470  -0.0001   0.0594   0.0001   1.9486   1.6564
   6.2830e-02   1.6022e-01  -1.3657e-01  -9.8873e-05   6.0985e-02   6.7205e-02   1.9076e+00   1.6786e+00
   6.2830e-02   1.6179e-01  -1.3870e-01  -9.0616e-05   6.2450e-02  -2.7561e-02   1.9402e+00   1.6304e+00
   6.2830e-02   1.6336e-01  -1.3380e-01  -8.3050e-05   6.3818e-02   2.7745e-03   1.9177e+00   1.6358e+00
   6.2830e-02   1.6493e-01  -1.2662e-01  -7.6117e-05   6.5036e-02   5.8852e-02   1.8836e+00   1.6528e+00
   6.2830e-02   1.6650e-01  -1.3031e-01  -6.9763e-05   6.6165e-02   4.6014e-02   1.8839e+00   1.6373e+00
   6.2830e-02   1.6807e-01  -1.3009e-01  -6.3941e-05   6.7202e-02   4.0459e-02   1.8793e+00   1.6267e+00
   6.2830e-02   1.6964e-01  -1.2756e-01  -5.8606e-05   6.8152e-02   1.4811e-02   1.8819e+00   1.6094e+00
   6.2830e-02   1.7121e-01  -1.2028e-01  -5.3717e-05   6.9019e-02   5.8523e-02   1.8535e+00   1.6223e+00
   6.2830e-02   1.7278e-01  -1.1536e-01  -4.9237e-05   6.9815e-02   4.2241e-02   1.8511e+00   1.6102e+00
   6.2830e-02   1.7435e-01  -1.2165e-01  -4.5132e-05   7.0545e-02   3.5261e-02   1.8510e+00   1.5965e+00
   6.2830e-02   1.7592e-01  -1.2142e-01  -4.1371e-05   7.1214e-02   4.6788e-02   1.8399e+00   1.5934e+00
   6.2830e-02   1.7592e-01  -1.3357e-01  -3.7923e-05   5.6118e-02   3.5365e-02   1.8870e+00   1.6183e+00
   6.2830e-02   1.7749e-01  -1.2764e-01  -3.4765e-05   6.9246e-02   4.2951e-02   1.8455e+00   1.5866e+00
   6.2830e-02   1.7907e-01  -1.1583e-01  -3.1870e-05   6.9132e-02  -3.7863e-02   1.8680e+00   1.5541e+00
   6.2830e-02   1.8064e-01  -1.0959e-01  -2.9218e-05   6.8849e-02   3.1667e-02   1.8318e+00   1.5793e+00
   6.2830e-02   1.8064e-01  -1.3343e-01  -2.6787e-05   5.2669e-02  -1.7410e-02   1.9031e+00   1.5859e+00
   6.2830e-02   1.8221e-01  -1.3201e-01  -2.4560e-05   6.7687e-02   1.4405e-02   1.8493e+00   1.5569e+00
   6.2830e-02   1.8221e-01  -1.3101e-01  -2.2519e-05   5.1667e-02  -3.7080e-03   1.8942e+00   1.5876e+00
   6.2830e-02   1.8221e-01  -1.3738e-01  -2.0648e-05   4.8175e-02   1.8977e-02   1.8969e+00   1.6009e+00
   6.2830e-02   1.8378e-01  -1.3779e-01  -1.8935e-05   5.9747e-02   1.3785e-02   1.8675e+00   1.5644e+00
   6.2830e-02   1.8378e-01  -1.3491e-01  -1.7364e-05   4.5455e-02   2.5322e-03   1.9045e+00   1.5945e+00
   6.2830e-02   1.8378e-01  -1.3279e-01  -1.5925e-05   4.1009e-02   6.5005e-02   1.8885e+00   1.6301e+00
   6.2830e-02   1.8378e-01  -1.4494e-01  -1.4606e-05   3.8877e-02  -1.6096e-04   1.9273e+00   1.6022e+00
   6.2830e-02   1.8535e-01  -1.3968e-01  -1.3398e-05   5.2725e-02   2.0989e-02   1.8786e+00   1.5734e+00
   6.2830e-02   1.8535e-01  -1.3594e-01  -1.2291e-05   3.5613e-02  -1.5936e-03   1.9264e+00   1.6061e+00
   6.2830e-02   1.8535e-01  -1.3157e-01  -1.1276e-05   3.3645e-02   5.5013e-02   1.9057e+00   1.6345e+00
   6.2830e-02   1.8535e-01  -1.3674e-01  -1.0346e-05   3.2172e-02   8.5897e-03   1.9315e+00   1.6159e+00
   6.2830e-02   1.8535e-01  -1.2356e-01  -9.4940e-06   3.0831e-02   3.9016e-02   1.9155e+00   1.6366e+00
   6.2830e-02   1.8535e-01  -1.2112e-01  -8.7132e-06   2.6452e-02  -1.0028e-02   1.9451e+00   1.6277e+00
   6.2830e-02   1.8535e-01  -1.2646e-01  -7.9977e-06   2.4620e-02   1.9673e-02   1.9403e+00   1.6403e+00
   6.2830e-02   1.8535e-01  -1.2590e-01  -7.3421e-06   2.2815e-02  -7.3964e-02   1.9833e+00   1.6065e+00
   6.2830e-02   1.8535e-01  -1.2442e-01  -6.7413e-06   2.0944e-02   7.1601e-02   1.9272e+00   1.6687e+00
   6.2830e-02   1.8378e-01  -1.3081e-01  -6.1907e-06   3.2587e-03   1.2206e-03   2.0067e+00   1.6843e+00
   6.2830e-02   1.8378e-01  -1.3410e-01  -5.6862e-06   1.4328e-02   5.1483e-02   1.9624e+00   1.6753e+00
   6.2830e-02   1.8378e-01  -1.3014e-01  -5.2239e-06   1.2269e-02   2.2896e-02   1.9773e+00   1.6697e+00
   6.2830e-02   1.8378e-01  -1.2451e-01  -4.8003e-06   1.0160e-02   9.0978e-03   1.9854e+00   1.6710e+00
   6.2830e-02   1.8378e-01  -1.2519e-01  -4.4121e-06   8.0030e-03   2.9901e-02   1.9827e+00   1.6831e+00
   6.2830e-02   1.8378e-01  -1.2569e-01  -4.0564e-06   8.9519e-03  -4.2417e-02   2.0110e+00   1.6508e+00
   6.2830e-02   1.8378e-01  -1.6174e-01  -3.7304e-06   7.8767e-03   1.2473e-01   1.9643e+00   1.7014e+00
   6.2830e-02   1.8378e-01  -1.6581e-01  -3.4317e-06   6.9983e-03  -6.2049e-02   2.0462e+00   1.6258e+00
   6.2830e-02   1.8378e-01  -1.6419e-01  -3.1580e-06   6.3660e-03   3.9706e-02   2.0055e+00   1.6675e+00
   6.2830e-02   1.8378e-01  -1.7026e-01  -2.9072e-06   6.0386e-03   4.7020e-02   2.0072e+00   1.6670e+00
   6.2830e-02   1.8378e-01  -1.7400e-01  -2.6774e-06   5.4559e-03   6.6056e-02   2.0034e+00   1.6729e+00
   6.2830e-02   1.8378e-01  -1.6559e-01  -2.4667e-06   4.9717e-03  -2.2173e-02   2.0372e+00   1.6417e+00
   6.2830e-02   1.8378e-01  -1.5946e-01  -2.2737e-06   4.5664e-03   2.9002e-02   2.0144e+00   1.6649e+00
   6.2830e-02   1.8535e-01  -1.6179e-01  -2.0969e-06   1.9914e-02  -5.9587e-02   2.0116e+00   1.5850e+00
   6.2830e-02   1.8535e-01  -1.9083e-01  -1.9348e-06   6.9816e-03   8.3569e-02   1.9989e+00   1.6576e+00
   6.2830e-02   1.8535e-01  -1.8090e-01  -1.7863e-06   7.2868e-03   2.6814e-02   2.0171e+00   1.6377e+00
   6.2830e-02   1.8535e-01  -1.7337e-01  -1.6502e-06   7.7498e-03   1.1277e-02   2.0191e+00   1.6327e+00
   6.2830e-02   1.8535e-01  -1.8954e-01  -1.5255e-06   8.3864e-03  -1.9415e-02   2.0396e+00   1.6097e+00
   6.2830e-02   1.8692e-01  -1.9532e-01  -1.4113e-06   2.1788e-02   6.0377e-02   1.9739e+00   1.5998e+00
   6.2830e-02   1.8692e-01  -1.7713e-01  -1.3066e-06   9.0423e-03  -1.9274e-02   2.0275e+00   1.6059e+00
   6.2830e-02   1.8692e-01  -1.6046e-01  -1.2106e-06   9.3934e-03   8.1833e-04   2.0102e+00   1.6199e+00
   6.2830e-02   1.8692e-01  -1.5879e-01  -1.1227e-06   9.7221e-03  -1.0657e-02   2.0138e+00   1.6141e+00
   6.2830e-02   1.8849e-01  -1.5574e-01  -1.0421e-06   2.5697e-02  -9.5435e-02   2.0050e+00   1.5367e+00
   6.2830e-02   1.8849e-01  -1.4372e-01  -9.6827e-07   1.0771e-02  -6.0608e-02   2.0196e+00   1.5910e+00
   6.2830e-02   1.8849e-01  -1.3449e-01  -9.0061e-07   1.1117e-02   2.5490e-03   1.9882e+00   1.6186e+00
   6.2830e-02   1.8849e-01  -1.3246e-01  -8.3861e-07   1.1461e-02  -5.9926e-02   2.0124e+00   1.5927e+00
   6.2830e-02   1.9006e-01  -1.1093e-01  -7.8180e-07   2.7517e-02  -1.5100e-02   1.9399e+00   1.5760e+00
   6.2830e-02   1.9006e-01  -1.1759e-01  -7.2974e-07   1.2173e-02  -7.9205e-02   2.0059e+00   1.5828e+00
   6.2830e-02   1.9006e-01  -1.2721e-01  -6.8203e-07   1.2454e-02  -4.7099e-02   1.9974e+00   1.5891e+00
   6.2830e-02   1.9006e-01  -1.2557e-01  -6.3832e-07   1.2721e-02  -5.6304e-02   1.9999e+00   1.5844e+00
   6.2830e-02   1.9163e-01  -1.2049e-01  -5.9826e-07   2.8680e-02  -1.1047e-01   1.9772e+00   1.5204e+00
   6.2830e-02   1.9163e-01  -1.1961e-01  -5.6155e-07   1.3206e-02  -2.4017e-02   1.9774e+00   1.5912e+00
   6.2830e-02   1.9163e-01  -1.1788e-01  -5.2791e-07   1.3412e-02  -4.4887e-02   1.9847e+00   1.5820e+00
   6.2830e-02   1.9163e-01  -8.9769e-02  -4.9709e-07   1.3604e-02   1.6491e-02   1.9441e+00   1.6186e+00
   6.2830e-02   1.9320e-01  -9.7803e-02  -4.6884e-07   2.9488e-02   2.0152e-03   1.9119e+00   1.5643e+00
   6.2830e-02   1.9320e-01  -9.4434e-02  -4.4296e-07   1.3942e-02  -2.9787e-02   1.9596e+00   1.5894e+00
   6.2830e-02   1.9320e-01  -8.6880e-02  -4.1924e-07   1.4089e-02   7.0332e-03   1.9400e+00   1.6064e+00
   6.2830e-02   1.9320e-01  -8.6790e-02  -3.9751e-07   1.4225e-02  -3.2256e-02   1.9558e+00   1.5893e+00
   6.2830e-02   1.9320e-01  -9.0510e-02  -3.7759e-07   1.4349e-02   2.0502e-02   1.9356e+00   1.6072e+00
   0.0613   0.1932  -0.0939  -0.0157   0.0113  -0.0145   1.9589   1.5977
   0.0613   0.1932  -0.0703  -0.0031   0.0108   0.0535   1.9194   1.6366
   0.0613   0.1948  -0.0754  -0.0038   0.0258  -0.0501   1.9243   1.5503
   0.0613   0.1948  -0.0708  -0.0045   0.0125  -0.0061   1.9347   1.6011
   0.0613   0.1948  -0.0715  -0.0054   0.0121  -0.0669   1.9609   1.5764
   0.0613   0.1948  -0.0655  -0.0034   0.0122  -0.0359   1.9443   1.5903
   0.0613   0.1948  -0.0762  -0.0034   0.0125  -0.0254   1.9448   1.5876
   0.0613   0.1948  -0.0877  -0.0033   0.0099  -0.0542   1.9689   1.5758
   0.0613   0.1948  -0.0817  -0.0031   0.0093  -0.0511   1.9656   1.5801
   0.0613   0.1948  -0.0783  -0.0027   0.0088  -0.0837   1.9784   1.5690
   0.0613   0.1948  -0.0757  -0.0025   0.0081  -0.0253   1.9543   1.5942
   0.0613   0.1948  -0.0690  -0.0023   0.0072  -0.1252   1.9939   1.5587
   0.0613   0.1948  -0.0517  -0.0021   0.0067  -0.0240   1.9439   1.6077
   0.0613   0.1948  -0.0627  -0.0019   0.0062  -0.0341   1.9549   1.5987
   0.0613   0.1948  -0.0670  -0.0018   0.0056  -0.0306   1.9567   1.5983
   0.0613   0.1948  -0.0604  -0.0016   0.0051  -0.0361   1.9564   1.5995
   0.0613   0.1948  -0.0566  -0.0015   0.0047  -0.0428   1.9578   1.5987
   0.0613   0.1948  -0.0591  -0.0014   0.0043  -0.0364   1.9571   1.6001
   0.0613   0.1948  -0.0454  -0.0013   0.0040  -0.0920   1.9734   1.5845
   0.0613   0.1948  -0.0271  -0.0011   0.0036   0.0191   1.9181   1.6378
   0.0613   0.1948  -0.0416  -0.0010   0.0033  -0.0111   1.9387   1.6185
   0.0613   0.1948  -0.0461  -0.0010   0.0031  -0.0017   1.9374   1.6199
   0.0613   0.1948  -0.0391  -0.0009   0.0028  -0.0287   1.9451   1.6123
   0.0613   0.1948  -0.0323  -0.0008   0.0026  -0.0202   1.9381   1.6188
   0.0613   0.1948  -0.0394  -0.0007   0.0023  -0.0381   1.9494   1.6079
   0.0613   0.1948  -0.0391  -0.0007   0.0022  -0.0772   1.9655   1.5920
   0.0613   0.1948  -0.0321  -0.0006   0.0020   0.0244   1.9198   1.6356
   0.0613   0.1948  -0.0389  -0.0006   0.0018  -0.0121   1.9385   1.6173
   0.0613   0.1948  -0.0545  -0.0005   0.0017   0.0210   1.9331   1.6224
   0.0613   0.1948  -0.0468  -0.0005   0.0015   0.0214   1.9289   1.6258
   0.0613   0.1948  -0.0397  -0.0004   0.0014   0.0196   1.9258   1.6279
   0.0613   0.1948  -0.0547  -0.0004   0.0013  -0.0750   1.9728   1.5823
   0.0613   0.1948  -0.0528  -0.0004   0.0012   0.0429   1.9231   1.6295
   0.0613   0.1948  -0.0499  -0.0003   0.0011   0.0295   1.9270   1.6250
   0.0613   0.1948  -0.0475  -0.0003   0.0010   0.0932   1.8993   1.6509
   0.0613   0.1948  -0.0604  -0.0003   0.0009   0.0401   1.9280   1.6227
   0.0613   0.1948  -0.0596  -0.0003   0.0008   0.0344   1.9298   1.6200
   0.0613   0.1948  -0.0555  -0.0002   0.0008   0.0574   1.9180   1.6304
   0.0613   0.1948  -0.0605  -0.0002   0.0007   0.0539   1.9221   1.6258
   0.0613   0.1948  -0.0641  -0.0002   0.0006   0.0262   1.9353   1.6122
   0.0613   0.1948  -0.0412  -0.0002   0.0006   0.0924   1.8956   1.6490
   0.0613   0.1948  -0.0407  -0.0002   0.0005   0.0486   1.9132   1.6310
   0.0613   0.1948  -0.0442  -0.0002   0.0005   0.0197   1.9267   1.6170
   0.0613   0.1948  -0.0462  -0.0001   0.0004   0.0314   1.9227   1.6199
   0.0613   0.1948  -0.0016  -0.0001   0.0004  -0.0098   1.9156   1.6245
   0.0613   0.1948  -0.0002  -0.0001   0.0004   0.0506   1.8894   1.6488
   0.0613   0.1948  -0.0124  -0.0001   0.0003   0.0052   1.9141   1.6242
   6.1259e-02   1.9477e-01  -1.5862e-02  -9.9389e-05   3.1506e-04   5.4183e-02   1.8953e+00   1.6414e+00
   6.1259e-02   1.9477e-01  -1.4168e-02  -9.1089e-05   2.8870e-04   1.1498e-02   1.9116e+00   1.6245e+00
   6.1259e-02   1.9477e-01  -1.4126e-02  -8.3483e-05   2.6455e-04   6.6738e-02   1.8883e+00   1.6460e+00
   6.1259e-02   1.9477e-01  -1.7341e-02  -7.6514e-05   2.4243e-04   6.1447e-02   1.8917e+00   1.6416e+00
   6.1259e-02   1.9477e-01  -3.1324e-02  -7.0127e-05   2.2215e-04   7.2376e-02   1.8942e+00   1.6385e+00
   6.1259e-02   1.9477e-01  -3.0089e-02  -6.4274e-05   2.0357e-04   1.1722e-01   1.8747e+00   1.6562e+00
   6.1259e-02   1.9477e-01  -3.5915e-02  -5.8912e-05   1.8654e-04   7.6116e-02   1.8944e+00   1.6362e+00
   6.1259e-02   1.9477e-01  -3.0025e-02  -5.3997e-05   1.7094e-04   1.0357e-01   1.8795e+00   1.6493e+00
   6.1259e-02   1.9477e-01  -2.9441e-02  -4.9494e-05   1.5664e-04   8.6232e-02   1.8860e+00   1.6419e+00
   6.1259e-02   1.9477e-01  -2.9046e-02  -4.5367e-05   1.4354e-04   6.0908e-02   1.8958e+00   1.6312e+00
   6.1259e-02   1.9477e-01  -3.4176e-02  -4.1586e-05   1.3153e-04   9.2926e-02   1.8850e+00   1.6407e+00
   6.1259e-02   1.9320e-01  -4.0121e-02  -3.8121e-05  -1.5587e-02   8.4099e-02   1.9334e+00   1.6766e+00
   6.1259e-02   1.9320e-01  -4.6620e-02  -3.4945e-05  -3.0311e-03   9.1644e-02   1.9042e+00   1.6456e+00
   6.1259e-02   1.9320e-01  -4.3328e-02  -3.2036e-05  -3.6686e-03   2.6854e-02   1.9303e+00   1.6221e+00
   6.1259e-02   1.9320e-01  -4.2600e-02  -2.9369e-05  -4.4310e-03   7.6899e-02   1.9108e+00   1.6434e+00
   6.1259e-02   1.9320e-01  -4.3086e-02  -2.6926e-05  -5.3435e-03   8.9065e-02   1.9078e+00   1.6494e+00
   6.1259e-02   1.9320e-01  -5.9839e-02  -2.4687e-05  -3.2948e-03   7.7807e-02   1.9164e+00   1.6310e+00
   6.1259e-02   1.9320e-01  -5.7921e-02  -2.2636e-05  -3.3476e-03   1.2053e-01   1.8976e+00   1.6482e+00
   6.1259e-02   1.9320e-01  -6.5456e-02  -2.0756e-05  -3.2834e-03   7.6146e-02   1.9196e+00   1.6257e+00
   6.1259e-02   1.9320e-01  -5.5967e-02  -1.9033e-05  -3.0539e-03   9.7438e-02   1.9050e+00   1.6374e+00
   6.1259e-02   1.9320e-01  -5.8457e-02  -1.7454e-05  -2.5959e-03   5.6361e-02   1.9220e+00   1.6178e+00
   6.1259e-02   1.9320e-01  -5.0825e-02  -1.6007e-05  -2.4562e-03   7.0040e-02   1.9117e+00   1.6258e+00
   6.1259e-02   1.9320e-01  -6.9310e-02  -1.4682e-05  -2.2779e-03   4.3440e-02   1.9319e+00   1.6048e+00
   6.1259e-02   1.9320e-01  -7.2182e-02  -1.3467e-05  -2.0768e-03   8.7153e-02   1.9148e+00   1.6194e+00
   6.1259e-02   1.9320e-01  -5.9738e-02  -1.2354e-05  -1.8813e-03   4.4454e-02   1.9251e+00   1.6070e+00
   6.1259e-02   1.9320e-01  -5.4202e-02  -1.1334e-05  -1.7384e-03   8.3453e-02   1.9055e+00   1.6241e+00
   6.1259e-02   1.9320e-01  -6.2014e-02  -1.0399e-05  -1.5949e-03  -9.4905e-03   1.9475e+00   1.5819e+00
   6.1259e-02   1.9320e-01  -6.6358e-02  -9.5428e-06  -1.4583e-03   1.3757e-01   1.8886e+00   1.6372e+00
   6.1259e-02   1.9320e-01  -6.6423e-02  -8.7579e-06  -1.3346e-03   9.4524e-03   1.9411e+00   1.5848e+00
   6.1259e-02   1.9320e-01  -6.0812e-02  -8.0387e-06  -1.2252e-03   2.0642e-01   1.8564e+00   1.6650e+00
   6.1259e-02   1.9320e-01  -7.3185e-02  -7.3796e-06  -1.1226e-03   5.5129e-02   1.9250e+00   1.5974e+00
   6.1259e-02   1.9320e-01  -6.5492e-02  -6.7757e-06  -1.0281e-03   1.3598e-01   1.8871e+00   1.6322e+00
   6.1259e-02   1.9320e-01  -5.9639e-02  -6.2222e-06  -9.4211e-04   4.1324e-02   1.9227e+00   1.5962e+00
   6.1259e-02   1.9320e-01  -7.5616e-02  -5.7151e-06  -8.6362e-04   1.1609e-01   1.9000e+00   1.6171e+00
   6.1259e-02   1.9320e-01  -8.0315e-02  -5.2504e-06  -7.9130e-04   5.8633e-02   1.9259e+00   1.5907e+00
   6.1259e-02   1.9320e-01  -6.3972e-02  -4.8246e-06  -7.2503e-04   8.9834e-02   1.9040e+00   1.6100e+00
   6.1259e-02   1.9320e-01  -5.7791e-02  -4.4343e-06  -6.6441e-04   3.2070e-02   1.9242e+00   1.5889e+00
   6.1259e-02   1.9320e-01  -6.5248e-02  -4.0768e-06  -6.0887e-04  -5.0967e-03   1.9432e+00   1.5694e+00
   6.1259e-02   1.9320e-01  -6.4672e-02  -3.7491e-06  -5.5792e-04   2.5372e-03   1.9395e+00   1.5716e+00
   6.1259e-02   1.9320e-01  -6.5031e-02  -3.4488e-06  -5.1125e-04   7.5490e-02   1.9093e+00   1.5995e+00
   6.1259e-02   1.9320e-01  -8.7225e-02  -3.1737e-06  -4.6849e-04   3.5786e-02   1.9372e+00   1.5718e+00
   6.1259e-02   1.9320e-01  -9.2598e-02  -2.9216e-06  -4.2931e-04   1.1660e-02   1.9499e+00   1.5584e+00
   6.1259e-02   1.9320e-01  -8.1488e-02  -2.6905e-06  -3.9339e-04   2.6054e-02   1.9379e+00   1.5684e+00
   6.1259e-02   1.9320e-01  -8.2422e-02  -2.4788e-06  -3.6049e-04   3.7675e-02   1.9335e+00   1.5714e+00
   6.1259e-02   1.9320e-01  -7.8490e-02  -2.2848e-06  -3.3034e-04   2.5778e-02   1.9361e+00   1.5675e+00
   6.1259e-02   1.9320e-01  -7.1787e-02  -2.1070e-06  -3.0270e-04   8.5014e-02   1.9079e+00   1.5934e+00
   6.1259e-02   1.9320e-01  -7.0097e-02  -1.9441e-06  -2.7738e-04   3.5110e-02   1.9274e+00   1.5732e+00
   6.1259e-02   1.9320e-01  -7.8533e-02  -1.7948e-06  -2.5418e-04   1.4069e-01   1.8882e+00   1.6102e+00
   6.1259e-02   1.9320e-01  -9.3645e-02  -1.6580e-06  -2.3292e-04   3.0684e-02   1.9415e+00   1.5579e+00
   6.1259e-02   1.9320e-01  -6.9860e-02  -1.5327e-06  -2.1344e-04   9.9710e-02   1.9002e+00   1.5959e+00
   6.1259e-02   1.9320e-01  -7.2210e-02  -1.4178e-06  -1.9559e-04   4.4430e-02   1.9241e+00   1.5717e+00
   6.1259e-02   1.9320e-01  -7.2450e-02  -1.3126e-06  -1.7923e-04   1.1505e-01   1.8949e+00   1.5987e+00
   6.1259e-02   1.9320e-01  -6.8525e-02  -1.2161e-06  -1.6423e-04   3.9532e-02   1.9238e+00   1.5695e+00
   6.1259e-02   1.9320e-01  -6.4620e-02  -1.1277e-06  -1.5050e-04   1.4538e-01   1.8778e+00   1.6127e+00
   6.1259e-02   1.9320e-01  -8.4492e-02  -1.0467e-06  -1.3791e-04   1.0669e-02   1.9438e+00   1.5482e+00
   6.1259e-02   1.9320e-01  -8.5514e-02  -9.7249e-07  -1.2637e-04   4.4360e-02   1.9304e+00   1.5601e+00
   6.1259e-02   1.9320e-01  -7.1476e-02  -9.0448e-07  -1.1580e-04  -9.3445e-03   1.9449e+00   1.5445e+00
   6.1259e-02   1.9320e-01  -6.8981e-02  -8.4216e-07  -1.0612e-04   6.0388e-02   1.9147e+00   1.5725e+00
   6.1259e-02   1.9320e-01  -7.4059e-02  -7.8505e-07  -9.7240e-05   2.4841e-02   1.9319e+00   1.5549e+00
   6.1259e-02   1.9320e-01  -6.3523e-02  -7.3272e-07  -8.9106e-05   4.3214e-02   1.9185e+00   1.5664e+00
   6.1259e-02   1.9320e-01  -6.9213e-02  -6.8476e-07  -8.1653e-05   2.5435e-02   1.9287e+00   1.5556e+00
   6.1259e-02   1.9320e-01  -7.4127e-02  -6.4082e-07  -7.4823e-05   5.0254e-02   1.9209e+00   1.5621e+00
   6.1259e-02   1.9320e-01  -7.4814e-02  -6.0055e-07  -6.8565e-05  -5.2586e-02   1.9635e+00   1.5197e+00
   6.1259e-02   1.9320e-01  -7.1067e-02  -5.6365e-07  -6.2829e-05   1.7872e-02   1.9323e+00   1.5486e+00
   6.1259e-02   1.9320e-01  -8.2136e-02  -5.2984e-07  -5.7574e-05  -1.6792e-02   1.9524e+00   1.5284e+00
   6.1259e-02   1.9320e-01  -1.0116e-01  -4.9885e-07  -5.2758e-05   2.3202e-02   1.9460e+00   1.5340e+00
   6.1259e-02   1.9320e-01  -9.5094e-02  -4.7046e-07  -4.8345e-05  -1.3377e-02   1.9578e+00   1.5212e+00
   6.1259e-02   1.9320e-01  -9.2907e-02  -4.4444e-07  -4.4301e-05  -1.1442e-02   1.9559e+00   1.5220e+00
   6.1259e-02   1.9320e-01  -8.7164e-02  -4.2060e-07  -4.0596e-05   4.5180e-02   1.9294e+00   1.5463e+00
   6.1259e-02   1.9320e-01  -7.7323e-02  -3.9875e-07  -3.7200e-05  -7.7336e-02   1.9746e+00   1.5012e+00
   6.1259e-02   1.9320e-01  -7.8457e-02  -3.7873e-07  -3.4089e-05   5.7871e-02   1.9193e+00   1.5535e+00
   6.1259e-02   1.9320e-01  -8.0384e-02  -3.6039e-07  -3.1237e-05   1.1752e-02   1.9393e+00   1.5332e+00
   6.1259e-02   1.9320e-01  -5.9246e-02  -3.4358e-07  -2.8624e-05   4.1596e-02   1.9155e+00   1.5544e+00
   6.1259e-02   1.9320e-01  -5.9950e-02  -3.2817e-07  -2.6230e-05   4.5097e-03   1.9310e+00   1.5384e+00
   6.1259e-02   1.9320e-01  -5.0836e-02  -3.1405e-07  -2.4036e-05   7.9946e-02   1.8948e+00   1.5720e+00
   6.1259e-02   1.9320e-01  -3.9509e-02  -3.0112e-07  -2.2025e-05  -3.2126e-02   1.9347e+00   1.5320e+00
   6.1259e-02   1.9320e-01  -3.5009e-02  -2.8927e-07  -2.0183e-05   7.6076e-02   1.8873e+00   1.5766e+00
   6.1259e-02   1.9320e-01  -4.4148e-02  -2.7840e-07  -1.8495e-05   1.0141e-02   1.9191e+00   1.5450e+00
   6.1259e-02   1.9320e-01  -3.6735e-02  -2.6845e-07  -1.6948e-05   5.4449e-02   1.8965e+00   1.5655e+00
   6.1259e-02   1.9320e-01  -3.9564e-02  -2.5933e-07  -1.5530e-05  -1.1548e-02   1.9249e+00   1.5370e+00
   6.1259e-02   1.9320e-01  -4.1901e-02  -2.5097e-07  -1.4231e-05   2.5857e-02   1.9104e+00   1.5500e+00
   6.1259e-02   1.9320e-01  -4.6956e-02  -2.4331e-07  -1.3041e-05  -8.0027e-02   1.9565e+00   1.5045e+00
   6.1259e-02   1.9320e-01  -4.0128e-02  -2.3629e-07  -1.1950e-05   4.8587e-02   1.8995e+00   1.5583e+00
   6.1259e-02   1.9320e-01  -5.1979e-02  -2.2986e-07  -1.0951e-05  -4.3211e-02   1.9434e+00   1.5151e+00
   6.1259e-02   1.9320e-01  -6.9938e-02  -2.2397e-07  -1.0035e-05   9.9734e-03   1.9308e+00   1.5266e+00
   6.1259e-02   1.9320e-01  -6.5120e-02  -2.1857e-07  -9.1952e-06  -5.5234e-02   1.9549e+00   1.5020e+00
   6.1259e-02   1.9320e-01  -5.8556e-02  -2.1362e-07  -8.4261e-06   2.4819e-02   1.9182e+00   1.5362e+00
   6.1259e-02   1.9320e-01  -5.4625e-02  -2.0909e-07  -7.7213e-06  -4.5316e-02   1.9448e+00   1.5093e+00
   6.1259e-02   1.9320e-01  -4.9641e-02  -2.0493e-07  -7.0754e-06  -6.8873e-02   1.9516e+00   1.5014e+00
   6.1259e-02   1.9320e-01  -3.5233e-02  -2.0112e-07  -6.4836e-06   4.9850e-02   1.8947e+00   1.5550e+00
   6.1259e-02   1.9320e-01  -4.7123e-02  -1.9763e-07  -5.9413e-06  -3.2991e-02   1.9349e+00   1.5154e+00
   6.1259e-02   1.9320e-01  -5.9214e-02  -1.9444e-07  -5.4443e-06   2.1887e-02   1.9184e+00   1.5305e+00
   6.1259e-02   1.9320e-01  -5.7220e-02  -1.9151e-07  -4.9889e-06  -1.6283e-02   1.9329e+00   1.5153e+00
   6.1259e-02   1.9320e-01  -5.8178e-02  -1.8882e-07  -4.5716e-06   1.1757e-03   1.9259e+00   1.5209e+00
   6.1259e-02   1.9320e-01  -6.0788e-02  -1.8636e-07  -4.1892e-06  -2.4526e-02   1.9377e+00   1.5085e+00
   6.1259e-02   1.9320e-01  -5.0159e-02  -1.8411e-07  -3.8388e-06  -7.4809e-02   1.9526e+00   1.4927e+00
   6.1259e-02   1.9320e-01  -5.8072e-02  -1.8204e-07  -3.5177e-06  -3.1311e-02   1.9386e+00   1.5054e+00
   6.1259e-02   1.9320e-01  -7.3465e-02  -1.8015e-07  -3.2235e-06  -1.6834e-02   1.9406e+00   1.5027e+00
   6.1259e-02   1.9320e-01  -6.8722e-02  -1.7841e-07  -2.9538e-06  -3.6860e-02   1.9462e+00   1.4961e+00
   6.1259e-02   1.9320e-01  -6.9982e-02  -1.7682e-07  -2.7068e-06  -6.7009e-02   1.9592e+00   1.4825e+00
   6.1259e-02   1.9320e-01  -6.9468e-02  -1.7536e-07  -2.4804e-06  -5.5158e-02   1.9539e+00   1.4865e+00
   6.1259e-02   1.9320e-01  -5.8058e-02  -1.7403e-07  -2.2729e-06  -9.7624e-02   1.9651e+00   1.4742e+00
   6.1259e-02   1.9320e-01  -6.7414e-02  -1.7281e-07  -2.0828e-06  -4.2890e-02   1.9473e+00   1.4905e+00
   6.1259e-02   1.9320e-01  -7.3464e-02  -1.7169e-07  -1.9086e-06  -5.7394e-02   1.9564e+00   1.4808e+00
   6.1259e-02   1.9320e-01  -6.7064e-02  -1.7066e-07  -1.7489e-06   3.3506e-02   1.9153e+00   1.5192e+00
   6.1259e-02   1.9320e-01  -8.2063e-02  -1.6972e-07  -1.6026e-06  -8.1765e-02   1.9707e+00   1.4650e+00
   5.9689e-02   1.9320e-01  -8.0096e-02  -1.5708e-02  -1.4686e-06  -2.7660e-02   1.9473e+00   1.4865e+00
   5.9689e-02   1.9320e-01  -8.0532e-02  -3.1417e-03  -1.3457e-06  -2.4468e-03   1.9370e+00   1.4953e+00
   5.9689e-02   1.9320e-01  -8.4588e-02  -3.7700e-03  -1.2332e-06   1.5788e-03   1.9374e+00   1.4939e+00
   5.9689e-02   1.9320e-01  -9.4416e-02  -4.5239e-03  -1.1300e-06   4.8082e-03   1.9413e+00   1.4893e+00
   5.9689e-02   1.9320e-01  -8.8049e-02  -5.4287e-03  -1.0355e-06   6.1005e-02   1.9147e+00   1.5138e+00
   5.9689e-02   1.9320e-01  -9.7064e-02  -3.3729e-03  -9.4889e-07   4.7685e-02   1.9250e+00   1.5030e+00
   5.9689e-02   1.9320e-01  -9.8736e-02  -3.4191e-03  -8.6952e-07   6.5635e-03   1.9428e+00   1.4846e+00
   5.9689e-02   1.9320e-01  -9.2406e-02  -3.3490e-03  -7.9678e-07   6.3591e-02   1.9159e+00   1.5094e+00
   5.8118e-02   1.9320e-01  -1.0820e-01  -1.8821e-02  -7.3014e-07  -2.2306e-02   1.9598e+00   1.4663e+00
   5.8118e-02   1.9320e-01  -1.2097e-01  -5.7925e-03  -6.6906e-07   4.7826e-02   1.9378e+00   1.4868e+00
   5.8118e-02   1.9320e-01  -1.2262e-01  -6.2764e-03  -6.1310e-07   2.1103e-02   1.9498e+00   1.4741e+00
   5.8118e-02   1.9320e-01  -1.4505e-01  -6.8479e-03  -5.6182e-07   5.9542e-02   1.9461e+00   1.4772e+00
   5.8118e-02   1.9320e-01  -1.2689e-01  -7.5477e-03  -5.1482e-07  -1.9800e-02   1.9694e+00   1.4530e+00
   5.8118e-02   1.9320e-01  -1.1443e-01  -5.2929e-03  -4.7176e-07   8.6825e-02   1.9189e+00   1.5004e+00
   5.6547e-02   1.9320e-01  -1.2171e-01  -2.0901e-02  -4.3230e-07  -5.4369e-02   1.9812e+00   1.4393e+00
   5.6547e-02   1.9320e-01  -1.0034e-01  -8.1178e-03  -3.9614e-07   3.9744e-02   1.9310e+00   1.4860e+00
   5.6547e-02   1.9320e-01  -9.8785e-02  -8.3718e-03  -3.6301e-07   7.0012e-02   1.9177e+00   1.4977e+00
   0.0565   0.1916  -0.0947  -0.0085  -0.0157   0.0412   1.9695   1.5302
   0.0565   0.1916  -0.0908  -0.0092  -0.0031  -0.0179   1.9625   1.4775
   0.0550   0.1916  -0.0816  -0.0225  -0.0038   0.0578   1.9278   1.5126
   0.0550   0.1916  -0.0762  -0.0097  -0.0045   0.0279   1.9390   1.5042
   0.0550   0.1916  -0.0627  -0.0100  -0.0054  -0.0830   1.9796   1.4677
   0.0550   0.1916  -0.0572  -0.0103  -0.0034   0.0692   1.9088   1.5254
   0.0550   0.1916  -0.0613  -0.0105  -0.0034   0.0011   1.9390   1.4955
   0.0534   0.1916  -0.0466  -0.0238  -0.0033   0.0213   1.9226   1.5097
   0.0534   0.1916  -0.0439  -0.0109  -0.0031   0.0137   1.9235   1.5066
   0.0534   0.1916  -0.0314  -0.0111  -0.0027   0.0519   1.8997   1.5261
   0.0518   0.1916  -0.0243  -0.0270  -0.0025  -0.0423   1.9341   1.4909
   0.0518   0.1916  -0.0287  -0.0146  -0.0023   0.0873   1.8822   1.5394
   0.0518   0.1916  -0.0335  -0.0127  -0.0021   0.0058   1.9176   1.5034
   0.0518   0.1916  -0.0225  -0.0131  -0.0019   0.0346   1.8990   1.5191
   0.0518   0.1916  -0.0255  -0.0135  -0.0018   0.0122   1.9091   1.5077
   0.0518   0.1916  -0.0149  -0.0108  -0.0016   0.0482   1.8879   1.5262
   0.0503   0.1916  -0.0128  -0.0257  -0.0015  -0.0531   1.9278   1.4859
   0.0503   0.1916  -0.0044  -0.0126  -0.0014   0.0760   1.8694   1.5406
   0.0503   0.1916  -0.0127  -0.0125  -0.0013  -0.0083   1.9078   1.5021
   0.0503   0.1916  -0.0112  -0.0123  -0.0011   0.0185   1.8953   1.5127
   0.0503   0.1916  -0.0117  -0.0126  -0.0010   0.0079   1.8993   1.5074
   0.0503   0.1916  -0.0085  -0.0100  -0.0010   0.0180   1.8927   1.5122
   0.0503   0.1916  -0.0065  -0.0095  -0.0009  -0.0858   1.9338   1.4710
   0.0503   0.1916   0.0093  -0.0089  -0.0008   0.0569   1.8659   1.5349
   0.0503   0.1916  -0.0028  -0.0082  -0.0007  -0.0298   1.9074   1.4938
   0.0503   0.1916  -0.0007  -0.0073  -0.0007   0.0081   1.8900   1.5092
   0.0503   0.1916   0.0093  -0.0068  -0.0006   0.0160   1.8807   1.5167
   0.0503   0.1916   0.0038  -0.0062  -0.0006   0.0186   1.8819   1.5144
   0.0503   0.1916   0.0033  -0.0057  -0.0005  -0.0855   1.9245   1.4720
   0.0503   0.1916   0.0109  -0.0052  -0.0005   0.0822   1.8506   1.5420
   0.0503   0.1916  -0.0019  -0.0048  -0.0004  -0.0035   1.8922   1.5010
   0.0518   0.1916  -0.0003   0.0113  -0.0004  -0.0022   1.8902   1.5017
   0.0518   0.1916   0.0058  -0.0009  -0.0004   0.0437   1.8674   1.5224
   5.1835e-02   1.9163e-01  -1.0715e-02   8.8253e-05  -3.3710e-04  -2.6746e-02   1.9047e+00   1.4856e+00
   0.0518   0.1916  -0.0070   0.0011  -0.0003  -0.0375   1.9066   1.4825
   0.0518   0.1901  -0.0119   0.0023  -0.0160   0.0455   1.9165   1.5557
   0.0518   0.1901  -0.0428   0.0005  -0.0034   0.0124   1.9169   1.4967
   0.0534   0.1901  -0.0516   0.0165  -0.0040  -0.0342   1.9421   1.4745
   0.0534   0.1901  -0.0422   0.0041  -0.0047  -0.0191   1.9323   1.4862
   0.0534   0.1901  -0.0577   0.0047  -0.0056  -0.0202   1.9430   1.4795
   0.0534   0.1901  -0.0460   0.0052  -0.0036  -0.0579   1.9473   1.4645
   0.0534   0.1901  -0.0344   0.0061  -0.0036   0.0584   1.8929   1.5159
   0.0550   0.1901  -0.0460   0.0197  -0.0035  -0.0290   1.9348   1.4745
   0.0550   0.1901  -0.0583   0.0071  -0.0033   0.0081   1.9253   1.4819
   0.0550   0.1901  -0.0532   0.0076  -0.0028  -0.0381   1.9403   1.4641
   0.0550   0.1885  -0.0575   0.0081  -0.0183   0.0196   1.9604   1.5269
   0.0550   0.1885  -0.0562   0.0085  -0.0056  -0.1185   1.9868   1.4412
   0.0565   0.1885  -0.0444   0.0220  -0.0060   0.0135   1.9269   1.4999
   0.0565   0.1885  -0.0568   0.0093  -0.0065  -0.0542   1.9626   1.4674
   0.0565   0.1885  -0.0590   0.0096  -0.0073  -0.0166   1.9499   1.4824
   0.0565   0.1885  -0.0523   0.0099  -0.0051  -0.0187   1.9419   1.4788
   0.0565   0.1885  -0.0583   0.0101  -0.0050  -0.0336   1.9510   1.4689
   0.0565   0.1885  -0.0543   0.0078  -0.0048  -0.0586   1.9586   1.4597
   0.0565   0.1885  -0.0402   0.0075  -0.0044  -0.0112   1.9306   1.4839
   0.0565   0.1869  -0.0463   0.0070  -0.0196  -0.0191   1.9776   1.5189
   0.0565   0.1869  -0.0331   0.0065  -0.0067  -0.0383   1.9484   1.4864
   0.0565   0.1869  -0.0292   0.0058  -0.0071   0.0431   1.9134   1.5211
   0.0565   0.1869  -0.0230   0.0054  -0.0076  -0.0367   1.9439   1.4928
   0.0550   0.1869  -0.0128  -0.0108  -0.0082  -0.0333   1.9383   1.5002
   0.0550   0.1869  -0.0359   0.0014  -0.0059   0.0515   1.9100   1.5168
   0.0550   0.1869  -0.0368   0.0003  -0.0058   0.0329   1.9177   1.5079
   0.0550   0.1869  -0.0220  -0.0007  -0.0055  -0.0033   1.9239   1.4995
   0.0550   0.1869  -0.0310  -0.0020  -0.0051   0.0780   1.8939   1.5261
   0.0534   0.1869  -0.0374  -0.0159  -0.0044   0.0282   1.9163   1.5010
   0.0534   0.1869  -0.0349  -0.0037  -0.0042  -0.0004   1.9259   1.4895
   0.0534   0.1869  -0.0409  -0.0045  -0.0038   0.0510   1.9069   1.5058
   0.0518   0.1869  -0.0438  -0.0209  -0.0035   0.0421   1.9113   1.4994
   0.0518   0.1869  -0.0276  -0.0090  -0.0032   0.0510   1.8981   1.5095
   0.0518   0.1869  -0.0410  -0.0076  -0.0029   0.0261   1.9148   1.4919
   0.0518   0.1869  -0.0382  -0.0084  -0.0027   0.0311   1.9105   1.4940
   0.0503   0.1869  -0.0336  -0.0249  -0.0025  -0.0118   1.9250   1.4781
   0.0503   0.1869  -0.0430  -0.0100  -0.0023   0.0592   1.9001   1.5007
   0.0503   0.1853  -0.0468  -0.0102  -0.0178   0.0261   1.9573   1.5277
   0.0503   0.1853  -0.0346  -0.0107  -0.0050   0.0525   1.9101   1.5131
   0.0487   0.1853  -0.0460  -0.0268  -0.0055   0.0045   1.9370   1.4889
   0.0487   0.1853  -0.0454  -0.0115  -0.0061   0.0127   1.9346   1.4934
   0.0487   0.1853  -0.0385  -0.0118  -0.0069   0.0032   1.9366   1.4942
   0.0487   0.1853  -0.0384  -0.0122  -0.0047   0.0504   1.9119   1.5073
   0.0487   0.1853  -0.0352  -0.0125  -0.0046   0.0532   1.9087   1.5094
   0.0487   0.1853  -0.0248  -0.0096  -0.0045   0.0151   1.9184   1.4983
   0.0487   0.1853  -0.0286  -0.0092  -0.0041   0.1607   1.8593   1.5533
   0.0487   0.1853  -0.0302  -0.0087  -0.0036   0.0517   1.9038   1.5072
   0.0487   0.1853  -0.0231  -0.0080  -0.0034   0.0587   1.8964   1.5124
   0.0487   0.1853  -0.0132  -0.0071  -0.0031   0.0772   1.8827   1.5236
   0.0487   0.1853  -0.0138  -0.0066  -0.0028   0.0513   1.8929   1.5119
   0.0487   0.1853  -0.0146  -0.0061  -0.0026  -0.0033   1.9150   1.4887
   0.0487   0.1853  -0.0161  -0.0056  -0.0024   0.1584   1.8483   1.5516
   0.0487   0.1853  -0.0204  -0.0051  -0.0022   0.0160   1.9086   1.4918
   0.0487   0.1853  -0.0143  -0.0047  -0.0020   0.0204   1.9030   1.4956
   0.0487   0.1853  -0.0058  -0.0043  -0.0018   0.0403   1.8896   1.5070
   0.0487   0.1853  -0.0129  -0.0039  -0.0017   0.0328   1.8958   1.4997
   0.0487   0.1853  -0.0195  -0.0036  -0.0015  -0.0223   1.9215   1.4738
   0.0487   0.1853  -0.0168  -0.0033  -0.0014   0.1102   1.8649   1.5272
   0.0487   0.1853  -0.0160  -0.0030  -0.0013  -0.0236   1.9192   1.4735
   0.0487   0.1853  -0.0114  -0.0028  -0.0012   0.0131   1.9011   1.4898
   0.0503   0.1853  -0.0007   0.0132  -0.0011   0.0255   1.8898   1.4993
   0.0503   0.1853  -0.0097   0.0008  -0.0010   0.0344   1.8904   1.4979
   0.0503   0.1853  -0.0094   0.0016  -0.0009  -0.0038   1.9055   1.4822
   0.0503   0.1853  -0.0069   0.0026  -0.0008   0.0759   1.8709   1.5147
   0.0503   0.1838  -0.0065   0.0036  -0.0165   0.0107   1.9391   1.5315
   0.0518   0.1838  -0.0046   0.0174  -0.0038  -0.0272   1.9240   1.4867
   0.0518   0.1838   0.0074   0.0051  -0.0044   0.0834   1.8731   1.5377
   0.0518   0.1838  -0.0013   0.0057  -0.0051   0.0216   1.9045   1.5102
   0.0518   0.1838   0.0025   0.0064  -0.0060   0.0387   1.8972   1.5207
   0.0534   0.1838   0.0025   0.0226  -0.0039   0.0346   1.8936   1.5138
   0.0534   0.1838   0.0071   0.0080  -0.0039   0.0588   1.8809   1.5254
   0.0534   0.1838   0.0086   0.0085  -0.0038  -0.0595   1.9284   1.4785
   0.0550   0.1838   0.0130   0.0248  -0.0035   0.1037   1.8577   1.5449
   0.0550   0.1838   0.0027   0.0128  -0.0030   0.0148   1.8984   1.5030
   0.0550   0.1838   0.0024   0.0108  -0.0028   0.0191   1.8961   1.5038
   0.0550   0.1838   0.0102   0.0114  -0.0026   0.0602   1.8742   1.5233
   0.0565   0.1838   0.0044   0.0277  -0.0024  -0.0232   1.9109   1.4864
   0.0565   0.1838   0.0139   0.0125  -0.0022   0.0409   1.8785   1.5158
   0.0565   0.1838   0.0093   0.0125  -0.0020   0.0712   1.8677   1.5251
   0.0565   0.1838  -0.0007   0.0128  -0.0018   0.0340   1.8877   1.5047
   0.0581   0.1838   0.0008   0.0288  -0.0017  -0.0349   1.9147   1.4773
   0.0581   0.1822   0.0114   0.0133  -0.0172   0.0851   1.9009   1.5728
   0.0581   0.1822   0.0113   0.0135  -0.0046  -0.0486   1.9262   1.4889
   0.0581   0.1822   0.0162   0.0137  -0.0051   0.0655   1.8774   1.5379
   0.0581   0.1822   0.0147   0.0139  -0.0057   0.0343   1.8923   1.5261
   0.0581   0.1822   0.0066   0.0109  -0.0065   0.0631   1.8863   1.5354
   0.0581   0.1822   0.0083   0.0104  -0.0044  -0.0266   1.9172   1.4951
   0.0581   0.1822   0.0096   0.0098  -0.0043   0.0790   1.8725   1.5376
   0.0581   0.1822  -0.0090   0.0090  -0.0042  -0.0147   1.9205   1.4906
   0.0581   0.1822  -0.0239   0.0080  -0.0039   0.0489   1.9013   1.5076
   0.0581   0.1822  -0.0262   0.0074  -0.0034  -0.0094   1.9253   1.4816
   0.0581   0.1822  -0.0390   0.0068  -0.0031   0.1032   1.8851   1.5194
   0.0581   0.1822  -0.0533   0.0062  -0.0029   0.0162   1.9281   1.4766
   0.0581   0.1806  -0.0402   0.0057  -0.0184   0.0550   1.9466   1.5405
   0.0581   0.1806  -0.0572   0.0052  -0.0056  -0.0048   1.9506   1.4772
   0.0581   0.1806  -0.0582   0.0048  -0.0060   0.0602   1.9254   1.5032
   0.0581   0.1806  -0.0581   0.0044  -0.0066  -0.0222   1.9609   1.4712
   0.0581   0.1806  -0.0725   0.0040  -0.0073   0.1012   1.9195   1.5147
   0.0581   0.1806  -0.0860   0.0037  -0.0051   0.0314   1.9506   1.4743
   0.0565   0.1806  -0.0801  -0.0123  -0.0050   0.0631   1.9344   1.4890
   5.6547e-02   1.8064e-01  -9.8370e-02  -4.0439e-05  -4.7866e-03   7.8348e-03   1.9668e+00   1.4568e+00
   0.0565   0.1806  -0.0925  -0.0009  -0.0044   0.0267   1.9554   1.4657
   0.0565   0.1806  -0.0897  -0.0019  -0.0039   0.0562   1.9408   1.4767
   0.0565   0.1806  -0.1026  -0.0030  -0.0036   0.0104   1.9664   1.4509
   0.0565   0.1806  -0.1083  -0.0012  -0.0033   0.0139   1.9678   1.4480
   0.0565   0.1806  -0.0977  -0.0014  -0.0030   0.0023   1.9666   1.4471
   0.0565   0.1806  -0.1039  -0.0015  -0.0028  -0.0002   1.9707   1.4417
   0.0550   0.1806  -0.0973  -0.0171  -0.0026  -0.1237   2.0181   1.3943
   0.0550   0.1806  -0.0716  -0.0043  -0.0023  -0.0404   1.9698   1.4389
   0.0550   0.1806  -0.0789  -0.0049  -0.0021  -0.0356   1.9715   1.4362
   0.0550   0.1806  -0.0603  -0.0056  -0.0020  -0.0544   1.9691   1.4368
   0.0550   0.1806  -0.0509  -0.0064  -0.0018   0.0922   1.9034   1.4989
   0.0534   0.1806  -0.0525  -0.0199  -0.0016  -0.0235   1.9518   1.4512
   0.0534   0.1806  -0.0449  -0.0073  -0.0015  -0.0258   1.9484   1.4532
   0.0534   0.1806  -0.0285  -0.0078  -0.0014  -0.0229   1.9382   1.4616
   0.0518   0.1806  -0.0218  -0.0240  -0.0013  -0.0336   1.9388   1.4600
   0.0518   0.1806  -0.0206  -0.0118  -0.0012  -0.0332   1.9377   1.4602
   0.0518   0.1791  -0.0686  -0.0102  -0.0168  -0.0519   2.0128   1.4718
   0.0503   0.1791  -0.0640  -0.0265  -0.0041  -0.0395   1.9760   1.4482
   0.0503   0.1791  -0.0653  -0.0145  -0.0047  -0.1379   2.0187   1.4091
   0.0487   0.1791  -0.0842  -0.0283  -0.0053  -0.0391   1.9899   1.4404
   0.0487   0.1791  -0.0755  -0.0159  -0.0062  -0.1486   2.0328   1.4023
   0.0471   0.1791  -0.0603  -0.0327  -0.0041  -0.1146   2.0060   1.4177
   0.0471   0.1791  -0.0642  -0.0183  -0.0040  -0.0831   1.9952   1.4279
   0.0456   0.1791  -0.0575  -0.0348  -0.0039  -0.1132   2.0040   1.4183
   0.0456   0.1791  -0.0716  -0.0203  -0.0036   0.0123   1.9593   1.4603
   0.0440   0.1791  -0.0754  -0.0369  -0.0031  -0.0117   1.9704   1.4471
   0.0424   0.1791  -0.0642  -0.0378  -0.0030  -0.0295   1.9716   1.4445
   0.0424   0.1775  -0.0759  -0.0260  -0.0184  -0.0578   2.0313   1.4696
   0.0408   0.1775  -0.0587  -0.0399  -0.0056  -0.0851   2.0037   1.4360
   0.0393   0.1775  -0.0386  -0.0438  -0.0060  -0.0062   1.9616   1.4778
   0.0393   0.1775  -0.0477  -0.0295  -0.0066  -0.0516   1.9867   1.4563
   0.0377   0.1775  -0.0396  -0.0435  -0.0073  -0.0258   1.9737   1.4720
   0.0361   0.1775  -0.0348  -0.0471  -0.0051   0.0514   1.9342   1.4995
   0.0346   0.1775  -0.0333  -0.0485  -0.0050  -0.0429   1.9722   1.4621
   0.0330   0.1775  -0.0224  -0.0494  -0.0048  -0.0480   1.9681   1.4646
   0.0314   0.1775  -0.0051  -0.0534  -0.0045  -0.0130   1.9435   1.4860
   0.0314   0.1775   0.0089  -0.0397  -0.0039  -0.0127   1.9346   1.4915
   0.0298   0.1775   0.0137  -0.0539  -0.0036  -0.0113   1.9307   1.4937
   0.0283   0.1775  -0.0046  -0.0550  -0.0034  -0.0214   1.9438   1.4801
   0.0267   0.1775   0.0009  -0.0561  -0.0031   0.0121   1.9263   1.4954
