   1.0524e-01   4.7123e-03  -1.0859e-01  -5.4884e-07  4.2323e-308  -5.4884e-07   2.3375e+00   2.2413e+00
   1.0524e-01   4.7123e-03  -1.0890e-01  -5.4884e-07  4.2323e-308  -5.4884e-07   2.3433e+00   2.2457e+00
   1.0524e-01   4.7123e-03  -1.0707e-01  -5.4884e-07  4.2323e-308  -5.4884e-07   2.3480e+00   2.2512e+00
   1.0524e-01   4.7123e-03  -1.4586e-01  -5.4884e-07  4.2323e-308  -5.4884e-07   2.3744e+00   2.2368e+00
   1.0524e-01   6.2830e-03  -1.5634e-01  -5.4884e-07  4.2323e-308  -5.4884e-07   2.3805e+00   2.2305e+00
   1.0681e-01   7.8537e-03  -1.3298e-01  -5.4884e-07  4.2323e-308  -5.4884e-07   2.3686e+00   2.2407e+00
   1.0681e-01   9.4245e-03  -1.5628e-01  -9.8792e-07   1.5708e-02  -6.8628e-02   2.3730e+00   2.1631e+00
   1.0681e-01   1.0995e-02  -1.2478e-01  -1.0757e-06   1.8849e-02   1.3758e-01   2.2642e+00   2.2519e+00
   1.0681e-01   1.2566e-02  -1.1160e-01  -1.1811e-06   2.2619e-02  -3.3814e-01   2.4448e+00   2.0584e+00
   1.0681e-01   1.5707e-02  -1.0539e-01  -1.3076e-06   4.2850e-02   3.4071e-01   2.1089e+00   2.2771e+00
   1.0681e-01   1.8849e-02  -8.8494e-02  -1.4593e-06   5.1420e-02   4.8156e-01   2.0164e+00   2.3143e+00
   1.0681e-01   2.1991e-02  -5.8090e-02  -1.5536e-06   5.8563e-02   4.0798e-01   2.0082e+00   2.2760e+00
   1.0681e-01   2.5132e-02  -2.2265e-02  -1.6492e-06   6.6505e-02   2.7132e-01   2.0210e+00   2.2133e+00
   1.0681e-01   2.8274e-02  -6.3435e-03  -1.7428e-06   7.5283e-02   4.1245e-01   1.9276e+00   2.2498e+00
   1.0681e-01   3.1415e-02  -1.7565e-02  -1.8298e-06   8.1769e-02   1.0725e-02   2.0779e+00   2.0620e+00
   1.0681e-01   3.6127e-02  -5.3674e-02  -1.9039e-06   1.0355e-01  -2.9177e-01   2.1594e+00   1.8592e+00
   1.0681e-01   4.0840e-02  -8.7064e-02  -1.9740e-06   1.1254e-01  -2.9205e-01   2.1447e+00   1.8086e+00
   1.0681e-01   4.3981e-02  -1.4855e-01  -2.0389e-06   1.0604e-01  -2.2315e-01   2.1581e+00   1.8142e+00
   1.0681e-01   4.8693e-02  -1.9537e-01  -2.0982e-06   1.2790e-01  -2.4226e-01   2.1287e+00   1.7179e+00
   1.0681e-01   5.3406e-02  -2.0574e-01  -2.1518e-06   1.3713e-01  -1.9075e-01   2.0802e+00   1.6975e+00
   1.0681e-01   5.6547e-02  -2.0002e-01  -2.2014e-06   1.2814e-01  -2.1158e-01   2.1008e+00   1.7051e+00
   1.0681e-01   6.1259e-02  -1.6902e-01  -2.2469e-06   1.4697e-01  -2.0706e-01   2.0270e+00   1.6630e+00
   1.0681e-01   6.5972e-02  -1.6270e-01  -2.2885e-06   1.5515e-01  -2.7325e-01   2.0200e+00   1.6061e+00
   1.0681e-01   7.0684e-02  -1.5310e-01  -2.3266e-06   1.6060e-01  -1.6605e-01   1.9460e+00   1.6264e+00
   1.0681e-01   7.5396e-02  -1.2714e-01  -2.3615e-06   1.6529e-01  -9.0582e-02   1.8779e+00   1.6438e+00
   1.0681e-01   8.0108e-02  -1.3749e-01  -2.3936e-06   1.7272e-01  -1.9469e-02   1.8244e+00   1.6351e+00
   1.0681e-01   8.3250e-02  -1.3463e-01  -2.4229e-06   1.6217e-01   2.5021e-02   1.8220e+00   1.6706e+00
   1.0681e-01   8.7962e-02  -1.3303e-01  -2.4498e-06   1.7928e-01   8.6875e-03   1.7753e+00   1.6094e+00
   0.1052   0.0911  -0.1162  -0.0157   0.1673   0.1359   1.7344   1.6880
   0.1052   0.0958  -0.1006  -0.0031   0.1834   0.1530   1.6684   1.6493
   0.1052   0.0990  -0.0925  -0.0038   0.1698   0.1057   1.7075   1.6577
   0.1052   0.1021  -0.0822  -0.0045   0.1714   0.1784   1.6605   1.6788
   0.1037   0.1052  -0.0904  -0.0211   0.1698   0.1521   1.6713   1.6589
   0.1037   0.1084  -0.0758  -0.0065   0.1703   0.1959   1.6361   1.6729
   0.1037   0.1115  -0.0730  -0.0072   0.1677   0.1288   1.6601   1.6444
   0.1037   0.1131  -0.0681  -0.0079   0.1515   0.1785   1.6716   1.7013
   0.1037   0.1162  -0.0751  -0.0085   0.1633   0.1335   1.6580   1.6422
   0.1037   0.1178  -0.0791  -0.0060   0.1463   0.0741   1.7211   1.6532
   0.1037   0.1209  -0.1000  -0.0059   0.1572   0.1135   1.6821   1.6229
   0.1037   0.1225  -0.0866  -0.0057   0.1394   0.0614   1.7348   1.6469
   0.1037   0.1241  -0.0969  -0.0052   0.1369  -0.0301   1.7804   1.6067
   0.1037   0.1257  -0.1049  -0.0046   0.1317  -0.0029   1.7825   1.6218
   0.1037   0.1272  -0.1160  -0.0043   0.1287  -0.1156   1.8384   1.5738
   0.1037   0.1288  -0.1402  -0.0040   0.1230  -0.0722   1.8435   1.5882
   0.1037   0.1288  -0.1304  -0.0036   0.1041  -0.1045   1.8981   1.6261
   0.1037   0.1304  -0.1363  -0.0033   0.1132  -0.1522   1.8963   1.5775
   0.1037   0.1304  -0.1803  -0.0030   0.0938  -0.1732   1.9758   1.5946
   0.1052   0.1304  -0.1827   0.0129   0.0868  -0.1612   1.9909   1.6152
   0.1052   0.1304  -0.1852   0.0006   0.0796  -0.2297   2.0397   1.6043
   0.1052   0.1319  -0.1776   0.0014   0.0904  -0.2106   1.9996   1.5846
   0.1052   0.1319  -0.1706   0.0024   0.0701  -0.1761   2.0312   1.6506
   0.1052   0.1319  -0.1865   0.0035   0.0654  -0.1410   2.0385   1.6685
   0.1052   0.1319  -0.1869   0.0016   0.0611  -0.1373   2.0496   1.6803
   0.1052   0.1319  -0.2017   0.0018   0.0574  -0.1029   2.0543   1.6959
   0.1052   0.1319  -0.1874   0.0018   0.0508  -0.0556   2.0449   1.7377
   0.1052   0.1319  -0.1733   0.0017   0.0469   0.1447   1.9661   1.8340
   0.1052   0.1304  -0.1910   0.0014   0.0275   0.1116   2.0421   1.8644
   0.1052   0.1304  -0.1844   0.0013   0.0365   0.1513   2.0036   1.8622
   0.1052   0.1304  -0.1939   0.0013   0.0324   0.1893   2.0051   1.8830
   0.1052   0.1304  -0.1936   0.0011   0.0287   0.1437   2.0349   1.8740
   0.1052   0.1304  -0.1762   0.0010   0.0250   0.1232   2.0449   1.8834
   0.1037   0.1304  -0.1656  -0.0148   0.0245   0.1279   2.0408   1.8921
   0.1037   0.1304  -0.1510  -0.0023   0.0221   0.1213   2.0436   1.9027
   0.1037   0.1319  -0.1404  -0.0030   0.0358   0.1183   2.0041   1.8690
   0.1037   0.1319  -0.1332  -0.0038   0.0215   0.0815   2.0509   1.8926
   0.1037   0.1335  -0.1524  -0.0048   0.0365   0.0739   2.0259   1.8393
   0.1037   0.1335  -0.1627  -0.0028   0.0232   0.1219   2.0448   1.8857
   0.1037   0.1351  -0.1594  -0.0029   0.0391   0.1348   1.9973   1.8491
   0.1037   0.1367  -0.1790  -0.0028   0.0398   0.0830   2.0243   1.8121
   0.1037   0.1382  -0.2003  -0.0026   0.0434  -0.0148   2.0644   1.7486
   0.1037   0.1398  -0.1961  -0.0022   0.0448  -0.0366   2.0647   1.7331
   0.1037   0.1414  -0.1910  -0.0021   0.0491  -0.0233   2.0433   1.7250
   0.1037   0.1429  -0.1923  -0.0020   0.0511  -0.0002   2.0264   1.7232
   0.1037   0.1445  -0.1886  -0.0018   0.0534   0.0598   1.9911   1.7379
   0.1037   0.1477  -0.1854  -0.0016   0.0711   0.0818   1.9303   1.6947
   0.1037   0.1492  -0.2060  -0.0015   0.0607   0.0078   1.9927   1.6744
   0.1037   0.1508  -0.2119  -0.0014   0.0630   0.0259   1.9796   1.6673
   0.1037   0.1524  -0.2262  -0.0013   0.0653  -0.0142   1.9948   1.6326
   0.1037   0.1539  -0.2137  -0.0011   0.0677  -0.0573   1.9969   1.6098
   0.1037   0.1555  -0.2151  -0.0011   0.0670  -0.0648   1.9988   1.6017
   0.1037   0.1586  -0.2191  -0.0010   0.0840  -0.0782   1.9579   1.5421
   0.1037   0.1602  -0.2261  -0.0009   0.0725  -0.1172   2.0009   1.5444
   0.1037   0.1618  -0.2295  -0.0008   0.0740  -0.0650   1.9742   1.5537
   0.1037   0.1634  -0.2089  -0.0007   0.0752  -0.0014   1.9304   1.5798
   0.1037   0.1649  -0.1949  -0.0007   0.0769   0.0318   1.9015   1.5897
   0.1037   0.1665  -0.1973  -0.0006   0.0754   0.0058   1.9130   1.5752
   0.1037   0.1681  -0.1964  -0.0006   0.0760   0.0144   1.9036   1.5713
   0.1037   0.1681  -0.1867  -0.0005   0.0607   0.0619   1.9159   1.6307
   0.1037   0.1696  -0.1696  -0.0005   0.0735   0.1670   1.8293   1.6441
   0.1037   0.1712  -0.1582  -0.0004   0.0728   0.1311   1.8354   1.6306
   0.1037   0.1712  -0.1671  -0.0004   0.0566   0.0636   1.9068   1.6374
   0.1037   0.1728  -0.1583  -0.0004   0.0684   0.1279   1.8437   1.6327
   0.1037   0.1728  -0.1439  -0.0003   0.0543   0.1469   1.8622   1.6804
   0.1037   0.1744  -0.1331  -0.0003   0.0661   0.0747   1.8540   1.6222
   0.1037   0.1744  -0.1213  -0.0003   0.0491   0.0946   1.8801   1.6760
   0.1037   0.1744  -0.1404  -0.0003   0.0476   0.1010   1.8919   1.6721
   0.1037   0.1759  -0.1412  -0.0002   0.0591   0.0594   1.8780   1.6213
   0.1037   0.1759  -0.1296  -0.0002   0.0444   0.0650   1.9047   1.6636
   0.1037   0.1759  -0.1333  -0.0002   0.0400  -0.0204   1.9527   1.6374
   0.1037   0.1759  -0.1238  -0.0002   0.0382   0.0390   1.9281   1.6693
   0.1037   0.1775  -0.1390  -0.0002   0.0521  -0.0527   1.9370   1.5859
   0.1037   0.1775  -0.1432  -0.0002   0.0349  -0.1342   2.0136   1.5915
   0.1037   0.1775  -0.0851  -0.0001   0.0331  -0.0872   1.9682   1.6423
   0.1037   0.1775  -0.0817  -0.0001   0.0317  -0.0397   1.9505   1.6657
   0.1037   0.1775  -0.0764  -0.0001   0.0303  -0.0507   1.9556   1.6665
   0.1037   0.1775  -0.1005  -0.0001   0.0260  -0.1281   2.0109   1.6337
   0.1037   0.1775  -0.1024  -0.0001   0.0242  -0.0800   1.9968   1.6556
   1.0367e-01   1.7749e-01  -8.5068e-02  -9.3813e-05   2.2443e-02  -5.9895e-04   1.9594e+00   1.6993e+00
   1.0367e-01   1.7749e-01  -8.6912e-02  -8.6196e-05   2.0600e-02  -6.0626e-02   1.9899e+00   1.6783e+00
   1.0367e-01   1.7749e-01  -8.7836e-02  -7.9216e-05   1.8651e-02  -7.9674e-02   2.0032e+00   1.6743e+00
   1.0367e-01   1.7749e-01  -1.0147e-01  -7.2819e-05   1.7181e-02  -1.1414e-01   2.0285e+00   1.6569e+00
   1.0367e-01   1.7749e-01  -9.6154e-02  -6.6958e-05   1.5775e-02  -4.1753e-02   1.9996e+00   1.6910e+00
   1.0367e-01   1.7749e-01  -9.6637e-02  -6.1587e-05   1.4441e-02  -1.1494e-03   1.9867e+00   1.7096e+00
   1.0367e-01   1.7749e-01  -8.8378e-02  -5.6665e-05   1.3210e-02  -3.3955e-02   1.9992e+00   1.7028e+00
   1.0367e-01   1.7749e-01  -8.2583e-02  -5.2154e-05   1.2121e-02  -4.6237e-02   2.0041e+00   1.7028e+00
   1.0367e-01   1.7749e-01  -8.0701e-02  -4.8021e-05   1.1110e-02  -7.9909e-03   1.9900e+00   1.7208e+00
   1.0367e-01   1.7749e-01  -8.7788e-02  -4.4234e-05   1.0176e-02   4.1247e-02   1.9761e+00   1.7387e+00
   1.0367e-01   1.7749e-01  -8.6722e-02  -4.0764e-05   9.3234e-03   7.8689e-02   1.9625e+00   1.7556e+00
   1.0367e-01   1.7749e-01  -9.2826e-02  -3.7584e-05   8.5462e-03  -3.3460e-02   2.0142e+00   1.7092e+00
   1.0367e-01   1.7749e-01  -8.9689e-02  -3.4669e-05   7.8311e-03  -5.9942e-02   2.0256e+00   1.7013e+00
   1.0367e-01   1.7749e-01  -8.6732e-02  -3.1999e-05   7.1754e-03   6.0457e-02   1.9763e+00   1.7517e+00
   1.0367e-01   1.7907e-01  -8.3029e-02  -2.9552e-05   2.2283e-02   1.1785e-01   1.9104e+00   1.7342e+00
   1.0367e-01   1.7907e-01  -9.7416e-02  -2.7310e-05   9.1671e-03   6.5632e-02   1.9706e+00   1.7371e+00
   1.0367e-01   1.7907e-01  -1.0465e-01  -2.5255e-05   9.2913e-03   1.4909e-02   1.9955e+00   1.7123e+00
   1.0367e-01   1.7907e-01  -1.2160e-01  -2.3372e-05   9.5833e-03   5.6812e-03   2.0082e+00   1.6989e+00
   1.0367e-01   1.8064e-01  -1.1768e-01  -2.1647e-05   2.5772e-02  -4.9428e-03   1.9679e+00   1.6515e+00
   1.0367e-01   1.8064e-01  -1.0628e-01  -2.0065e-05   1.0763e-02  -2.7703e-02   2.0067e+00   1.6831e+00
   1.0367e-01   1.8064e-01  -1.0509e-01  -1.8617e-05   1.1082e-02  -3.6990e-02   2.0096e+00   1.6784e+00
   1.0367e-01   1.8221e-01  -1.0910e-01  -1.7289e-05   2.7148e-02  -6.5370e-02   1.9810e+00   1.6204e+00
   1.0367e-01   1.8221e-01  -1.1251e-01  -1.6072e-05   1.4953e-02  -8.0047e-02   2.0178e+00   1.6412e+00
   1.0367e-01   1.8378e-01  -1.1496e-01  -1.4958e-05   2.8497e-02   4.1286e-03   1.9478e+00   1.6348e+00
   1.0367e-01   1.8378e-01  -9.4668e-02  -1.3936e-05   1.6336e-02   3.6211e-02   1.9525e+00   1.6857e+00
   1.0367e-01   1.8378e-01  -9.7875e-02  -1.3000e-05   1.7387e-02  -3.3780e-02   1.9809e+00   1.6529e+00
   1.0367e-01   1.8535e-01  -1.0200e-01  -1.2142e-05   3.1142e-02  -1.7206e-02   1.9391e+00   1.6183e+00
   1.0367e-01   1.8535e-01  -1.2309e-01  -1.1356e-05   1.8672e-02  -1.4849e-02   1.9788e+00   1.6378e+00
   1.0367e-01   1.8692e-01  -1.3205e-01  -1.0636e-05   3.2415e-02   1.5854e-02   1.9338e+00   1.6062e+00
   1.0367e-01   1.8692e-01  -1.2089e-01  -9.9755e-06   1.9923e-02  -7.0138e-03   1.9668e+00   1.6314e+00
   1.0367e-01   1.8692e-01  -1.1657e-01  -9.3706e-06   2.0430e-02  -6.1916e-02   1.9863e+00   1.6093e+00
   1.0367e-01   1.8692e-01  -1.0941e-01  -8.8164e-06   1.8288e-02   3.1541e-02   1.9492e+00   1.6542e+00
   1.0367e-01   1.8849e-01  -1.0651e-01  -8.3085e-06   3.3919e-02   2.5282e-02   1.9087e+00   1.6092e+00
   1.0367e-01   1.8849e-01  -1.0890e-01  -7.8430e-06   1.8512e-02  -5.6962e-03   1.9589e+00   1.6316e+00
   1.0367e-01   1.8849e-01  -8.0741e-02  -7.4165e-06   1.8230e-02  -6.3253e-02   1.9685e+00   1.6220e+00
   1.0367e-01   1.9006e-01  -7.4792e-02  -7.0257e-06   3.3497e-02  -3.1835e-02   1.9113e+00   1.5945e+00
   1.0367e-01   1.9006e-01  -6.8508e-02  -6.6676e-06   2.0832e-02   2.3548e-02   1.9147e+00   1.6492e+00
   1.0367e-01   1.9006e-01  -8.0059e-02  -6.3394e-06   1.8214e-02   1.6097e-02   1.9300e+00   1.6459e+00
   1.0367e-01   1.9163e-01  -8.3667e-02  -6.0387e-06   3.3862e-02  -1.3427e-02   1.9022e+00   1.5885e+00
   1.0367e-01   1.9163e-01  -6.4771e-02  -5.7631e-06   2.1281e-02   3.5444e-02   1.9013e+00   1.6464e+00
   1.0367e-01   1.9163e-01  -5.7785e-02  -5.5106e-06   1.8838e-02   9.0100e-02   1.8805e+00   1.6766e+00
   1.0367e-01   1.9163e-01  -6.4997e-02  -5.2792e-06   1.8439e-02   2.6741e-02   1.9113e+00   1.6479e+00
   1.0367e-01   1.9320e-01  -7.2646e-02  -5.0672e-06   3.4191e-02  -3.2936e-02   1.8977e+00   1.5762e+00
   1.0367e-01   1.9320e-01  -7.0155e-02  -4.8729e-06   1.8550e-02   5.6030e-02   1.8961e+00   1.6494e+00
   1.0367e-01   1.9320e-01  -5.5663e-02  -4.6948e-06   1.8004e-02  -8.7559e-03   1.9162e+00   1.6310e+00
   1.0367e-01   1.9320e-01  -4.9202e-02  -4.5317e-06   1.7837e-02  -4.3021e-02   1.9270e+00   1.6200e+00
   1.0367e-01   1.9320e-01  -5.4178e-02  -4.3821e-06   1.7716e-02   1.2504e-02   1.9068e+00   1.6392e+00
   1.0367e-01   1.9477e-01  -5.9209e-02  -4.2451e-06   3.0129e-02  -2.4053e-02   1.8900e+00   1.5860e+00
   1.0367e-01   1.9477e-01  -7.3293e-02  -4.1196e-06   1.6737e-02   2.4025e-02   1.9087e+00   1.6294e+00
   1.0367e-01   1.9477e-01  -7.2341e-02  -4.0045e-06   1.6484e-02  -2.5781e-02   1.9291e+00   1.6096e+00
   1.0367e-01   1.9477e-01  -7.4415e-02  -3.8991e-06   1.6213e-02  -7.2059e-02   1.9498e+00   1.5897e+00
   1.0367e-01   1.9477e-01  -7.9417e-02  -3.8025e-06   1.5913e-02  -5.9796e-02   1.9479e+00   1.5919e+00
   1.0367e-01   1.9477e-01  -8.0486e-02  -3.7140e-06   1.3069e-02  -3.6479e-02   1.9454e+00   1.6064e+00
   1.0367e-01   1.9477e-01  -6.4813e-02  -3.6329e-06   1.2336e-02  -6.1120e-02   1.9487e+00   1.6049e+00
   1.0367e-01   1.9477e-01  -6.2787e-02  -3.5586e-06   1.1506e-02  -7.7373e-02   1.9561e+00   1.6004e+00
   1.0367e-01   1.9477e-01  -6.1037e-02  -3.4904e-06   1.0565e-02  -2.5757e-02   1.9358e+00   1.6232e+00
   1.0367e-01   1.9477e-01  -6.6549e-02  -3.4280e-06   9.4952e-03  -1.8243e-02   1.9379e+00   1.6251e+00
   1.0367e-01   1.9477e-01  -7.1629e-02  -3.3708e-06   8.7804e-03  -4.8787e-02   1.9547e+00   1.6111e+00
   1.0367e-01   1.9477e-01  -6.1286e-02  -3.3184e-06   8.0693e-03   2.7912e-02   1.9189e+00   1.6475e+00
   1.0367e-01   1.9477e-01  -5.1963e-02  -3.2704e-06   7.3819e-03   1.0591e-01   1.8831e+00   1.6838e+00
   1.0367e-01   1.9477e-01  -5.7712e-02  -3.2264e-06   6.7454e-03   9.9969e-02   1.8898e+00   1.6793e+00
   1.0367e-01   1.9477e-01  -6.8529e-02  -3.1860e-06   6.1954e-03   2.1197e-02   1.9291e+00   1.6429e+00
   1.0367e-01   1.9477e-01  -6.4435e-02  -3.1491e-06   5.6784e-03   7.6426e-02   1.9052e+00   1.6672e+00
   1.0367e-01   1.9477e-01  -3.7319e-02  -3.1152e-06   5.2002e-03   9.5761e-02   1.8836e+00   1.6884e+00
   1.0367e-01   1.9477e-01  -3.9556e-02  -3.0842e-06   4.7639e-03   3.3803e-02   1.9110e+00   1.6628e+00
   1.0367e-01   1.9477e-01  -5.0748e-02  -3.0557e-06   4.3676e-03   5.4961e-02   1.9088e+00   1.6658e+00
   1.0367e-01   1.9477e-01  -5.6170e-02  -3.0297e-06   4.0020e-03   5.4539e-02   1.9124e+00   1.6630e+00
   1.0367e-01   1.9477e-01  -6.7869e-02  -3.0058e-06   3.6667e-03   3.0995e-02   1.9289e+00   1.6477e+00
   1.0367e-01   1.9477e-01  -4.6357e-02  -2.9839e-06   3.3600e-03   5.5270e-02   1.9078e+00   1.6677e+00
   1.0367e-01   1.9477e-01  -4.7239e-02  -2.9639e-06   3.0793e-03   6.1239e-02   1.9062e+00   1.6694e+00
   1.0367e-01   1.9477e-01  -6.5684e-02  -2.9455e-06   2.8216e-03  -1.4909e-02   1.9477e+00   1.6297e+00
   1.0367e-01   1.9477e-01  -6.8699e-02  -2.9287e-06   2.5855e-03  -6.2518e-02   1.9693e+00   1.6089e+00
   1.0367e-01   1.9634e-01  -6.9652e-02  -2.9132e-06   1.8077e-02   3.7163e-02   1.8870e+00   1.6046e+00
   1.0367e-01   1.9634e-01  -5.3379e-02  -2.8991e-06   5.3126e-03   9.0451e-03   1.9194e+00   1.6308e+00
   1.0367e-01   1.9634e-01  -5.6041e-02  -2.8861e-06   5.7593e-03  -6.1614e-02   1.9486e+00   1.5993e+00
   1.0367e-01   1.9634e-01  -5.7873e-02  -2.8743e-06   6.3469e-03  -2.2235e-02   1.9316e+00   1.6117e+00
   1.0367e-01   1.9634e-01  -7.0352e-02  -2.8634e-06   7.0991e-03  -1.0019e-02   1.9312e+00   1.6077e+00
   1.0367e-01   1.9634e-01  -7.6772e-02  -2.8534e-06   4.9036e-03  -1.6253e-02   1.9421e+00   1.6063e+00
   1.0367e-01   1.9634e-01  -7.2423e-02  -2.8443e-06   4.8218e-03  -3.1730e-02   1.9461e+00   1.6013e+00
   1.0367e-01   1.9634e-01  -6.8547e-02  -2.8359e-06   4.6343e-03   6.8572e-02   1.9029e+00   1.6426e+00
   1.0367e-01   1.9634e-01  -7.0342e-02  -2.8282e-06   4.2918e-03   1.1538e-01   1.8851e+00   1.6602e+00
   1.0367e-01   1.9634e-01  -8.2321e-02  -2.8212e-06   3.7303e-03   4.0457e-02   1.9235e+00   1.6247e+00
   1.0367e-01   1.9634e-01  -8.3430e-02  -2.8148e-06   3.4956e-03   3.9673e-02   1.9248e+00   1.6233e+00
   1.0367e-01   1.9634e-01  -7.2932e-02  -2.8089e-06   3.2304e-03   7.8406e-02   1.9036e+00   1.6434e+00
   1.0367e-01   1.9634e-01  -7.0916e-02  -2.8035e-06   2.9496e-03   5.8837e-02   1.9110e+00   1.6361e+00
   1.0367e-01   1.9634e-01  -7.9889e-02  -2.7985e-06   2.6812e-03   2.8449e-02   1.9288e+00   1.6192e+00
   1.0367e-01   1.9634e-01  -7.9497e-02  -2.7940e-06   2.4714e-03   6.1257e-02   1.9153e+00   1.6319e+00
   1.0367e-01   1.9477e-01  -7.9737e-02  -2.7898e-06  -1.3441e-02   1.2132e-01   1.9330e+00   1.6982e+00
   1.0367e-01   1.9477e-01  -7.0822e-02  -2.7860e-06  -1.0678e-03   2.9469e-02   1.9371e+00   1.6352e+00
   1.0367e-01   1.9477e-01  -7.1840e-02  -2.7825e-06  -1.8712e-03   2.3862e-02   1.9416e+00   1.6334e+00
   1.0367e-01   1.9477e-01  -7.4608e-02  -2.7793e-06  -2.7817e-03   1.6301e-01   1.8876e+00   1.6887e+00
   1.0367e-01   1.9477e-01  -8.8183e-02  -2.7764e-06  -3.8323e-03   1.1098e-01   1.9186e+00   1.6628e+00
   1.0367e-01   1.9477e-01  -9.2446e-02  -2.7737e-06  -1.9106e-03   4.4690e-02   1.9437e+00   1.6286e+00
   1.0367e-01   1.9477e-01  -7.2567e-02  -2.7712e-06  -2.0792e-03   4.8432e-02   1.9318e+00   1.6391e+00
   1.0367e-01   1.9477e-01  -7.2663e-02  -2.7690e-06  -2.1208e-03   5.4951e-02   1.9291e+00   1.6407e+00
   1.0367e-01   1.9477e-01  -8.1861e-02  -2.7669e-06  -1.9886e-03   1.9694e-02   1.9481e+00   1.6208e+00
   1.0367e-01   1.9477e-01  -8.1457e-02  -2.7650e-06  -1.6198e-03   6.1987e-02   1.9294e+00   1.6359e+00
   1.0367e-01   1.9477e-01  -9.3042e-02  -2.7632e-06  -1.5617e-03   1.0798e-01   1.9164e+00   1.6473e+00
   1.0367e-01   1.9477e-01  -8.7721e-02  -2.7617e-06  -1.4582e-03  -4.0204e-03   1.9594e+00   1.6039e+00
   1.0367e-01   1.9477e-01  -9.1540e-02  -2.7602e-06  -1.3257e-03   5.2342e-02   1.9378e+00   1.6231e+00
   1.0367e-01   1.9477e-01  -1.0170e-01  -2.7589e-06  -1.1931e-03   1.1834e-01   1.9156e+00   1.6430e+00
   1.0367e-01   1.9477e-01  -1.0550e-01  -2.7576e-06  -1.1077e-03   9.1923e-02   1.9284e+00   1.6292e+00
   1.0367e-01   1.9477e-01  -1.1152e-01  -2.7565e-06  -1.0169e-03   3.9502e-02   1.9530e+00   1.6039e+00
   1.0367e-01   1.9477e-01  -1.0696e-01  -2.7555e-06  -9.2867e-04   2.6050e-02   1.9559e+00   1.5993e+00
   1.0367e-01   1.9477e-01  -1.0556e-01  -2.7545e-06  -8.4928e-04   5.7807e-02   1.9419e+00   1.6112e+00
   1.0367e-01   1.9477e-01  -1.1772e-01  -2.7537e-06  -7.8052e-04  -5.2071e-02   1.9936e+00   1.5601e+00
   1.0367e-01   1.9477e-01  -1.0387e-01  -2.7529e-06  -7.1508e-04   2.0572e-02   1.9561e+00   1.5944e+00
   1.0367e-01   1.9477e-01  -9.3575e-02  -2.7522e-06  -6.5471e-04   1.0982e-01   1.9137e+00   1.6337e+00
   1.0367e-01   1.9477e-01  -8.7331e-02  -2.7515e-06  -5.9992e-04   7.3454e-02   1.9251e+00   1.6210e+00
   1.0367e-01   1.9477e-01  -9.1329e-02  -2.7509e-06  -5.5004e-04   3.2832e-02   1.9438e+00   1.6016e+00
   1.0367e-01   1.9477e-01  -1.0284e-01  -2.7503e-06  -5.0395e-04   2.3066e-02   1.9538e+00   1.5908e+00
   0.1021   0.1948  -0.1100  -0.0157  -0.0005   0.0545   1.9446   1.5985
   0.1021   0.1948  -0.0928  -0.0031  -0.0004   0.0248   1.9476   1.5938
   0.1021   0.1948  -0.0850  -0.0038  -0.0004  -0.0238   1.9633   1.5770
   0.1021   0.1948  -0.0861  -0.0045  -0.0004   0.0558   1.9308   1.6071
   0.1021   0.1948  -0.0804  -0.0054  -0.0003   0.0466   1.9314   1.6050
   0.1021   0.1948  -0.0811  -0.0034  -0.0003   0.0013   1.9503   1.5855
   0.1021   0.1948  -0.0741  -0.0034  -0.0003  -0.0105   1.9512   1.5831
   0.1021   0.1948  -0.0703  -0.0034  -0.0003   0.0202   1.9363   1.5961
   0.1021   0.1948  -0.0719  -0.0031  -0.0002   0.0352   1.9307   1.6002
   0.1021   0.1948  -0.0789  -0.0027  -0.0002  -0.0258   1.9594   1.5714
   0.1021   0.1948  -0.0646  -0.0025  -0.0002   0.0526   1.9192   1.6086
   0.1021   0.1948  -0.0575  -0.0023  -0.0002   0.1065   1.8929   1.6325
   0.1021   0.1948  -0.0551  -0.0021  -0.0002   0.1721   1.8643   1.6589
   0.1005   0.1948  -0.0699  -0.0176  -0.0001   0.0768   1.9111   1.6127
   0.1005   0.1948  -0.0727  -0.0049  -0.0001   0.0113   1.9394   1.5842
   0.1005   0.1948  -0.0448  -0.0054  -0.0001   0.0867   1.8932   1.6268
   0.1005   0.1948  -0.0457  -0.0060  -0.0001   0.0480   1.9093   1.6100
   0.1005   0.1948  -0.0485  -0.0068  -0.0001   0.0224   1.9210   1.5975
   1.0053e-01   1.9477e-01  -5.4802e-02  -4.6257e-03  -9.5844e-05   3.0807e-02   1.9206e+00   1.5969e+00
   1.0053e-01   1.9477e-01  -5.9146e-02  -4.5672e-03  -8.7827e-05   5.8535e-02   1.9111e+00   1.6049e+00
   1.0053e-01   1.9477e-01  -5.0534e-02  -4.4007e-03  -8.0481e-05  -4.1882e-03   1.9321e+00   1.5831e+00
   1.0053e-01   1.9477e-01  -5.5361e-02  -4.0779e-03  -7.3749e-05  -1.9614e-02   1.9407e+00   1.5737e+00
   1.0053e-01   1.9477e-01  -6.8932e-02  -3.5349e-03  -6.7580e-05   7.7804e-02   1.9075e+00   1.6050e+00
   1.0053e-01   1.9477e-01  -7.6366e-02  -3.3167e-03  -6.1927e-05   3.4745e-02   1.9290e+00   1.5831e+00
   1.0053e-01   1.9477e-01  -7.8026e-02  -3.0666e-03  -5.6747e-05  -9.0385e-03   1.9478e+00   1.5638e+00
   1.0053e-01   1.9477e-01  -7.2805e-02  -2.7998e-03  -5.2001e-05  -3.5364e-03   1.9426e+00   1.5675e+00
   1.0053e-01   1.9477e-01  -7.3305e-02  -2.5441e-03  -4.7651e-05   2.7953e-02   1.9297e+00   1.5788e+00
   1.0053e-01   1.9477e-01  -8.0042e-02  -2.3460e-03  -4.3665e-05  -9.3949e-02   1.9834e+00   1.5258e+00
   1.0053e-01   1.9477e-01  -7.9716e-02  -2.1518e-03  -4.0013e-05  -1.0429e-01   1.9873e+00   1.5208e+00
   1.0053e-01   1.9477e-01  -3.7965e-02  -1.9689e-03  -3.6666e-05  -5.7470e-02   1.9455e+00   1.5588e+00
   1.0053e-01   1.9477e-01  -2.5094e-02  -1.8027e-03  -3.3599e-05   6.9684e-03   1.9117e+00   1.5900e+00
   1.0053e-01   1.9477e-01  -3.4264e-02  -1.6544e-03  -3.0789e-05  -2.2925e-02   1.9284e+00   1.5728e+00
   1.0053e-01   1.9477e-01  -3.7814e-02  -1.5161e-03  -2.8213e-05  -3.7638e-02   1.9360e+00   1.5644e+00
   1.0053e-01   1.9477e-01  -3.1531e-02  -1.3890e-03  -2.5853e-05   1.8042e-02   1.9093e+00   1.5888e+00
   1.0053e-01   1.9477e-01  -3.1695e-02  -1.2730e-03  -2.3691e-05   1.0166e-01   1.8744e+00   1.6213e+00
   1.0053e-01   1.9477e-01  -3.9952e-02  -1.1671e-03  -2.1709e-05  -8.3363e-03   1.9238e+00   1.5726e+00
   9.8957e-02   1.9477e-01  -3.5097e-02  -1.6777e-02  -1.9893e-05   2.1140e-02   1.9087e+00   1.5859e+00
   9.8957e-02   1.9477e-01  -2.9757e-02  -4.1218e-03  -1.8229e-05   3.0459e-02   1.9016e+00   1.5914e+00
   9.8957e-02   1.9477e-01  -1.8617e-02  -4.6683e-03  -1.6705e-05   1.4836e-02   1.9016e+00   1.5898e+00
   9.8957e-02   1.9477e-01  -1.5962e-02  -5.3474e-03  -1.5307e-05  -2.4909e-02   1.9161e+00   1.5746e+00
   9.8957e-02   1.9477e-01  -1.8577e-02  -6.1835e-03  -1.4027e-05   2.4767e-02   1.8965e+00   1.5924e+00
   9.8957e-02   1.9477e-01  -2.8786e-02  -4.0647e-03  -1.2854e-05  -3.7094e-02   1.9270e+00   1.5620e+00
   9.8957e-02   1.9477e-01  -7.2926e-03  -4.0533e-03  -1.1779e-05   5.1664e-03   1.8976e+00   1.5886e+00
   9.8957e-02   1.9477e-01  -4.1522e-03  -3.9303e-03  -1.0793e-05   4.7438e-02   1.8779e+00   1.6063e+00
   9.8957e-02   1.9477e-01  -1.7968e-02  -3.6469e-03  -9.8905e-06  -4.1535e-02   1.9214e+00   1.5634e+00
   9.8957e-02   1.9477e-01  -1.9362e-02  -3.1396e-03  -9.0632e-06  -3.9634e-02   1.9209e+00   1.5628e+00
   9.8957e-02   1.9477e-01  -1.6230e-02  -2.9546e-03  -8.3051e-06  -1.5738e-02   1.9089e+00   1.5731e+00
   9.8957e-02   1.9477e-01  -7.8487e-03  -2.7348e-03  -7.6104e-06  -2.8285e-02   1.9091e+00   1.5715e+00
   9.8957e-02   1.9477e-01  -1.5102e-02  -2.4957e-03  -6.9738e-06  -6.2715e-02   1.9266e+00   1.5536e+00
   9.8957e-02   1.9477e-01  -1.5835e-02  -2.2655e-03  -6.3905e-06   2.5502e-03   1.8995e+00   1.5785e+00
   9.8957e-02   1.9477e-01  -2.8715e-02  -2.0907e-03  -5.8560e-06  -6.8723e-02   1.9353e+00   1.5431e+00
   9.8957e-02   1.9477e-01  -3.1523e-02  -1.9179e-03  -5.3661e-06  -1.7151e-02   1.9151e+00   1.5615e+00
   9.8957e-02   1.9477e-01  -3.6977e-02  -1.7545e-03  -4.9173e-06   4.6901e-02   1.8912e+00   1.5836e+00
   9.8957e-02   1.9477e-01  -4.0718e-02  -1.6063e-03  -4.5060e-06  -9.2008e-04   1.9125e+00   1.5619e+00
   9.8957e-02   1.9477e-01  -3.5245e-02  -1.4744e-03  -4.1291e-06  -5.9106e-02   1.9332e+00   1.5405e+00
   9.8957e-02   1.9477e-01  -2.8920e-02  -1.3512e-03  -3.7837e-06   2.6397e-02   1.8942e+00   1.5769e+00
   0.0990   0.1932  -0.0261  -0.0012  -0.0157   0.0176   1.9379   1.6171
   0.0990   0.1932  -0.0302  -0.0011  -0.0031  -0.0400   1.9341   1.5613
   0.0990   0.1932  -0.0362  -0.0010  -0.0038   0.0281   1.9103   1.5863
   0.0990   0.1932  -0.0322  -0.0010  -0.0045   0.0183   1.9136   1.5854
   0.0990   0.1932  -0.0371  -0.0009  -0.0054  -0.0030   1.9268   1.5759
   0.0990   0.1932  -0.0649  -0.0008  -0.0034   0.0127   1.9300   1.5628
   0.0990   0.1932  -0.0737  -0.0007  -0.0034   0.0541   1.9176   1.5742
   0.0990   0.1932  -0.0720  -0.0007  -0.0034  -0.0216   1.9476   1.5437
   0.0990   0.1932  -0.0644  -0.0006  -0.0031   0.0319   1.9208   1.5672
   0.0990   0.1932  -0.0682  -0.0006  -0.0027   0.0229   1.9253   1.5597
   0.0990   0.1932  -0.0708  -0.0005  -0.0025  -0.0538   1.9578   1.5265
   0.0990   0.1932  -0.0612  -0.0005  -0.0023  -0.0501   1.9506   1.5313
   0.0990   0.1916  -0.0438  -0.0004  -0.0178   0.0063   1.9594   1.6040
   0.0990   0.1916  -0.0475  -0.0004  -0.0051  -0.0244   1.9439   1.5586
   0.0990   0.1916  -0.0514  -0.0004  -0.0055  -0.0323   1.9502   1.5540
   0.0990   0.1916  -0.0560  -0.0003  -0.0062  -0.0311   1.9533   1.5529
   0.0990   0.1916  -0.0555  -0.0003  -0.0069   0.0568   1.9184   1.5891
   0.0990   0.1916  -0.0604  -0.0003  -0.0047   0.0216   1.9302   1.5667
   0.0990   0.1916  -0.0607  -0.0003  -0.0047  -0.0182   1.9466   1.5496
   0.0990   0.1916  -0.0538  -0.0002  -0.0045  -0.0210   1.9434   1.5506
   0.0990   0.1916  -0.0492  -0.0002  -0.0042   0.0227   1.9220   1.5686
   0.0990   0.1916  -0.0459  -0.0002  -0.0036  -0.0083   1.9315   1.5558
   0.0990   0.1916  -0.0448  -0.0002  -0.0034  -0.0395   1.9430   1.5426
   0.0990   0.1916  -0.0588  -0.0002  -0.0031   0.0355   1.9187   1.5643
   0.0990   0.1916  -0.0575  -0.0002  -0.0029  -0.0096   1.9358   1.5454
   0.0990   0.1916  -0.0583  -0.0001  -0.0026  -0.0303   1.9440   1.5353
   0.0990   0.1916  -0.0797  -0.0001  -0.0024  -0.0034   1.9437   1.5342
   0.0990   0.1916  -0.0893  -0.0001  -0.0022   0.0225   1.9376   1.5384
   0.0990   0.1916  -0.0787  -0.0001  -0.0020  -0.0105   1.9451   1.5289
   0.0990   0.1916  -0.0759  -0.0001  -0.0018  -0.0385   1.9547   1.5178
   9.8957e-02   1.9163e-01  -7.1926e-02  -9.2625e-05  -1.6886e-03  -2.7601e-02   1.9477e+00   1.5227e+00
   9.8957e-02   1.9163e-01  -7.2991e-02  -8.5107e-05  -1.5472e-03   5.5483e-03   1.9342e+00   1.5342e+00
   9.8957e-02   1.9163e-01  -6.6858e-02  -7.8217e-05  -1.4172e-03  -3.1978e-02   1.9460e+00   1.5210e+00
   9.8957e-02   1.9163e-01  -5.6022e-02  -7.1904e-05  -1.2986e-03  -1.9704e-02   1.9347e+00   1.5300e+00
   9.8957e-02   1.9163e-01  -5.8734e-02  -6.6119e-05  -1.1903e-03  -5.3917e-02   1.9498e+00   1.5139e+00
   9.8957e-02   1.9163e-01  -4.3144e-02  -6.0818e-05  -1.0907e-03   1.3460e-02   1.9133e+00   1.5473e+00
   0.0974   0.1916  -0.0288  -0.0158  -0.0010   0.0243   1.9007   1.5577
   0.0974   0.1916  -0.0347  -0.0032  -0.0009   0.0357   1.8986   1.5585
   0.0974   0.1916  -0.0567  -0.0038  -0.0008  -0.0376   1.9401   1.5176
   0.0974   0.1916  -0.0762  -0.0046  -0.0008   0.0245   1.9246   1.5318
   0.0974   0.1916  -0.0658  -0.0055  -0.0007  -0.0208   1.9375   1.5177
   0.0974   0.1916  -0.0640  -0.0034  -0.0006  -0.0437   1.9457   1.5084
   0.0974   0.1916  -0.0617  -0.0035  -0.0006  -0.0372   1.9415   1.5112
   0.0974   0.1916  -0.0545  -0.0034  -0.0005  -0.0189   1.9298   1.5210
   0.0974   0.1901  -0.0466  -0.0031  -0.0162  -0.0578   1.9834   1.5515
   0.0974   0.1901  -0.0417  -0.0027  -0.0036  -0.0260   1.9380   1.5357
   0.0974   0.1901  -0.0400  -0.0025  -0.0042  -0.0356   1.9422   1.5334
   0.0974   0.1901  -0.0569  -0.0023  -0.0049   0.0187   1.9303   1.5478
   0.0974   0.1901  -0.0520  -0.0021  -0.0058  -0.0210   1.9460   1.5356
   0.0974   0.1901  -0.0549  -0.0019  -0.0037  -0.0255   1.9444   1.5266
   0.0974   0.1901  -0.0653  -0.0018  -0.0037  -0.0353   1.9539   1.5169
   0.0974   0.1901  -0.0811  -0.0016  -0.0036   0.0015   1.9468   1.5228
   0.0974   0.1901  -0.0720  -0.0015  -0.0034  -0.0387   1.9580   1.5097
   0.0974   0.1901  -0.0743  -0.0014  -0.0029  -0.0639   1.9684   1.4964
   0.0974   0.1901  -0.0631  -0.0013  -0.0027  -0.0350   1.9501   1.5122
   0.0974   0.1885  -0.0566  -0.0012  -0.0182  -0.0045   1.9755   1.5693
   0.0974   0.1885  -0.0609  -0.0011  -0.0054  -0.0063   1.9486   1.5352
   0.0974   0.1885  -0.0626  -0.0010  -0.0058  -0.0388   1.9638   1.5216
   0.0974   0.1885  -0.0569  -0.0009  -0.0064  -0.0011   1.9465   1.5401
   0.0974   0.1885  -0.0505  -0.0008  -0.0072   0.0566   1.9209   1.5673
   0.0974   0.1885  -0.0557  -0.0007  -0.0050   0.0201   1.9335   1.5442
   0.0974   0.1885  -0.0650  -0.0007  -0.0049  -0.0263   1.9573   1.5201
   0.0974   0.1885  -0.0731  -0.0006  -0.0047   0.0259   1.9397   1.5357
   0.0974   0.1885  -0.0733  -0.0006  -0.0044   0.0330   1.9360   1.5368
   0.0974   0.1885  -0.0724  -0.0005  -0.0038  -0.0004   1.9480   1.5217
   0.0974   0.1885  -0.0837  -0.0005  -0.0035  -0.0618   1.9788   1.4903
   0.0974   0.1885  -0.0802  -0.0004  -0.0033  -0.0361   1.9658   1.5007
   0.0974   0.1885  -0.0742  -0.0004  -0.0030  -0.0274   1.9584   1.5056
   0.0974   0.1885  -0.0750  -0.0004  -0.0027   0.0169   1.9399   1.5213
   0.0974   0.1885  -0.0853  -0.0003  -0.0025  -0.0500   1.9725   1.4883
   0.0974   0.1885  -0.0814  -0.0003  -0.0023  -0.0994   1.9904   1.4691
   0.0974   0.1885  -0.0648  -0.0003  -0.0021  -0.0576   1.9639   1.4925
   0.0974   0.1885  -0.0489  -0.0003  -0.0019   0.0164   1.9244   1.5286
   0.0974   0.1885  -0.0631  -0.0002  -0.0018  -0.0631   1.9643   1.4888
   0.0974   0.1885  -0.0666  -0.0002  -0.0016  -0.0582   1.9637   1.4880
   0.0974   0.1885  -0.0458  -0.0002  -0.0015  -0.0036   1.9297   1.5188
   0.0974   0.1885  -0.0478  -0.0002  -0.0014   0.1094   1.8837   1.5619
   0.0974   0.1885  -0.0464  -0.0002  -0.0012   0.0410   1.9108   1.5343
   0.0974   0.1885  -0.0526  -0.0002  -0.0011  -0.0178   1.9380   1.5069
   0.0974   0.1885  -0.0484  -0.0001  -0.0010   0.0015   1.9274   1.5158
   0.0974   0.1885  -0.0483  -0.0001  -0.0010   0.0634   1.9015   1.5396
   0.0974   0.1885  -0.0474  -0.0001  -0.0009   0.0045   1.9250   1.5156
   0.0958   0.1885  -0.0482  -0.0158  -0.0008  -0.0853   1.9622   1.4786
   0.0958   0.1885  -0.0358  -0.0032  -0.0007   0.0099   1.9159   1.5218
   0.0958   0.1885  -0.0419  -0.0039  -0.0007  -0.0094   1.9268   1.5103
   0.0958   0.1885  -0.0455  -0.0046  -0.0006  -0.0385   1.9404   1.4961
   0.0958   0.1885  -0.0326  -0.0055  -0.0006  -0.0259   1.9281   1.5067
   0.0958   0.1885  -0.0301  -0.0034  -0.0005   0.1179   1.8671   1.5645
   0.0958   0.1885  -0.0438  -0.0035  -0.0005   0.0298   1.9104   1.5219
   0.0958   0.1885  -0.0628  -0.0034  -0.0004   0.0003   1.9325   1.5001
   0.0958   0.1885  -0.0426  -0.0032  -0.0004   0.0407   1.9049   1.5253
   0.0958   0.1885  -0.0414  -0.0027  -0.0004   0.0715   1.8912   1.5374
   0.0958   0.1885  -0.0535  -0.0026  -0.0003  -0.0032   1.9283   1.5009
   0.0958   0.1885  -0.0525  -0.0024  -0.0003  -0.0324   1.9397   1.4890
   0.0958   0.1885  -0.0450  -0.0022  -0.0003  -0.0645   1.9487   1.4791
   0.0958   0.1885  -0.0288  -0.0020  -0.0003   0.0400   1.8967   1.5280
   0.0958   0.1885  -0.0431  -0.0018  -0.0002  -0.0185   1.9282   1.4970
   0.0958   0.1885  -0.0497  -0.0017  -0.0002  -0.0450   1.9425   1.4825
   0.0958   0.1885  -0.0326  -0.0015  -0.0002   0.0028   1.9134   1.5092
   0.0958   0.1885  -0.0286  -0.0014  -0.0002   0.0972   1.8720   1.5482
   0.0958   0.1885  -0.0364  -0.0013  -0.0002   0.0504   1.8953   1.5250
   0.0958   0.1885  -0.0475  -0.0012  -0.0002  -0.0065   1.9245   1.4962
   0.0958   0.1885  -0.0379  -0.0011  -0.0001   0.0101   1.9123   1.5068
   0.0958   0.1885  -0.0327  -0.0010  -0.0001   0.0694   1.8848   1.5324
   0.0958   0.1885  -0.0325  -0.0009  -0.0001  -0.0568   1.9365   1.4815
   0.0958   0.1885  -0.0301  -0.0008  -0.0001  -0.0864   1.9472   1.4702
   9.5816e-02   1.8849e-01  -2.4800e-02  -7.5602e-04  -9.8940e-05   2.5525e-02   1.8979e+00   1.5168e+00
   9.5816e-02   1.8849e-01  -3.2382e-02  -6.9303e-04  -9.0664e-05  -3.6603e-02   1.9273e+00   1.4878e+00
   9.5816e-02   1.8849e-01  -4.4110e-02  -6.3533e-04  -8.3080e-05  -5.7995e-02   1.9422e+00   1.4729e+00
   0.0958   0.1869  -0.0324  -0.0006  -0.0158   0.0011   1.9534   1.5446
   0.0958   0.1869  -0.0301  -0.0005  -0.0032   0.0490   1.9029   1.5341
   0.0958   0.1869  -0.0466  -0.0005  -0.0038  -0.0734   1.9634   1.4782
   0.0958   0.1869  -0.0564  -0.0004  -0.0046  -0.0463   1.9591   1.4854
   0.0958   0.1869  -0.0431  -0.0004  -0.0055   0.0260   1.9242   1.5222
   0.0958   0.1869  -0.0481  -0.0004  -0.0034  -0.0055   1.9350   1.5016
   0.0958   0.1869  -0.0415  -0.0003  -0.0035  -0.0469   1.9486   1.4877
   0.0958   0.1869  -0.0289  -0.0003  -0.0034   0.0327   1.9087   1.5249
   0.0958   0.1869  -0.0254  -0.0003  -0.0032   0.0951   1.8803   1.5504
   0.0958   0.1869  -0.0364  -0.0003  -0.0027  -0.0189   1.9319   1.4979
   0.0958   0.1869  -0.0430  -0.0002  -0.0025  -0.0070   1.9300   1.4985
   0.0958   0.1853  -0.0311  -0.0002  -0.0181   0.0436   1.9443   1.5666
   0.0958   0.1853  -0.0270  -0.0002  -0.0053   0.0954   1.8907   1.5582
   0.0958   0.1853  -0.0464  -0.0002  -0.0057  -0.0280   1.9528   1.5000
   0.0958   0.1853  -0.0431  -0.0002  -0.0063  -0.0121   1.9459   1.5088
   0.0958   0.1853  -0.0331  -0.0002  -0.0071   0.0327   1.9237   1.5328
   0.0958   0.1853  -0.0244  -0.0001  -0.0049   0.0535   1.9053   1.5395
   0.0958   0.1853  -0.0317  -0.0001  -0.0048  -0.0606   1.9559   1.4898
   0.0958   0.1853  -0.0318  -0.0001  -0.0046   0.0167   1.9234   1.5197
   0.0958   0.1853  -0.0158  -0.0001  -0.0043   0.0468   1.9015   1.5382
   0.0958   0.1853  -0.0247  -0.0001  -0.0037  -0.0032   1.9254   1.5121
   9.5816e-02   1.8535e-01  -3.0265e-02  -9.5321e-05  -3.4800e-03  -1.3425e-02   1.9319e+00   1.5043e+00
   9.5816e-02   1.8535e-01  -3.1941e-02  -8.7577e-05  -3.2164e-03   8.5402e-03   1.9229e+00   1.5111e+00
   9.5816e-02   1.8535e-01  -2.8587e-02  -8.0481e-05  -2.9367e-03   5.1510e-03   1.9218e+00   1.5102e+00
   9.5816e-02   1.8535e-01  -3.3624e-02  -7.3979e-05  -2.6693e-03  -3.4321e-02   1.9400e+00   1.4908e+00
   9.5816e-02   1.8535e-01  -1.9421e-02  -6.8020e-05  -2.4605e-03   1.5583e-02   1.9111e+00   1.5167e+00
   9.5816e-02   1.8535e-01  -1.4566e-02  -6.2560e-05  -2.2566e-03   4.1729e-03   1.9126e+00   1.5136e+00
   9.5816e-02   1.8535e-01  -1.4123e-02  -5.7557e-05  -2.0646e-03   1.8524e-02   1.9057e+00   1.5187e+00
   9.5816e-02   1.8535e-01  -2.2589e-02  -5.2972e-05  -1.8902e-03  -1.9698e-02   1.9254e+00   1.4984e+00
   9.5816e-02   1.8535e-01  -1.9633e-02  -4.8771e-05  -1.7344e-03   4.4819e-02   1.8966e+00   1.5248e+00
   9.5816e-02   1.8535e-01  -1.3710e-02  -4.4921e-05  -1.5891e-03  -1.1706e-02   1.9162e+00   1.5044e+00
   9.5816e-02   1.8535e-01  -8.8575e-03  -4.1393e-05  -1.4557e-03   4.4419e-02   1.8899e+00   1.5284e+00
   9.5816e-02   1.8535e-01  -2.9121e-02  -3.8160e-05  -1.3339e-03   3.9315e-02   1.9023e+00   1.5158e+00
   9.5816e-02   1.8535e-01  -4.0158e-02  -3.5198e-05  -1.2226e-03   8.8981e-04   1.9237e+00   1.4943e+00
   9.5816e-02   1.8535e-01  -3.4225e-02  -3.2483e-05  -1.1203e-03  -1.4918e-02   1.9267e+00   1.4901e+00
   9.5816e-02   1.8535e-01  -3.2362e-02  -2.9996e-05  -1.0265e-03   5.2950e-02   1.8973e+00   1.5173e+00
   9.5816e-02   1.8535e-01  -3.5205e-02  -2.7716e-05  -9.4064e-04  -4.7604e-02   1.9400e+00   1.4751e+00
   9.5816e-02   1.8535e-01  -3.3361e-02  -2.5627e-05  -8.6200e-04  -1.0475e-01   1.9623e+00   1.4525e+00
   9.5816e-02   1.8535e-01  -1.1983e-02  -2.3713e-05  -7.8987e-04   3.5995e-02   1.8925e+00   1.5184e+00
   9.5816e-02   1.8535e-01  -2.2502e-02  -2.1959e-05  -7.2380e-04  -3.4240e-02   1.9267e+00   1.4847e+00
   9.5816e-02   1.8535e-01  -2.8926e-02  -2.0352e-05  -6.6326e-04  -4.4288e-02   1.9339e+00   1.4769e+00
   9.5816e-02   1.8535e-01  -1.4244e-02  -1.8879e-05  -6.0779e-04   7.5373e-03   1.9044e+00   1.5042e+00
   9.5816e-02   1.8535e-01  -8.7418e-03  -1.7530e-05  -5.5694e-04   1.1524e-01   1.8567e+00   1.5493e+00
   9.5816e-02   1.8535e-01  -2.3572e-02  -1.6293e-05  -5.1036e-04  -1.7548e-02   1.9190e+00   1.4886e+00
   9.5816e-02   1.8535e-01  -3.8983e-02  -1.5160e-05  -4.6767e-04  -8.7548e-04   1.9201e+00   1.4871e+00
   9.5816e-02   1.8535e-01  -3.3280e-02  -1.4121e-05  -4.2855e-04   5.5035e-02   1.8938e+00   1.5116e+00
   9.5816e-02   1.8535e-01  -4.0559e-02  -1.3170e-05  -3.9270e-04   3.0735e-02   1.9075e+00   1.4977e+00
   9.5816e-02   1.8535e-01  -3.0413e-02  -1.2298e-05  -3.5986e-04   2.5542e-02   1.9041e+00   1.5000e+00
   9.5816e-02   1.8535e-01  -2.6672e-02  -1.1498e-05  -3.2976e-04   5.7329e-02   1.8887e+00   1.5139e+00
   9.5816e-02   1.8535e-01  -2.4263e-02  -1.0766e-05  -3.0217e-04   6.2588e-02   1.8850e+00   1.5166e+00
   9.5816e-02   1.8535e-01  -4.9559e-02  -1.0095e-05  -2.7690e-04   2.5723e-02   1.9135e+00   1.4890e+00
   9.5816e-02   1.8535e-01  -5.8273e-02  -9.4803e-06  -2.5374e-04   2.5470e-02   1.9182e+00   1.4840e+00
   9.5816e-02   1.8535e-01  -5.3809e-02  -8.9169e-06  -2.3251e-04  -1.0678e-02   1.9307e+00   1.4710e+00
   9.5816e-02   1.8535e-01  -4.3978e-02  -8.4005e-06  -2.1306e-04   5.8791e-02   1.8967e+00   1.5029e+00
   9.5816e-02   1.8535e-01  -3.9825e-02  -7.9274e-06  -1.9524e-04   3.3111e-02   1.9050e+00   1.4941e+00
   9.5816e-02   1.8535e-01  -4.3963e-02  -7.4939e-06  -1.7891e-04  -5.4776e-02   1.9433e+00   1.4564e+00
   9.5816e-02   1.8535e-01  -3.2013e-02  -7.0966e-06  -1.6395e-04  -3.2761e-02   1.9277e+00   1.4704e+00
   9.5816e-02   1.8535e-01  -4.1810e-02  -6.7325e-06  -1.5023e-04   3.3531e-02   1.9055e+00   1.4915e+00
   9.5816e-02   1.8535e-01  -4.2832e-02  -6.3989e-06  -1.3767e-04   2.0260e-02   1.9114e+00   1.4851e+00
   9.5816e-02   1.8535e-01  -3.3869e-02  -6.0932e-06  -1.2615e-04  -3.8465e-02   1.9307e+00   1.4655e+00
   9.5816e-02   1.8535e-01  -2.4032e-02  -5.8131e-06  -1.1560e-04   1.1620e-01   1.8615e+00   1.5315e+00
   9.5816e-02   1.8535e-01  -3.5230e-02  -5.5564e-06  -1.0593e-04   6.7459e-02   1.8874e+00   1.5060e+00
   9.4245e-02   1.8535e-01  -3.7411e-02  -1.5713e-02  -9.7069e-05   2.2906e-02   1.9068e+00   1.4866e+00
   9.4245e-02   1.8535e-01  -3.3696e-02  -3.1466e-03  -8.8950e-05  -1.6557e-02   1.9210e+00   1.4722e+00
   9.4245e-02   1.8535e-01  -2.6446e-02  -3.7747e-03  -8.1510e-05   1.0315e-01   1.8675e+00   1.5229e+00
   9.4245e-02   1.8535e-01  -3.1177e-02  -4.5285e-03  -7.4692e-05   8.9593e-03   1.9088e+00   1.4826e+00
   9.4245e-02   1.8535e-01  -2.9445e-02  -5.4331e-03  -6.8444e-05  -9.8295e-02   1.9519e+00   1.4401e+00
   9.4245e-02   1.8535e-01  -1.2299e-02  -3.3771e-03  -6.2719e-05  -1.6663e-02   1.9089e+00   1.4806e+00
   9.4245e-02   1.8535e-01  -2.7395e-02  -3.4232e-03  -5.7473e-05   1.9235e-02   1.9019e+00   1.4871e+00
   9.4245e-02   1.8535e-01  -2.9662e-02  -3.3529e-03  -5.2666e-05  -1.6777e-02   1.9178e+00   1.4711e+00
   9.4245e-02   1.8535e-01  -1.1420e-02  -3.1178e-03  -4.8260e-05  -6.4103e-03   1.9036e+00   1.4837e+00
   9.4245e-02   1.8535e-01  -9.1954e-03  -2.6548e-03  -4.4224e-05   8.1183e-02   1.8660e+00   1.5193e+00
   9.4245e-02   1.8535e-01  -1.6626e-02  -2.5103e-03  -4.0525e-05  -1.2990e-02   1.9086e+00   1.4777e+00
   9.4245e-02   1.8535e-01  -1.9602e-02  -2.3277e-03  -3.7135e-05  -9.3116e-03   1.9084e+00   1.4773e+00
   9.4245e-02   1.8535e-01  -1.1066e-02  -2.1227e-03  -3.4029e-05   3.4315e-02   1.8856e+00   1.4984e+00
   9.4245e-02   1.8535e-01  -2.3889e-02  -1.9236e-03  -3.1182e-05   2.5931e-02   1.8957e+00   1.4884e+00
   9.4245e-02   1.8535e-01  -1.9941e-02  -1.7774e-03  -2.8574e-05  -5.8815e-02   1.9283e+00   1.4560e+00
   9.4245e-02   1.8535e-01  -1.2257e-02  -1.6308e-03  -2.6184e-05   3.0360e-02   1.8872e+00   1.4949e+00
   9.4245e-02   1.8535e-01  -8.2545e-03  -1.4915e-03  -2.3994e-05   4.8378e-02   1.8774e+00   1.5037e+00
   9.4245e-02   1.8535e-01  -2.9489e-02  -1.3652e-03  -2.1987e-05  -5.7602e-03   1.9108e+00   1.4713e+00
   9.4245e-02   1.8535e-01  -4.2341e-02  -1.2535e-03  -2.0148e-05   9.9451e-03   1.9111e+00   1.4708e+00
   9.4245e-02   1.8535e-01  -3.8765e-02  -1.1488e-03  -1.8462e-05  -1.7547e-02   1.9204e+00   1.4610e+00
   9.4245e-02   1.8535e-01  -4.1738e-02  -1.0523e-03  -1.6918e-05   1.3809e-02   1.9090e+00   1.4715e+00
   9.4245e-02   1.8535e-01  -2.7696e-02  -9.6452e-04  -1.5503e-05   3.7624e-02   1.8915e+00   1.4873e+00
   0.0942   0.1838  -0.0205  -0.0009  -0.0157  -0.0074   1.9481   1.5155
   0.0942   0.1838  -0.0107  -0.0008  -0.0032   0.0124   1.9052   1.4977
   0.0942   0.1838  -0.0189  -0.0007  -0.0038   0.0506   1.8951   1.5101
   0.0942   0.1838  -0.0279  -0.0007  -0.0045   0.0311   1.9095   1.4993
   0.0942   0.1838  -0.0219  -0.0006  -0.0054  -0.0450   1.9397   1.4736
   0.0942   0.1838  -0.0401  -0.0006  -0.0034   0.0942   1.8871   1.5149
   0.0942   0.1838  -0.0383  -0.0005  -0.0034   0.0475   1.9054   1.4967
   0.0942   0.1838  -0.0243  -0.0005  -0.0034  -0.0359   1.9321   1.4697
   0.0942   0.1838  -0.0096  -0.0004  -0.0031   0.0181   1.9013   1.4974
   0.0942   0.1838  -0.0155  -0.0004  -0.0027   0.0400   1.8941   1.5019
   0.0942   0.1838  -0.0220  -0.0004  -0.0025  -0.0700   1.9425   1.4540
   0.0942   0.1838  -0.0107  -0.0003  -0.0023  -0.0592   1.9314   1.4630
   0.0942   0.1838  -0.0073  -0.0003  -0.0021   0.0637   1.8782   1.5129
   0.0942   0.1838  -0.0172  -0.0003  -0.0019  -0.0283   1.9207   1.4706
   0.0942   0.1838  -0.0241  -0.0003  -0.0018  -0.0429   1.9300   1.4606
   0.0942   0.1838  -0.0158  -0.0002  -0.0016   0.0412   1.8903   1.4974
   0.0942   0.1838  -0.0257  -0.0002  -0.0015   0.0683   1.8839   1.5027
   0.0942   0.1838  -0.0280  -0.0002  -0.0014   0.0081   1.9095   1.4769
   0.0942   0.1838  -0.0123  -0.0002  -0.0013  -0.0237   1.9139   1.4712
   0.0942   0.1838   0.0020  -0.0002  -0.0011   0.0634   1.8699   1.5123
   0.0942   0.1838  -0.0215  -0.0002  -0.0011  -0.0212   1.9168   1.4665
   0.0942   0.1838  -0.0138  -0.0001  -0.0010  -0.0596   1.9282   1.4544
   0.0942   0.1838  -0.0024  -0.0001  -0.0009   0.0163   1.8904   1.4897
   0.0942   0.1838   0.0014  -0.0001  -0.0008   0.0538   1.8725   1.5060
   0.0942   0.1838  -0.0075  -0.0001  -0.0007  -0.0012   1.8995   1.4793
   0.0942   0.1838  -0.0018  -0.0001  -0.0007   0.0015   1.8949   1.4827
   9.4245e-02   1.8378e-01   4.6576e-04  -9.3710e-05  -6.2278e-04   1.9659e-02   1.8858e+00   1.4906e+00
   9.4245e-02   1.8378e-01  -1.6697e-02  -8.6101e-05  -5.7066e-04  -2.0164e-02   1.9111e+00   1.4659e+00
   9.4245e-02   1.8221e-01  -1.4441e-02  -7.9129e-05  -1.6230e-02   1.1425e-02   1.9386e+00   1.5222e+00
   9.4245e-02   1.8221e-01  -6.5945e-03  -7.2739e-05  -3.6207e-03  -1.8335e-02   1.9171e+00   1.4837e+00
   9.4245e-02   1.8221e-01  -9.2806e-04  -6.6885e-05  -4.2089e-03   1.4402e-03   1.9070e+00   1.4955e+00
   9.4245e-02   1.8221e-01  -1.8905e-02  -6.1520e-05  -4.9261e-03  -3.8671e-02   1.9347e+00   1.4722e+00
   9.4245e-02   1.8221e-01  -1.8765e-02  -5.6603e-05  -5.7972e-03   3.2687e-02   1.9071e+00   1.5025e+00
