4.49900	 1651.00	 112	 41.61	 0.00200
4.52400	 1652.00	 109	 42.46	 0.00200
4.54900	 1653.00	 109	 42.46	 0.00200
4.57400	 1654.00	 109	 42.46	 0.00200
4.59900	 1655.00	 108	 42.74	 0.00200
4.62400	 1656.00	 109	 42.46	 0.00200
4.64900	 1657.00	 109	 42.46	 0.00300
4.67400	 1658.00	 109	 42.46	 0.00200
4.69900	 1659.00	 109	 42.46	 0.00200
4.72400	 1660.00	 109	 42.46	 0.00200
4.74900	 1661.00	 109	 42.46	 0.00200
4.77400	 1662.00	 109	 42.46	 0.00200
4.79900	 1663.00	 109	 42.46	 0.00200
4.82400	 1664.00	 110	 42.18	 0.00200
4.84900	 1665.00	 110	 42.18	 0.00200
4.87400	 1666.00	 110	 42.18	 0.00200
4.89900	 1667.00	 110	 42.18	 0.00200
4.92400	 1668.00	 110	 42.18	 0.00200
4.95000	 1669.00	 110	 42.18	 0.00200
4.97500	 1670.00	 110	 42.18	 0.00200
5.00000	 1671.00	 111	 41.90	 0.00200
5.02500	 1672.00	 111	 41.90	 0.00200
5.05000	 1673.00	 112	 41.61	 0.00200
5.07500	 1674.00	 108	 42.74	 0.00300
5.10000	 1675.00	 112	 41.61	 0.00200
5.12500	 1676.00	 112	 41.61	 0.00200
5.15000	 1677.00	 112	 41.61	 0.00200
5.17500	 1678.00	 112	 41.61	 0.00200
5.20000	 1679.00	 113	 41.33	 0.00200
5.22500	 1680.00	 113	 41.33	 0.00200
5.25000	 1681.00	 114	 41.05	 0.00200
5.27500	 1682.00	 114	 41.05	 0.00200
5.30000	 1683.00	 114	 41.05	 0.00200
5.32500	 1684.00	 114	 41.05	 0.00200
5.35000	 1685.00	 115	 40.77	 0.00200
5.37600	 1686.00	 115	 40.77	 0.00200
5.40100	 1687.00	 115	 40.77	 0.00200
5.42600	 1688.00	 115	 40.77	 0.00200
5.45100	 1689.00	 115	 40.77	 0.00200
5.47600	 1690.00	 120	 39.36	 0.00200
5.50100	 1691.00	 116	 40.49	 0.00300
5.52600	 1692.00	 117	 40.20	 0.00200
5.55100	 1693.00	 117	 40.20	 0.00200
5.57600	 1694.00	 140	 33.72	 0.00200
5.60100	 1695.00	 117	 40.20	 0.00200
5.62600	 1696.00	 118	 39.92	 0.00200
5.65100	 1697.00	 118	 39.92	 0.00200
5.67600	 1698.00	 119	 39.64	 0.00200
5.70100	 1699.00	 119	 39.64	 0.00200
5.72600	 1700.00	 119	 39.64	 0.00200
5.75100	 1701.00	 120	 39.36	 0.00200
5.77600	 1702.00	 128	 37.10	 0.00200
5.80100	 1703.00	 121	 39.08	 0.00300
5.82600	 1704.00	 121	 39.08	 0.00200
5.85100	 1705.00	 121	 39.08	 0.00200
5.87600	 1706.00	 142	 33.16	 0.00200
5.90100	 1707.00	 121	 39.08	 0.00200
5.92600	 1708.00	 122	 38.80	 0.00200
5.95100	 1709.00	 122	 38.80	 0.00200
5.97600	 1710.00	 123	 38.51	 0.00200
6.00100	 1711.00	 124	 38.23	 0.00200
6.02600	 1712.00	 124	 38.23	 0.00200
6.05100	 1713.00	 124	 38.23	 0.00200
6.07600	 1714.00	 104	 43.87	 0.00200
6.10200	 1715.00	 124	 38.23	 0.00200
6.12700	 1716.00	 125	 37.95	 0.00200
6.15200	 1717.00	 125	 37.95	 0.00200
6.17700	 1718.00	 149	 31.19	 0.00200
6.20200	 1719.00	 126	 37.67	 0.00200
6.22700	 1720.00	 126	 37.67	 0.00300
6.25200	 1721.00	 127	 37.39	 0.00200
6.27700	 1722.00	 151	 30.62	 0.00200
6.30200	 1723.00	 127	 37.39	 0.00200
6.32700	 1724.00	 128	 37.10	 0.00200
6.35200	 1725.00	 128	 37.10	 0.00200
6.37700	 1726.00	 152	 30.34	 0.00200
6.40200	 1727.00	 128	 37.10	 0.00200
6.42700	 1728.00	 128	 37.10	 0.00200
6.45200	 1729.00	 128	 37.10	 0.00200
6.47700	 1730.00	 153	 30.06	 0.00200
6.50200	 1731.00	 129	 36.82	 0.00200
6.52800	 1732.00	 130	 36.54	 0.00200
6.55300	 1733.00	 130	 36.54	 0.00200
6.57800	 1734.00	 154	 29.78	 0.00200
6.60300	 1735.00	 131	 36.26	 0.00200
6.62800	 1736.00	 131	 36.26	 0.00200
6.65300	 1737.00	 131	 36.26	 0.00300
6.67800	 1738.00	 137	 34.57	 0.00200
6.70300	 1739.00	 133	 35.70	 0.00200
6.72800	 1740.00	 132	 35.98	 0.00200
6.75300	 1741.00	 133	 35.70	 0.00200
6.77800	 1742.00	 133	 35.70	 0.00200
6.80300	 1743.00	 134	 35.41	 0.00200
6.82800	 1744.00	 134	 35.41	 0.00200
6.85300	 1745.00	 134	 35.41	 0.00200
6.87800	 1746.00	 157	 28.93	 0.00200
6.90300	 1747.00	 135	 35.13	 0.00200
6.92800	 1748.00	 136	 34.85	 0.00200
6.95300	 1749.00	 136	 34.85	 0.00300
6.97800	 1750.00	 143	 32.88	 0.00200
7.00300	 1751.00	 136	 34.85	 0.00200
7.02800	 1752.00	 136	 34.85	 0.00200
7.05300	 1753.00	 137	 34.57	 0.00200
7.07800	 1754.00	 137	 34.57	 0.00200
7.10300	 1755.00	 137	 34.57	 0.00200
7.12800	 1756.00	 137	 34.57	 0.00200
7.15300	 1757.00	 137	 34.57	 0.00200
7.17800	 1758.00	 161	 27.81	 0.00200
7.20300	 1759.00	 138	 34.29	 0.00200
7.22800	 1760.00	 138	 34.29	 0.00200
7.25400	 1761.00	 138	 34.29	 0.00200
7.27900	 1762.00	 139	 34.01	 0.00200
7.30400	 1763.00	 139	 34.01	 0.00200
7.32900	 1764.00	 139	 34.01	 0.00200
7.35400	 1765.00	 139	 34.01	 0.00200
7.37900	 1766.00	 140	 33.72	 0.00300
7.40400	 1767.00	 140	 33.72	 0.00200
7.42900	 1768.00	 140	 33.72	 0.00200
7.45400	 1769.00	 141	 33.44	 0.00200
7.47900	 1770.00	 141	 33.44	 0.00200
7.50400	 1771.00	 141	 33.44	 0.00200
7.52900	 1772.00	 142	 33.16	 0.00200
7.55400	 1773.00	 142	 33.16	 0.00200
7.57900	 1774.00	 142	 33.16	 0.00200
7.60400	 1775.00	 142	 33.16	 0.00200
7.62900	 1776.00	 142	 33.16	 0.00200
7.65400	 1777.00	 142	 33.16	 0.00200
7.68000	 1778.00	 142	 33.16	 0.00200
7.70500	 1779.00	 143	 32.88	 0.00200
7.73000	 1780.00	 143	 32.88	 0.00200
7.75500	 1781.00	 144	 32.60	 0.00200
7.78000	 1782.00	 144	 32.60	 0.00200
7.80500	 1783.00	 144	 32.60	 0.00300
7.83000	 1784.00	 145	 32.31	 0.00200
7.85500	 1785.00	 145	 32.31	 0.00200
7.88000	 1786.00	 145	 32.31	 0.00200
7.90500	 1787.00	 145	 32.31	 0.00200
7.93000	 1788.00	 146	 32.03	 0.00200
7.95500	 1789.00	 146	 32.03	 0.00200
7.98000	 1790.00	 146	 32.03	 0.00200
8.00500	 1791.00	 146	 32.03	 0.00200
8.03000	 1792.00	 147	 31.75	 0.00200
8.05500	 1793.00	 147	 31.75	 0.00200
8.08000	 1794.00	 147	 31.75	 0.00200
8.10500	 1795.00	 147	 31.75	 0.00300
8.13000	 1796.00	 147	 31.75	 0.00200
8.15500	 1797.00	 148	 31.47	 0.00200
8.18000	 1798.00	 148	 31.47	 0.00200
8.20500	 1799.00	 148	 31.47	 0.00200
8.23000	 1800.00	 148	 31.47	 0.00200
8.25500	 1801.00	 148	 31.47	 0.00200
8.28000	 1802.00	 148	 31.47	 0.00200
8.30500	 1803.00	 148	 31.47	 0.00200
8.33000	 1804.00	 149	 31.19	 0.00200
8.35500	 1805.00	 149	 31.19	 0.00200
8.38000	 1806.00	 149	 31.19	 0.00200
8.40600	 1807.00	 149	 31.19	 0.00200
8.43100	 1808.00	 150	 30.91	 0.00200
8.45600	 1809.00	 150	 30.91	 0.00200
8.48100	 1810.00	 151	 30.62	 0.00200
8.50600	 1811.00	 151	 30.62	 0.00200
8.53100	 1812.00	 151	 30.62	 0.00300
8.55600	 1813.00	 151	 30.62	 0.00200
8.58100	 1814.00	 151	 30.62	 0.00200
8.60600	 1815.00	 151	 30.62	 0.00200
8.63100	 1816.00	 152	 30.34	 0.00200
8.65600	 1817.00	 152	 30.34	 0.00200
8.68100	 1818.00	 153	 30.06	 0.00200
8.70600	 1819.00	 153	 30.06	 0.00200
8.73100	 1820.00	 153	 30.06	 0.00200
8.75600	 1821.00	 153	 30.06	 0.00200
8.78100	 1822.00	 154	 29.78	 0.00200
8.80600	 1823.00	 154	 29.78	 0.00200
8.83200	 1824.00	 154	 29.78	 0.00200
8.85700	 1825.00	 154	 29.78	 0.00200
8.88200	 1826.00	 155	 29.50	 0.00200
8.90700	 1827.00	 154	 29.78	 0.00200
8.93200	 1828.00	 155	 29.50	 0.00200
8.95700	 1829.00	 176	 23.58	 0.00300
8.98200	 1830.00	 156	 29.21	 0.00200
9.00700	 1831.00	 156	 29.21	 0.00200
9.03200	 1832.00	 156	 29.21	 0.00200
9.05700	 1833.00	 156	 29.21	 0.00200
9.08200	 1834.00	 157	 28.93	 0.00200
9.10700	 1835.00	 157	 28.93	 0.00200
9.13200	 1836.00	 157	 28.93	 0.00200
9.15700	 1837.00	 158	 28.65	 0.00200
9.18200	 1838.00	 158	 28.65	 0.00200
9.20700	 1839.00	 158	 28.65	 0.00200
9.23200	 1840.00	 158	 28.65	 0.00200
9.25700	 1841.00	 177	 23.30	 0.00300
9.28200	 1842.00	 159	 28.37	 0.00200
9.30700	 1843.00	 159	 28.37	 0.00200
9.33200	 1844.00	 159	 28.37	 0.00200
9.35700	 1845.00	 160	 28.09	 0.00200
9.38200	 1846.00	 159	 28.37	 0.00200
9.40700	 1847.00	 160	 28.09	 0.00200
9.43200	 1848.00	 160	 28.09	 0.00200
9.45700	 1849.00	 152	 30.34	 0.00200
9.48200	 1850.00	 161	 27.81	 0.00200
9.50700	 1851.00	 161	 27.81	 0.00200
9.53200	 1852.00	 161	 27.81	 0.00200
9.55800	 1853.00	 177	 23.30	 0.00200
9.58300	 1854.00	 162	 27.52	 0.00200
9.60800	 1855.00	 162	 27.52	 0.00200
9.63300	 1856.00	 163	 27.24	 0.00200
9.65800	 1857.00	 184	 21.32	 0.00200
9.68300	 1858.00	 163	 27.24	 0.00300
9.70800	 1859.00	 163	 27.24	 0.00200
9.73300	 1860.00	 163	 27.24	 0.00200
9.75800	 1861.00	 164	 26.96	 0.00200
9.78300	 1862.00	 164	 26.96	 0.00200
9.80800	 1863.00	 164	 26.96	 0.00200
9.83300	 1864.00	 165	 26.68	 0.00200
9.85800	 1865.00	 177	 23.30	 0.00200
9.88300	 1866.00	 165	 26.68	 0.00200
9.90800	 1867.00	 165	 26.68	 0.00200
9.93300	 1868.00	 165	 26.68	 0.00200
9.95800	 1869.00	 186	 20.76	 0.00200
9.98400	 1870.00	 166	 26.40	 0.00200
10.00900	 1871.00	 166	 26.40	 0.00200
10.03400	 1872.00	 166	 26.40	 0.00200
10.05900	 1873.00	 171	 24.99	 0.00200
10.08400	 1874.00	 167	 26.11	 0.00200
10.10900	 1875.00	 167	 26.11	 0.00300
10.13400	 1876.00	 168	 25.83	 0.00200
10.15900	 1877.00	 188	 20.20	 0.00200
10.18400	 1878.00	 168	 25.83	 0.00200
10.20900	 1879.00	 168	 25.83	 0.00200
10.23400	 1880.00	 168	 25.83	 0.00200
10.25900	 1881.00	 189	 19.92	 0.00200
10.28400	 1882.00	 169	 25.55	 0.00200
10.30900	 1883.00	 169	 25.55	 0.00200
10.33400	 1884.00	 169	 25.55	 0.00200
10.35900	 1885.00	 175	 23.86	 0.00200
10.38400	 1886.00	 170	 25.27	 0.00200
10.40900	 1887.00	 170	 25.27	 0.00300
10.43400	 1888.00	 170	 25.27	 0.00200
10.45900	 1889.00	 191	 19.35	 0.00200
10.48400	 1890.00	 171	 24.99	 0.00200
10.50900	 1891.00	 171	 24.99	 0.00200
10.53400	 1892.00	 171	 24.99	 0.00200
10.55900	 1893.00	 192	 19.07	 0.00200
10.58400	 1894.00	 172	 24.71	 0.00200
10.60900	 1895.00	 172	 24.71	 0.00200
10.63400	 1896.00	 172	 24.71	 0.00200
10.65900	 1897.00	 199	 17.10	 0.00200
10.68400	 1898.00	 172	 24.71	 0.00200
10.71000	 1899.00	 172	 24.71	 0.00200
10.73500	 1900.00	 172	 24.71	 0.00200
10.76000	 1901.00	 173	 24.42	 0.00200
10.78500	 1902.00	 172	 24.71	 0.00200
10.81000	 1903.00	 172	 24.71	 0.00200
10.83500	 1904.00	 173	 24.42	 0.00300
10.86000	 1905.00	 174	 24.14	 0.00200
10.88500	 1906.00	 174	 24.14	 0.00200
10.91000	 1907.00	 174	 24.14	 0.00200
10.93500	 1908.00	 174	 24.14	 0.00200
10.96000	 1909.00	 174	 24.14	 0.00200
10.98500	 1910.00	 174	 24.14	 0.00200
11.01000	 1911.00	 174	 24.14	 0.00200
11.03500	 1912.00	 174	 24.14	 0.00200
11.06000	 1913.00	 177	 23.30	 0.00200
11.08500	 1914.00	 174	 24.14	 0.00200
11.11000	 1915.00	 174	 24.14	 0.00200
11.13600	 1916.00	 175	 23.86	 0.00200
11.16100	 1917.00	 175	 23.86	 0.00200
11.18600	 1918.00	 174	 24.14	 0.00200
11.21100	 1919.00	 175	 23.86	 0.00200
11.23600	 1920.00	 175	 23.86	 0.00200
11.26100	 1921.00	 175	 23.86	 0.00300
11.28600	 1922.00	 174	 24.14	 0.00200
11.31100	 1923.00	 175	 23.86	 0.00200
11.33600	 1924.00	 175	 23.86	 0.00200
11.36100	 1925.00	 176	 23.58	 0.00200
11.38600	 1926.00	 176	 23.58	 0.00200
11.41100	 1927.00	 176	 23.58	 0.00200
11.43600	 1928.00	 176	 23.58	 0.00200
11.46100	 1929.00	 176	 23.58	 0.00200
11.48600	 1930.00	 177	 23.30	 0.00200
11.51100	 1931.00	 177	 23.30	 0.00200
11.53600	 1932.00	 178	 23.01	 0.00200
11.56100	 1933.00	 178	 23.01	 0.00300
11.58600	 1934.00	 178	 23.01	 0.00200
11.61100	 1935.00	 178	 23.01	 0.00200
11.63600	 1936.00	 178	 23.01	 0.00200
11.66100	 1937.00	 178	 23.01	 0.00200
11.68600	 1938.00	 179	 22.73	 0.00200
11.71100	 1939.00	 179	 22.73	 0.00200
11.73600	 1940.00	 179	 22.73	 0.00200
11.76100	 1941.00	 180	 22.45	 0.00200
11.78600	 1942.00	 180	 22.45	 0.00200
11.81100	 1943.00	 180	 22.45	 0.00200
11.83600	 1944.00	 181	 22.17	 0.00200
11.86200	 1945.00	 181	 22.17	 0.00200
11.88700	 1946.00	 182	 21.89	 0.00200
11.91200	 1947.00	 182	 21.89	 0.00200
11.93700	 1948.00	 182	 21.89	 0.00200
11.96200	 1949.00	 182	 21.89	 0.00200
11.98700	 1950.00	 182	 21.89	 0.00300
12.01200	 1951.00	 183	 21.61	 0.00200
12.03700	 1952.00	 183	 21.61	 0.00200
12.06200	 1953.00	 183	 21.61	 0.00200
12.08700	 1954.00	 183	 21.61	 0.00200
12.11200	 1955.00	 184	 21.32	 0.00200
12.13700	 1956.00	 184	 21.32	 0.00200
12.16200	 1957.00	 184	 21.32	 0.00200
12.18700	 1958.00	 184	 21.32	 0.00200
12.21200	 1959.00	 184	 21.32	 0.00200
12.23700	 1960.00	 184	 21.32	 0.00200
12.26200	 1961.00	 185	 21.04	 0.00200
12.28800	 1962.00	 185	 21.04	 0.00200
12.31300	 1963.00	 185	 21.04	 0.00200
12.33800	 1964.00	 185	 21.04	 0.00200
12.36300	 1965.00	 185	 21.04	 0.00200
12.38800	 1966.00	 186	 20.76	 0.00200
12.41300	 1967.00	 186	 20.76	 0.00300
12.43800	 1968.00	 186	 20.76	 0.00200
12.46300	 1969.00	 186	 20.76	 0.00200
12.48800	 1970.00	 186	 20.76	 0.00200
12.51300	 1971.00	 187	 20.48	 0.00200
12.53800	 1972.00	 192	 19.07	 0.00200
12.56300	 1973.00	 187	 20.48	 0.00200
12.58800	 1974.00	 187	 20.48	 0.00200
12.61300	 1975.00	 187	 20.48	 0.00200
12.63800	 1976.00	 188	 20.20	 0.00200
12.66300	 1977.00	 188	 20.20	 0.00200
12.68800	 1978.00	 188	 20.20	 0.00200
12.71300	 1979.00	 189	 19.92	 0.00300
12.73800	 1980.00	 189	 19.92	 0.00200
12.76300	 1981.00	 190	 19.63	 0.00200
12.78800	 1982.00	 190	 19.63	 0.00200
12.81300	 1983.00	 190	 19.63	 0.00200
12.83800	 1984.00	 184	 21.32	 0.00200
12.86300	 1985.00	 191	 19.35	 0.00200
12.88800	 1986.00	 191	 19.35	 0.00200
12.91300	 1987.00	 191	 19.35	 0.00200
12.93800	 1988.00	 191	 19.35	 0.00200
12.96300	 1989.00	 192	 19.07	 0.00200
12.98800	 1990.00	 191	 19.35	 0.00200
13.01400	 1991.00	 192	 19.07	 0.00200
13.03900	 1992.00	 211	 13.72	 0.00200
13.06400	 1993.00	 193	 18.79	 0.00200
13.08900	 1994.00	 192	 19.07	 0.00200
13.11400	 1995.00	 192	 19.07	 0.00200
13.13900	 1996.00	 211	 13.72	 0.00300
13.16400	 1997.00	 193	 18.79	 0.00200
13.18900	 1998.00	 193	 18.79	 0.00200
13.21400	 1999.00	 194	 18.51	 0.00200
13.23900	 2000.00	 204	 15.69	 0.00200
13.26400	 2001.00	 194	 18.51	 0.00200
13.28900	 2002.00	 194	 18.51	 0.00200
13.31400	 2003.00	 195	 18.22	 0.00200
13.33900	 2004.00	 213	 13.15	 0.00200
13.36400	 2005.00	 195	 18.22	 0.00200
13.38900	 2006.00	 195	 18.22	 0.00200
13.41400	 2007.00	 196	 17.94	 0.00200
13.44000	 2008.00	 214	 12.87	 0.00200
13.46500	 2009.00	 196	 17.94	 0.00200
13.49000	 2010.00	 196	 17.94	 0.00200
13.51500	 2011.00	 196	 17.94	 0.00200
13.54000	 2012.00	 215	 12.59	 0.00200
13.56500	 2013.00	 198	 17.38	 0.00300
13.59000	 2014.00	 198	 17.38	 0.00200
13.61500	 2015.00	 198	 17.38	 0.00200
13.64000	 2016.00	 216	 12.31	 0.00200
13.66500	 2017.00	 199	 17.10	 0.00200
13.69000	 2018.00	 199	 17.10	 0.00200
13.71500	 2019.00	 199	 17.10	 0.00200
13.74000	 2020.00	 217	 12.02	 0.00200
13.76500	 2021.00	 199	 17.10	 0.00200
13.79000	 2022.00	 199	 17.10	 0.00200
13.81500	 2023.00	 199	 17.10	 0.00200
13.84000	 2024.00	 218	 11.74	 0.00200
13.86500	 2025.00	 200	 16.82	 0.00300
13.89000	 2026.00	 200	 16.82	 0.00200
13.91500	 2027.00	 200	 16.82	 0.00200
13.94000	 2028.00	 218	 11.74	 0.00200
13.96500	 2029.00	 201	 16.53	 0.00200
13.99000	 2030.00	 201	 16.53	 0.00200
14.01500	 2031.00	 201	 16.53	 0.00200
14.04000	 2032.00	 219	 11.46	 0.00200
14.06500	 2033.00	 201	 16.53	 0.00200
14.09000	 2034.00	 201	 16.53	 0.00200
14.11500	 2035.00	 201	 16.53	 0.00200
14.14000	 2036.00	 220	 11.18	 0.00200
14.16600	 2037.00	 202	 16.25	 0.00200
14.19100	 2038.00	 202	 16.25	 0.00200
14.21600	 2039.00	 202	 16.25	 0.00200
14.24100	 2040.00	 203	 15.97	 0.00200
14.26600	 2041.00	 203	 15.97	 0.00200
14.29100	 2042.00	 203	 15.97	 0.00300
14.31600	 2043.00	 203	 15.97	 0.00200
14.34100	 2044.00	 221	 10.90	 0.00200
14.36600	 2045.00	 203	 15.97	 0.00200
14.39100	 2046.00	 204	 15.69	 0.00200
14.41600	 2047.00	 204	 15.69	 0.00200
14.44100	 2048.00	 207	 14.84	 0.00200
14.46600	 2049.00	 204	 15.69	 0.00200
14.49100	 2050.00	 205	 15.41	 0.00200
14.51600	 2051.00	 205	 15.41	 0.00200
14.54100	 2052.00	 206	 15.12	 0.00200
14.56600	 2053.00	 206	 15.12	 0.00200
14.59200	 2054.00	 206	 15.12	 0.00200
14.61700	 2055.00	 206	 15.12	 0.00200
14.64200	 2056.00	 206	 15.12	 0.00200
14.66700	 2057.00	 207	 14.84	 0.00200
14.69200	 2058.00	 207	 14.84	 0.00200
14.71700	 2059.00	 207	 14.84	 0.00300
14.74200	 2060.00	 207	 14.84	 0.00200
14.76700	 2061.00	 208	 14.56	 0.00200
14.79200	 2062.00	 208	 14.56	 0.00200
14.81700	 2063.00	 207	 14.84	 0.00200
14.84200	 2064.00	 208	 14.56	 0.00200
14.86700	 2065.00	 208	 14.56	 0.00200
14.89200	 2066.00	 209	 14.28	 0.00200
14.91700	 2067.00	 209	 14.28	 0.00200
14.94200	 2068.00	 209	 14.28	 0.00200
14.96700	 2069.00	 209	 14.28	 0.00200
14.99200	 2070.00	 209	 14.28	 0.00200
15.01700	 2071.00	 210	 14.00	 0.00300
15.04200	 2072.00	 210	 14.00	 0.00200
15.06700	 2073.00	 210	 14.00	 0.00200
15.09200	 2074.00	 210	 14.00	 0.00200
15.11700	 2075.00	 211	 13.72	 0.00200
15.14200	 2076.00	 211	 13.72	 0.00200
15.16700	 2077.00	 211	 13.72	 0.00200
15.19200	 2078.00	 211	 13.72	 0.00200
15.21700	 2079.00	 211	 13.72	 0.00200
15.24200	 2080.00	 212	 13.43	 0.00200
15.26700	 2081.00	 212	 13.43	 0.00200
15.29200	 2082.00	 212	 13.43	 0.00200
15.31800	 2083.00	 212	 13.43	 0.00200
15.34300	 2084.00	 213	 13.15	 0.00200
15.36800	 2085.00	 213	 13.15	 0.00200
15.39300	 2086.00	 213	 13.15	 0.00200
15.41800	 2087.00	 213	 13.15	 0.00200
15.44300	 2088.00	 213	 13.15	 0.00300
15.46800	 2089.00	 214	 12.87	 0.00200
15.49300	 2090.00	 214	 12.87	 0.00200
15.51800	 2091.00	 214	 12.87	 0.00200
15.54300	 2092.00	 214	 12.87	 0.00200
15.56800	 2093.00	 214	 12.87	 0.00200
15.59300	 2094.00	 215	 12.59	 0.00200
15.61800	 2095.00	 215	 12.59	 0.00200
15.64300	 2096.00	 215	 12.59	 0.00200
15.66800	 2097.00	 215	 12.59	 0.00200
15.69300	 2098.00	 216	 12.31	 0.00200
15.71800	 2099.00	 216	 12.31	 0.00200
15.74400	 2100.00	 216	 12.31	 0.00200
15.76900	 2101.00	 216	 12.31	 0.00200
15.79400	 2102.00	 216	 12.31	 0.00200
15.81900	 2103.00	 217	 12.02	 0.00200
15.84400	 2104.00	 217	 12.02	 0.00200
15.86900	 2105.00	 217	 12.02	 0.00300
15.89400	 2106.00	 218	 11.74	 0.00200
15.91900	 2107.00	 218	 11.74	 0.00200
15.94400	 2108.00	 218	 11.74	 0.00200
15.96900	 2109.00	 218	 11.74	 0.00200
15.99400	 2110.00	 219	 11.46	 0.00200
16.01900	 2111.00	 218	 11.74	 0.00200
16.04400	 2112.00	 218	 11.74	 0.00200
16.06900	 2113.00	 219	 11.46	 0.00200
16.09400	 2114.00	 219	 11.46	 0.00200
16.11900	 2115.00	 219	 11.46	 0.00200
16.14400	 2116.00	 220	 11.18	 0.00200
16.16900	 2117.00	 220	 11.18	 0.00300
16.19400	 2118.00	 220	 11.18	 0.00200
16.21900	 2119.00	 220	 11.18	 0.00200
16.24400	 2120.00	 220	 11.18	 0.00200
16.26900	 2121.00	 220	 11.18	 0.00200
16.29400	 2122.00	 220	 11.18	 0.00200
16.31900	 2123.00	 221	 10.90	 0.00200
16.34400	 2124.00	 221	 10.90	 0.00200
16.36900	 2125.00	 221	 10.90	 0.00200
16.39400	 2126.00	 221	 10.90	 0.00200
16.41900	 2127.00	 221	 10.90	 0.00200
16.44400	 2128.00	 222	 10.62	 0.00200
16.47000	 2129.00	 222	 10.62	 0.00200
16.49500	 2130.00	 223	 10.33	 0.00200
16.52000	 2131.00	 220	 11.18	 0.00200
16.54500	 2132.00	 223	 10.33	 0.00200
16.57000	 2133.00	 223	 10.33	 0.00200
16.59500	 2134.00	 224	 10.05	 0.00300
16.62000	 2135.00	 232	 7.80	 0.00200
16.64500	 2136.00	 224	 10.05	 0.00200
16.67000	 2137.00	 224	 10.05	 0.00200
16.69500	 2138.00	 224	 10.05	 0.00200
16.72000	 2139.00	 240	 5.54	 0.00200
16.74500	 2140.00	 224	 10.05	 0.00200
16.77000	 2141.00	 225	 9.77	 0.00200
16.79500	 2142.00	 225	 9.77	 0.00200
16.82000	 2143.00	 224	 10.05	 0.00200
16.84500	 2144.00	 225	 9.77	 0.00200
16.87000	 2145.00	 225	 9.77	 0.00200
16.89600	 2146.00	 226	 9.49	 0.00200
16.92100	 2147.00	 242	 4.98	 0.00200
16.94600	 2148.00	 226	 9.49	 0.00200
16.97100	 2149.00	 226	 9.49	 0.00200
16.99600	 2150.00	 226	 9.49	 0.00200
17.02100	 2151.00	 243	 4.70	 0.00300
17.04600	 2152.00	 227	 9.21	 0.00200
17.07100	 2153.00	 227	 9.21	 0.00200
17.09600	 2154.00	 227	 9.21	 0.00200
17.12100	 2155.00	 244	 4.42	 0.00200
17.14600	 2156.00	 227	 9.21	 0.00200
17.17100	 2157.00	 228	 8.92	 0.00200
17.19600	 2158.00	 228	 8.92	 0.00200
17.22100	 2159.00	 245	 4.13	 0.00200
17.24600	 2160.00	 229	 8.64	 0.00200
17.27100	 2161.00	 229	 8.64	 0.00200
17.29600	 2162.00	 229	 8.64	 0.00200
17.32100	 2163.00	 245	 4.13	 0.00300
17.34600	 2164.00	 230	 8.36	 0.00200
17.37100	 2165.00	 230	 8.36	 0.00200
17.39600	 2166.00	 230	 8.36	 0.00200
17.42100	 2167.00	 246	 3.85	 0.00200
17.44600	 2168.00	 231	 8.08	 0.00200
17.47100	 2169.00	 231	 8.08	 0.00200
17.49600	 2170.00	 231	 8.08	 0.00200
17.52100	 2171.00	 247	 3.57	 0.00200
17.54600	 2172.00	 232	 7.80	 0.00200
17.57100	 2173.00	 232	 7.80	 0.00200
17.59600	 2174.00	 232	 7.80	 0.00200
17.62200	 2175.00	 248	 3.29	 0.00200
17.64700	 2176.00	 233	 7.52	 0.00200
17.67200	 2177.00	 233	 7.52	 0.00200
17.69700	 2178.00	 233	 7.52	 0.00200
17.72200	 2179.00	 249	 3.01	 0.00200
17.74700	 2180.00	 233	 7.52	 0.00300
17.77200	 2181.00	 234	 7.23	 0.00200
17.79700	 2182.00	 234	 7.23	 0.00200
17.82200	 2183.00	 237	 6.39	 0.00200
17.84700	 2184.00	 234	 7.23	 0.00200
17.87200	 2185.00	 234	 7.23	 0.00200
17.89700	 2186.00	 234	 7.23	 0.00200
17.92200	 2187.00	 248	 3.29	 0.00200
17.94700	 2188.00	 235	 6.95	 0.00200
17.97200	 2189.00	 235	 6.95	 0.00200
17.99700	 2190.00	 235	 6.95	 0.00200
18.02200	 2191.00	 250	 2.73	 0.00200
18.04800	 2192.00	 235	 6.95	 0.00200
18.07300	 2193.00	 236	 6.67	 0.00200
18.09800	 2194.00	 236	 6.67	 0.00200
18.12300	 2195.00	 236	 6.67	 0.00200
18.14800	 2196.00	 236	 6.67	 0.00200
18.17300	 2197.00	 236	 6.67	 0.00300
18.19800	 2198.00	 236	 6.67	 0.00200
18.22300	 2199.00	 238	 6.11	 0.00200
18.24800	 2200.00	 236	 6.67	 0.00200
18.27300	 2201.00	 237	 6.39	 0.00200
18.29800	 2202.00	 237	 6.39	 0.00200
18.32300	 2203.00	 237	 6.39	 0.00200
18.34800	 2204.00	 238	 6.11	 0.00200
18.37300	 2205.00	 238	 6.11	 0.00200
18.39800	 2206.00	 238	 6.11	 0.00200
18.42300	 2207.00	 238	 6.11	 0.00200
18.44800	 2208.00	 238	 6.11	 0.00200
18.47300	 2209.00	 239	 5.83	 0.00300
18.49800	 2210.00	 239	 5.83	 0.00200
18.52300	 2211.00	 240	 5.54	 0.00200
18.54800	 2212.00	 239	 5.83	 0.00200
18.57300	 2213.00	 240	 5.54	 0.00200
18.59800	 2214.00	 240	 5.54	 0.00200
18.62300	 2215.00	 240	 5.54	 0.00200
18.64800	 2216.00	 240	 5.54	 0.00200
18.67300	 2217.00	 240	 5.54	 0.00200
18.69800	 2218.00	 240	 5.54	 0.00200
18.72300	 2219.00	 241	 5.26	 0.00200
18.74800	 2220.00	 241	 5.26	 0.00200
18.77400	 2221.00	 241	 5.26	 0.00200
18.79900	 2222.00	 241	 5.26	 0.00200
18.82400	 2223.00	 241	 5.26	 0.00200
18.84900	 2224.00	 242	 4.98	 0.00200
18.87400	 2225.00	 242	 4.98	 0.00200
18.89900	 2226.00	 242	 4.98	 0.00300
18.92400	 2227.00	 243	 4.70	 0.00200
18.94900	 2228.00	 243	 4.70	 0.00200
18.97400	 2229.00	 243	 4.70	 0.00200
18.99900	 2230.00	 243	 4.70	 0.00200
19.02400	 2231.00	 243	 4.70	 0.00200
19.04900	 2232.00	 245	 4.13	 0.00200
19.07400	 2233.00	 243	 4.70	 0.00200
19.09900	 2234.00	 244	 4.42	 0.00200
19.12400	 2235.00	 244	 4.42	 0.00200
19.14900	 2236.00	 244	 4.42	 0.00200
19.17400	 2237.00	 244	 4.42	 0.00200
19.20000	 2238.00	 244	 4.42	 0.00200
19.22500	 2239.00	 245	 4.13	 0.00200
19.25000	 2240.00	 245	 4.13	 0.00200
19.27500	 2241.00	 245	 4.13	 0.00200
19.30000	 2242.00	 245	 4.13	 0.00200
19.32500	 2243.00	 245	 4.13	 0.00300
19.35000	 2244.00	 246	 3.85	 0.00200
19.37500	 2245.00	 246	 3.85	 0.00200
19.40000	 2246.00	 246	 3.85	 0.00200
19.42500	 2247.00	 246	 3.85	 0.00200
19.45000	 2248.00	 246	 3.85	 0.00200
19.47500	 2249.00	 246	 3.85	 0.00200
19.50000	 2250.00	 247	 3.57	 0.00200
19.52500	 2251.00	 247	 3.57	 0.00200
19.55000	 2252.00	 247	 3.57	 0.00200
19.57500	 2253.00	 247	 3.57	 0.00200
19.60000	 2254.00	 247	 3.57	 0.00200
19.62500	 2255.00	 247	 3.57	 0.00300
19.65000	 2256.00	 247	 3.57	 0.00200
19.67500	 2257.00	 247	 3.57	 0.00200
19.70000	 2258.00	 248	 3.29	 0.00200
19.72500	 2259.00	 248	 3.29	 0.00200
19.75000	 2260.00	 248	 3.29	 0.00200
19.77500	 2261.00	 249	 3.01	 0.00200
19.80000	 2262.00	 249	 3.01	 0.00200
19.82500	 2263.00	 249	 3.01	 0.00200
19.85000	 2264.00	 249	 3.01	 0.00200
19.87500	 2265.00	 249	 3.01	 0.00200
19.90000	 2266.00	 249	 3.01	 0.00200
19.92600	 2267.00	 249	 3.01	 0.00200
19.95100	 2268.00	 250	 2.73	 0.00200
19.97600	 2269.00	 250	 2.73	 0.00200
20.00100	 2270.00	 258	 0.47	 0.00200
20.02600	 2271.00	 250	 2.73	 0.00200
20.05100	 2272.00	 251	 2.44	 0.00300
20.07600	 2273.00	 251	 2.44	 0.00200
20.10100	 2274.00	 251	 2.44	 0.00200
20.12600	 2275.00	 250	 2.73	 0.00200
20.15100	 2276.00	 251	 2.44	 0.00200
20.17600	 2277.00	 251	 2.44	 0.00200
20.20100	 2278.00	 251	 2.44	 0.00200
20.22600	 2279.00	 251	 2.44	 0.00200
20.25100	 2280.00	 251	 2.44	 0.00200
20.27600	 2281.00	 251	 2.44	 0.00200
20.30100	 2282.00	 256	 1.03	 0.00200
20.32600	 2283.00	 252	 2.16	 0.00200
20.35200	 2284.00	 252	 2.16	 0.00200
20.37700	 2285.00	 252	 2.16	 0.00200
20.40200	 2286.00	 266	 -1.78	 0.00200
20.42700	 2287.00	 253	 1.88	 0.00200
20.45200	 2288.00	 253	 1.88	 0.00200
20.47700	 2289.00	 252	 2.16	 0.00300
20.50200	 2290.00	 267	 -2.07	 0.00200
20.52700	 2291.00	 252	 2.16	 0.00200
20.55200	 2292.00	 254	 1.60	 0.00200
20.57700	 2293.00	 254	 1.60	 0.00200
20.60200	 2294.00	 268	 -2.35	 0.00200
20.62700	 2295.00	 254	 1.60	 0.00200
20.65200	 2296.00	 254	 1.60	 0.00200
20.67700	 2297.00	 254	 1.60	 0.00200
20.70200	 2298.00	 266	 -1.78	 0.00200
20.72700	 2299.00	 254	 1.60	 0.00200
20.75200	 2300.00	 254	 1.60	 0.00200
20.77700	 2301.00	 254	 1.60	 0.00300
20.80200	 2302.00	 267	 -2.07	 0.00200
20.82700	 2303.00	 255	 1.32	 0.00200
20.85200	 2304.00	 255	 1.32	 0.00200
20.87700	 2305.00	 255	 1.32	 0.00200
20.90200	 2306.00	 269	 -2.63	 0.00200
20.92700	 2307.00	 255	 1.32	 0.00200
20.95200	 2308.00	 255	 1.32	 0.00200
20.97700	 2309.00	 255	 1.32	 0.00200
21.00200	 2310.00	 266	 -1.78	 0.00200
21.02700	 2311.00	 256	 1.03	 0.00200
21.05200	 2312.00	 256	 1.03	 0.00200
21.07800	 2313.00	 257	 0.75	 0.00200
21.10300	 2314.00	 271	 -3.19	 0.00200
21.12800	 2315.00	 257	 0.75	 0.00200
21.15300	 2316.00	 257	 0.75	 0.00200
21.17800	 2317.00	 257	 0.75	 0.00200
21.20300	 2318.00	 261	 -0.37	 0.00300
21.22800	 2319.00	 258	 0.47	 0.00200
21.25300	 2320.00	 259	 0.19	 0.00200
21.27800	 2321.00	 258	 0.47	 0.00200
21.30300	 2322.00	 272	 -3.47	 0.00200
21.32800	 2323.00	 258	 0.47	 0.00200
21.35300	 2324.00	 258	 0.47	 0.00200
21.37800	 2325.00	 258	 0.47	 0.00200
21.40300	 2326.00	 272	 -3.47	 0.00200
21.42800	 2327.00	 258	 0.47	 0.00200
21.45300	 2328.00	 258	 0.47	 0.00200
21.47800	 2329.00	 258	 0.47	 0.00200
21.50400	 2330.00	 261	 -0.37	 0.00200
21.52900	 2331.00	 259	 0.19	 0.00200
21.55400	 2332.00	 259	 0.19	 0.00200
21.57900	 2333.00	 259	 0.19	 0.00200
21.60400	 2334.00	 260	 -0.09	 0.00200
21.62900	 2335.00	 260	 -0.09	 0.00300
21.65400	 2336.00	 260	 -0.09	 0.00200
21.67900	 2337.00	 260	 -0.09	 0.00200
21.70400	 2338.00	 261	 -0.37	 0.00200
21.72900	 2339.00	 261	 -0.37	 0.00200
21.75400	 2340.00	 261	 -0.37	 0.00200
21.77900	 2341.00	 261	 -0.37	 0.00200
21.80400	 2342.00	 265	 -1.50	 0.00200
21.82900	 2343.00	 261	 -0.37	 0.00200
21.85400	 2344.00	 261	 -0.37	 0.00200
21.87900	 2345.00	 261	 -0.37	 0.00200
21.90400	 2346.00	 262	 -0.66	 0.00200
21.92900	 2347.00	 261	 -0.37	 0.00300
21.95400	 2348.00	 261	 -0.37	 0.00200
21.97900	 2349.00	 262	 -0.66	 0.00200
22.00400	 2350.00	 262	 -0.66	 0.00200
22.02900	 2350.00	 262	 -0.66	 0.00200
22.05400	 2349.00	 262	 -0.66	 0.00200
22.07900	 2348.00	 262	 -0.66	 0.00200
22.10400	 2347.00	 278	 -5.17	 0.00200
22.12900	 2346.00	 262	 -0.66	 0.00200
22.15400	 2345.00	 262	 -0.66	 0.00200
22.17900	 2344.00	 262	 -0.66	 0.00200
22.20400	 2343.00	 263	 -0.94	 0.00200
22.23000	 2342.00	 262	 -0.66	 0.00200
22.25500	 2341.00	 263	 -0.94	 0.00200
22.28000	 2340.00	 262	 -0.66	 0.00200
22.30500	 2339.00	 263	 -0.94	 0.00200
22.33000	 2338.00	 263	 -0.94	 0.00200
22.35500	 2337.00	 263	 -0.94	 0.00300
22.38000	 2336.00	 263	 -0.94	 0.00200
22.40500	 2335.00	 263	 -0.94	 0.00200
22.43000	 2334.00	 263	 -0.94	 0.00200
22.45500	 2333.00	 263	 -0.94	 0.00200
22.48000	 2332.00	 263	 -0.94	 0.00200
22.50500	 2331.00	 263	 -0.94	 0.00200
22.53000	 2330.00	 263	 -0.94	 0.00200
22.55500	 2329.00	 263	 -0.94	 0.00200
22.58000	 2328.00	 263	 -0.94	 0.00200
22.60500	 2327.00	 262	 -0.66	 0.00200
22.63000	 2326.00	 262	 -0.66	 0.00200
22.65600	 2325.00	 262	 -0.66	 0.00200
22.68100	 2324.00	 262	 -0.66	 0.00200
22.70600	 2323.00	 262	 -0.66	 0.00200
22.73100	 2322.00	 262	 -0.66	 0.00200
22.75600	 2321.00	 262	 -0.66	 0.00200
22.78100	 2320.00	 261	 -0.37	 0.00300
22.80600	 2319.00	 261	 -0.37	 0.00200
22.83100	 2318.00	 261	 -0.37	 0.00200
22.85600	 2317.00	 261	 -0.37	 0.00200
22.88100	 2316.00	 261	 -0.37	 0.00200
22.90600	 2315.00	 261	 -0.37	 0.00200
22.93100	 2314.00	 262	 -0.66	 0.00200
22.95600	 2313.00	 261	 -0.37	 0.00200
22.98100	 2312.00	 261	 -0.37	 0.00200
23.00600	 2311.00	 261	 -0.37	 0.00200
23.03100	 2310.00	 260	 -0.09	 0.00200
23.05600	 2309.00	 261	 -0.37	 0.00200
23.08100	 2308.00	 260	 -0.09	 0.00300
23.10600	 2307.00	 260	 -0.09	 0.00200
23.13100	 2306.00	 260	 -0.09	 0.00200
23.15600	 2305.00	 259	 0.19	 0.00200
23.18100	 2304.00	 259	 0.19	 0.00200
23.20600	 2303.00	 259	 0.19	 0.00200
23.23100	 2302.00	 258	 0.47	 0.00200
23.25600	 2301.00	 258	 0.47	 0.00200
23.28100	 2300.00	 258	 0.47	 0.00200
23.30600	 2299.00	 258	 0.47	 0.00200
23.33100	 2298.00	 258	 0.47	 0.00200
23.35600	 2297.00	 258	 0.47	 0.00200
23.38200	 2296.00	 258	 0.47	 0.00200
23.40700	 2295.00	 258	 0.47	 0.00200
23.43200	 2294.00	 258	 0.47	 0.00200
23.45700	 2293.00	 258	 0.47	 0.00200
23.48200	 2292.00	 258	 0.47	 0.00200
23.50700	 2291.00	 258	 0.47	 0.00300
23.53200	 2290.00	 258	 0.47	 0.00200
23.55700	 2289.00	 257	 0.75	 0.00200
23.58200	 2288.00	 257	 0.75	 0.00200
23.60700	 2287.00	 257	 0.75	 0.00200
23.63200	 2286.00	 257	 0.75	 0.00200
23.65700	 2285.00	 257	 0.75	 0.00200
23.68200	 2284.00	 256	 1.03	 0.00200
23.70700	 2283.00	 256	 1.03	 0.00200
23.73200	 2282.00	 256	 1.03	 0.00200
23.75700	 2281.00	 256	 1.03	 0.00200
23.78200	 2280.00	 256	 1.03	 0.00200
23.80800	 2279.00	 255	 1.32	 0.00200
23.83300	 2278.00	 255	 1.32	 0.00200
23.85800	 2277.00	 255	 1.32	 0.00200
23.88300	 2276.00	 269	 -2.63	 0.00200
23.90800	 2275.00	 255	 1.32	 0.00200
23.93300	 2274.00	 255	 1.32	 0.00300
23.95800	 2273.00	 255	 1.32	 0.00200
23.98300	 2272.00	 254	 1.60	 0.00200
24.00800	 2271.00	 254	 1.60	 0.00200
24.03300	 2270.00	 255	 1.32	 0.00200
24.05800	 2269.00	 254	 1.60	 0.00200
24.08300	 2268.00	 254	 1.60	 0.00200
24.10800	 2267.00	 254	 1.60	 0.00200
24.13300	 2266.00	 254	 1.60	 0.00200
24.15800	 2265.00	 254	 1.60	 0.00200
24.18300	 2264.00	 253	 1.88	 0.00200
24.20800	 2263.00	 253	 1.88	 0.00200
24.23300	 2262.00	 253	 1.88	 0.00300
24.25800	 2261.00	 253	 1.88	 0.00200
24.28300	 2260.00	 253	 1.88	 0.00200
24.30800	 2259.00	 253	 1.88	 0.00200
24.33300	 2258.00	 252	 2.16	 0.00200
24.35800	 2257.00	 252	 2.16	 0.00200
24.38300	 2256.00	 265	 -1.50	 0.00200
24.40800	 2255.00	 252	 2.16	 0.00200
24.43300	 2254.00	 252	 2.16	 0.00200
24.45800	 2253.00	 252	 2.16	 0.00200
24.48300	 2252.00	 251	 2.44	 0.00200
24.50800	 2251.00	 251	 2.44	 0.00200
24.53400	 2250.00	 251	 2.44	 0.00200
24.55900	 2249.00	 251	 2.44	 0.00200
24.58400	 2248.00	 251	 2.44	 0.00200
24.60900	 2247.00	 251	 2.44	 0.00200
24.63400	 2246.00	 251	 2.44	 0.00200
24.65900	 2245.00	 251	 2.44	 0.00300
24.68400	 2244.00	 265	 -1.50	 0.00200
24.70900	 2243.00	 250	 2.73	 0.00200
24.73400	 2242.00	 250	 2.73	 0.00200
24.75900	 2241.00	 250	 2.73	 0.00200
24.78400	 2240.00	 250	 2.73	 0.00200
24.80900	 2239.00	 250	 2.73	 0.00200
24.83400	 2238.00	 249	 3.01	 0.00200
24.85900	 2237.00	 249	 3.01	 0.00200
24.88400	 2236.00	 249	 3.01	 0.00200
24.90900	 2235.00	 249	 3.01	 0.00200
24.93400	 2234.00	 249	 3.01	 0.00200
24.96000	 2233.00	 248	 3.29	 0.00200
24.98500	 2232.00	 249	 3.01	 0.00200
25.01000	 2231.00	 248	 3.29	 0.00200
25.03500	 2230.00	 248	 3.29	 0.00200
25.06000	 2229.00	 248	 3.29	 0.00200
25.08500	 2228.00	 247	 3.57	 0.00300
25.11000	 2227.00	 247	 3.57	 0.00200
25.13500	 2226.00	 247	 3.57	 0.00200
25.16000	 2225.00	 246	 3.85	 0.00200
25.18500	 2224.00	 247	 3.57	 0.00200
25.21000	 2223.00	 247	 3.57	 0.00200
25.23500	 2222.00	 247	 3.57	 0.00200
25.26000	 2221.00	 246	 3.85	 0.00200
25.28500	 2220.00	 246	 3.85	 0.00200
25.31000	 2219.00	 246	 3.85	 0.00200
25.33500	 2218.00	 246	 3.85	 0.00200
25.36000	 2217.00	 245	 4.13	 0.00200
25.38500	 2216.00	 245	 4.13	 0.00300
25.41000	 2215.00	 245	 4.13	 0.00200
25.43500	 2214.00	 245	 4.13	 0.00200
25.46000	 2213.00	 245	 4.13	 0.00200
25.48500	 2212.00	 244	 4.42	 0.00200
25.51000	 2211.00	 245	 4.13	 0.00200
25.53500	 2210.00	 244	 4.42	 0.00200
25.56000	 2209.00	 244	 4.42	 0.00200
25.58500	 2208.00	 244	 4.42	 0.00200
25.61000	 2207.00	 243	 4.70	 0.00200
25.63500	 2206.00	 243	 4.70	 0.00200
25.66000	 2205.00	 243	 4.70	 0.00200
25.68600	 2204.00	 243	 4.70	 0.00200
25.71100	 2203.00	 243	 4.70	 0.00200
25.73600	 2202.00	 243	 4.70	 0.00200
25.76100	 2201.00	 242	 4.98	 0.00200
25.78600	 2200.00	 243	 4.70	 0.00200
25.81100	 2199.00	 242	 4.98	 0.00300
25.83600	 2198.00	 242	 4.98	 0.00200
25.86100	 2197.00	 242	 4.98	 0.00200
25.88600	 2196.00	 241	 5.26	 0.00200
25.91100	 2195.00	 241	 5.26	 0.00200
25.93600	 2194.00	 241	 5.26	 0.00200
25.96100	 2193.00	 241	 5.26	 0.00200
25.98600	 2192.00	 241	 5.26	 0.00200
26.01100	 2191.00	 240	 5.54	 0.00200
26.03600	 2190.00	 240	 5.54	 0.00200
26.06100	 2189.00	 240	 5.54	 0.00200
26.08600	 2188.00	 240	 5.54	 0.00200
26.11200	 2187.00	 240	 5.54	 0.00200
26.13700	 2186.00	 240	 5.54	 0.00200
26.16200	 2185.00	 239	 5.83	 0.00200
26.18700	 2184.00	 239	 5.83	 0.00200
26.21200	 2183.00	 239	 5.83	 0.00200
26.23700	 2182.00	 238	 6.11	 0.00300
26.26200	 2181.00	 238	 6.11	 0.00200
26.28700	 2180.00	 238	 6.11	 0.00200
26.31200	 2179.00	 238	 6.11	 0.00200
26.33700	 2178.00	 238	 6.11	 0.00200
26.36200	 2177.00	 238	 6.11	 0.00200
26.38700	 2176.00	 237	 6.39	 0.00200
26.41200	 2175.00	 237	 6.39	 0.00200
26.43700	 2174.00	 236	 6.67	 0.00200
26.46200	 2173.00	 237	 6.39	 0.00200
26.48700	 2172.00	 236	 6.67	 0.00200
26.51200	 2171.00	 236	 6.67	 0.00200
26.53700	 2170.00	 236	 6.67	 0.00300
26.56200	 2169.00	 236	 6.67	 0.00200
26.58700	 2168.00	 236	 6.67	 0.00200
26.61200	 2167.00	 236	 6.67	 0.00200
26.63700	 2166.00	 235	 6.95	 0.00200
26.66200	 2165.00	 236	 6.67	 0.00200
26.68700	 2164.00	 235	 6.95	 0.00200
26.71200	 2163.00	 235	 6.95	 0.00200
26.73700	 2162.00	 235	 6.95	 0.00200
26.76200	 2161.00	 235	 6.95	 0.00200
26.78700	 2160.00	 234	 7.23	 0.00200
26.81200	 2159.00	 234	 7.23	 0.00200
26.83800	 2158.00	 234	 7.23	 0.00200
26.86300	 2157.00	 234	 7.23	 0.00200
26.88800	 2156.00	 234	 7.23	 0.00200
26.91300	 2155.00	 233	 7.52	 0.00200
26.93800	 2154.00	 234	 7.23	 0.00200
26.96300	 2153.00	 233	 7.52	 0.00300
26.98800	 2152.00	 233	 7.52	 0.00200
27.01300	 2151.00	 233	 7.52	 0.00200
27.03800	 2150.00	 232	 7.80	 0.00200
27.06300	 2149.00	 232	 7.80	 0.00200
27.08800	 2148.00	 232	 7.80	 0.00200
27.11300	 2147.00	 232	 7.80	 0.00200
27.13800	 2146.00	 231	 8.08	 0.00200
27.16300	 2145.00	 232	 7.80	 0.00200
27.18800	 2144.00	 231	 8.08	 0.00200
27.21300	 2143.00	 231	 8.08	 0.00200
27.23800	 2142.00	 231	 8.08	 0.00200
27.26400	 2141.00	 230	 8.36	 0.00200
27.28900	 2140.00	 230	 8.36	 0.00200
27.31400	 2139.00	 230	 8.36	 0.00200
27.33900	 2138.00	 230	 8.36	 0.00200
27.36400	 2137.00	 244	 4.42	 0.00200
27.38900	 2136.00	 229	 8.64	 0.00300
27.41400	 2135.00	 229	 8.64	 0.00200
27.43900	 2134.00	 229	 8.64	 0.00200
27.46400	 2133.00	 229	 8.64	 0.00200
27.48900	 2132.00	 229	 8.64	 0.00200
27.51400	 2131.00	 229	 8.64	 0.00200
27.53900	 2130.00	 228	 8.92	 0.00200
27.56400	 2129.00	 228	 8.92	 0.00200
27.58900	 2128.00	 227	 9.21	 0.00200
27.61400	 2127.00	 227	 9.21	 0.00200
27.63900	 2126.00	 227	 9.21	 0.00200
27.66400	 2125.00	 227	 9.21	 0.00200
27.68900	 2124.00	 226	 9.49	 0.00300
27.71400	 2123.00	 226	 9.49	 0.00200
27.73900	 2122.00	 226	 9.49	 0.00200
27.76400	 2121.00	 226	 9.49	 0.00200
27.78900	 2120.00	 226	 9.49	 0.00200
27.81400	 2119.00	 226	 9.49	 0.00200
27.83900	 2118.00	 226	 9.49	 0.00200
27.86400	 2117.00	 225	 9.77	 0.00200
27.88900	 2116.00	 225	 9.77	 0.00200
27.91400	 2115.00	 225	 9.77	 0.00200
27.93900	 2114.00	 224	 10.05	 0.00200
27.96400	 2113.00	 225	 9.77	 0.00200
27.99000	 2112.00	 224	 10.05	 0.00200
28.01500	 2111.00	 224	 10.05	 0.00200
28.04000	 2110.00	 224	 10.05	 0.00200
28.06500	 2109.00	 224	 10.05	 0.00200
28.09000	 2108.00	 224	 10.05	 0.00200
28.11500	 2107.00	 224	 10.05	 0.00300
28.14000	 2106.00	 223	 10.33	 0.00200
28.16500	 2105.00	 223	 10.33	 0.00200
28.19000	 2104.00	 223	 10.33	 0.00200
28.21500	 2103.00	 223	 10.33	 0.00200
28.24000	 2102.00	 222	 10.62	 0.00200
28.26500	 2101.00	 222	 10.62	 0.00200
28.29000	 2100.00	 222	 10.62	 0.00200
28.31500	 2099.00	 222	 10.62	 0.00200
28.34000	 2098.00	 221	 10.90	 0.00200
28.36500	 2097.00	 221	 10.90	 0.00200
28.39000	 2096.00	 221	 10.90	 0.00200
28.41600	 2095.00	 220	 11.18	 0.00200
28.44100	 2094.00	 220	 11.18	 0.00200
28.46600	 2093.00	 222	 10.62	 0.00200
28.49100	 2092.00	 220	 11.18	 0.00200
28.51600	 2091.00	 220	 11.18	 0.00200
28.54100	 2090.00	 219	 11.46	 0.00300
28.56600	 2089.00	 219	 11.46	 0.00200
28.59100	 2088.00	 219	 11.46	 0.00200
28.61600	 2087.00	 219	 11.46	 0.00200
28.64100	 2086.00	 219	 11.46	 0.00200
28.66600	 2085.00	 218	 11.74	 0.00200
28.69100	 2084.00	 219	 11.46	 0.00200
28.71600	 2083.00	 218	 11.74	 0.00200
28.74100	 2082.00	 218	 11.74	 0.00200
28.76600	 2081.00	 218	 11.74	 0.00200
28.79100	 2080.00	 218	 11.74	 0.00200
28.81600	 2079.00	 217	 12.02	 0.00200
28.84100	 2078.00	 217	 12.02	 0.00300
28.86600	 2077.00	 217	 12.02	 0.00200
28.89100	 2076.00	 217	 12.02	 0.00200
28.91600	 2075.00	 216	 12.31	 0.00200
28.94100	 2074.00	 216	 12.31	 0.00200
28.96600	 2073.00	 216	 12.31	 0.00200
28.99100	 2072.00	 216	 12.31	 0.00200
29.01600	 2071.00	 216	 12.31	 0.00200
29.04100	 2070.00	 215	 12.59	 0.00200
29.06600	 2069.00	 215	 12.59	 0.00200
29.09100	 2068.00	 215	 12.59	 0.00200
29.11600	 2067.00	 215	 12.59	 0.00200
29.14200	 2066.00	 215	 12.59	 0.00200
29.16700	 2065.00	 214	 12.87	 0.00200
29.19200	 2064.00	 214	 12.87	 0.00200
29.21700	 2063.00	 214	 12.87	 0.00200
29.24200	 2062.00	 213	 13.15	 0.00200
29.26700	 2061.00	 213	 13.15	 0.00300
29.29200	 2060.00	 213	 13.15	 0.00200
29.31700	 2059.00	 213	 13.15	 0.00200
29.34200	 2058.00	 213	 13.15	 0.00200
29.36700	 2057.00	 213	 13.15	 0.00200
29.39200	 2056.00	 212	 13.43	 0.00200
29.41700	 2055.00	 212	 13.43	 0.00200
29.44200	 2054.00	 212	 13.43	 0.00200
29.46700	 2053.00	 212	 13.43	 0.00200
29.49200	 2052.00	 212	 13.43	 0.00200
29.51700	 2051.00	 211	 13.72	 0.00200
29.54200	 2050.00	 211	 13.72	 0.00200
29.56800	 2049.00	 211	 13.72	 0.00200
29.59300	 2048.00	 210	 14.00	 0.00200
29.61800	 2047.00	 211	 13.72	 0.00200
29.64300	 2046.00	 210	 14.00	 0.00200
29.66800	 2045.00	 210	 14.00	 0.00200
29.69300	 2044.00	 210	 14.00	 0.00300
29.71800	 2043.00	 210	 14.00	 0.00200
29.74300	 2042.00	 209	 14.28	 0.00200
29.76800	 2041.00	 209	 14.28	 0.00200
29.79300	 2040.00	 208	 14.56	 0.00200
29.81800	 2039.00	 208	 14.56	 0.00200
29.84300	 2038.00	 208	 14.56	 0.00200
29.86800	 2037.00	 208	 14.56	 0.00200
29.89300	 2036.00	 208	 14.56	 0.00200
29.91800	 2035.00	 207	 14.84	 0.00200
29.94300	 2034.00	 207	 14.84	 0.00200
29.96800	 2033.00	 207	 14.84	 0.00200
29.99300	 2032.00	 207	 14.84	 0.00300
30.01800	 2031.00	 207	 14.84	 0.00200
30.04300	 2030.00	 206	 15.12	 0.00200
30.06800	 2029.00	 206	 15.12	 0.00200
30.09300	 2028.00	 206	 15.12	 0.00200
30.11800	 2027.00	 206	 15.12	 0.00200
30.14300	 2026.00	 205	 15.41	 0.00200
30.16800	 2025.00	 206	 15.12	 0.00200
30.19300	 2024.00	 205	 15.41	 0.00200
30.21800	 2023.00	 205	 15.41	 0.00200
30.24300	 2022.00	 205	 15.41	 0.00200
30.26800	 2021.00	 204	 15.69	 0.00200
30.29400	 2020.00	 204	 15.69	 0.00200
30.31900	 2019.00	 204	 15.69	 0.00200
30.34400	 2018.00	 204	 15.69	 0.00200
30.36900	 2017.00	 203	 15.97	 0.00200
30.39400	 2016.00	 203	 15.97	 0.00200
30.41900	 2015.00	 203	 15.97	 0.00300
30.44400	 2014.00	 203	 15.97	 0.00200
30.46900	 2013.00	 202	 16.25	 0.00200
30.49400	 2012.00	 202	 16.25	 0.00200
30.51900	 2011.00	 202	 16.25	 0.00200
30.54400	 2010.00	 204	 15.69	 0.00200
30.56900	 2009.00	 202	 16.25	 0.00200
30.59400	 2008.00	 201	 16.53	 0.00200
30.61900	 2007.00	 201	 16.53	 0.00200
30.64400	 2006.00	 201	 16.53	 0.00200
30.66900	 2005.00	 201	 16.53	 0.00200
30.69400	 2004.00	 201	 16.53	 0.00200
30.72000	 2003.00	 201	 16.53	 0.00200
30.74500	 2002.00	 218	 11.74	 0.00200
30.77000	 2001.00	 200	 16.82	 0.00200
30.79500	 2000.00	 200	 16.82	 0.00200
30.82000	 1999.00	 200	 16.82	 0.00200
30.84500	 1998.00	 199	 17.10	 0.00300
30.87000	 1997.00	 200	 16.82	 0.00200
30.89500	 1996.00	 199	 17.10	 0.00200
30.92000	 1995.00	 199	 17.10	 0.00200
30.94500	 1994.00	 199	 17.10	 0.00200
30.97000	 1993.00	 199	 17.10	 0.00200
30.99500	 1992.00	 199	 17.10	 0.00200
31.02000	 1991.00	 198	 17.38	 0.00200
31.04500	 1990.00	 198	 17.38	 0.00200
31.07000	 1989.00	 198	 17.38	 0.00200
31.09500	 1988.00	 198	 17.38	 0.00200
31.12000	 1987.00	 197	 17.66	 0.00200
31.14500	 1986.00	 197	 17.66	 0.00300
31.17000	 1985.00	 197	 17.66	 0.00200
31.19500	 1984.00	 196	 17.94	 0.00200
31.22000	 1983.00	 196	 17.94	 0.00200
31.24500	 1982.00	 211	 13.72	 0.00200
31.27000	 1981.00	 196	 17.94	 0.00200
31.29500	 1980.00	 195	 18.22	 0.00200
31.32000	 1979.00	 195	 18.22	 0.00200
31.34500	 1978.00	 195	 18.22	 0.00200
31.37000	 1977.00	 195	 18.22	 0.00200
31.39500	 1976.00	 195	 18.22	 0.00200
31.42000	 1975.00	 194	 18.51	 0.00200
31.44600	 1974.00	 213	 13.15	 0.00200
31.47100	 1973.00	 193	 18.79	 0.00200
31.49600	 1972.00	 194	 18.51	 0.00200
31.52100	 1971.00	 193	 18.79	 0.00200
31.54600	 1970.00	 211	 13.72	 0.00200
31.57100	 1969.00	 192	 19.07	 0.00300
31.59600	 1968.00	 192	 19.07	 0.00200
31.62100	 1967.00	 192	 19.07	 0.00200
31.64600	 1966.00	 192	 19.07	 0.00200
31.67100	 1965.00	 192	 19.07	 0.00200
31.69600	 1964.00	 191	 19.35	 0.00200
31.72100	 1963.00	 191	 19.35	 0.00200
31.74600	 1962.00	 191	 19.35	 0.00200
31.77100	 1961.00	 191	 19.35	 0.00200
31.79600	 1960.00	 191	 19.35	 0.00200
31.82100	 1959.00	 191	 19.35	 0.00200
31.84600	 1958.00	 190	 19.63	 0.00200
31.87200	 1957.00	 190	 19.63	 0.00200
31.89700	 1956.00	 190	 19.63	 0.00200
31.92200	 1955.00	 189	 19.92	 0.00200
31.94700	 1954.00	 189	 19.92	 0.00200
31.97200	 1953.00	 189	 19.92	 0.00200
31.99700	 1952.00	 189	 19.92	 0.00300
32.02200	 1951.00	 188	 20.20	 0.00200
32.04700	 1950.00	 190	 19.63	 0.00200
32.07200	 1949.00	 187	 20.48	 0.00200
32.09700	 1948.00	 188	 20.20	 0.00200
32.12200	 1947.00	 187	 20.48	 0.00200
32.14700	 1946.00	 187	 20.48	 0.00200
32.17200	 1945.00	 187	 20.48	 0.00200
32.19700	 1944.00	 187	 20.48	 0.00200
32.22200	 1943.00	 186	 20.76	 0.00200
32.24700	 1942.00	 186	 20.76	 0.00200
32.27200	 1941.00	 186	 20.76	 0.00200
32.29700	 1940.00	 186	 20.76	 0.00300
32.32200	 1939.00	 185	 21.04	 0.00200
32.34700	 1938.00	 185	 21.04	 0.00200
32.37200	 1937.00	 185	 21.04	 0.00200
32.39700	 1936.00	 184	 21.32	 0.00200
32.42200	 1935.00	 185	 21.04	 0.00200
32.44700	 1934.00	 184	 21.32	 0.00200
32.47200	 1933.00	 184	 21.32	 0.00200
32.49700	 1932.00	 184	 21.32	 0.00200
32.52200	 1931.00	 184	 21.32	 0.00200
32.54700	 1930.00	 183	 21.61	 0.00200
32.57200	 1929.00	 183	 21.61	 0.00200
32.59800	 1928.00	 183	 21.61	 0.00200
32.62300	 1927.00	 183	 21.61	 0.00200
32.64800	 1926.00	 183	 21.61	 0.00200
32.67300	 1925.00	 183	 21.61	 0.00200
32.69800	 1924.00	 182	 21.89	 0.00200
32.72300	 1923.00	 182	 21.89	 0.00300
32.74800	 1922.00	 182	 21.89	 0.00200
32.77300	 1921.00	 182	 21.89	 0.00200
32.79800	 1920.00	 181	 22.17	 0.00200
32.82300	 1919.00	 181	 22.17	 0.00200
32.84800	 1918.00	 180	 22.45	 0.00200
32.87300	 1917.00	 180	 22.45	 0.00200
32.89800	 1916.00	 180	 22.45	 0.00200
32.92300	 1915.00	 179	 22.73	 0.00200
32.94800	 1914.00	 180	 22.45	 0.00200
32.97300	 1913.00	 179	 22.73	 0.00200
32.99800	 1912.00	 179	 22.73	 0.00200
33.02400	 1911.00	 178	 23.01	 0.00200
33.04900	 1910.00	 178	 23.01	 0.00200
33.07400	 1909.00	 178	 23.01	 0.00200
33.09900	 1908.00	 177	 23.30	 0.00200
33.12400	 1907.00	 177	 23.30	 0.00200
33.14900	 1906.00	 177	 23.30	 0.00300
33.17400	 1905.00	 176	 23.58	 0.00200
33.19900	 1904.00	 176	 23.58	 0.00200
33.22400	 1903.00	 176	 23.58	 0.00200
33.24900	 1902.00	 176	 23.58	 0.00200
33.27400	 1901.00	 175	 23.86	 0.00200
33.29900	 1900.00	 175	 23.86	 0.00200
33.32400	 1899.00	 175	 23.86	 0.00200
33.34900	 1898.00	 174	 24.14	 0.00200
33.37400	 1897.00	 175	 23.86	 0.00200
33.39900	 1896.00	 174	 24.14	 0.00200
33.42400	 1895.00	 174	 24.14	 0.00200
33.44900	 1894.00	 174	 24.14	 0.00300
33.47400	 1893.00	 173	 24.42	 0.00200
33.49900	 1892.00	 174	 24.14	 0.00200
33.52400	 1891.00	 173	 24.42	 0.00200
33.54900	 1890.00	 173	 24.42	 0.00200
33.57400	 1889.00	 173	 24.42	 0.00200
33.59900	 1888.00	 173	 24.42	 0.00200
33.62400	 1887.00	 173	 24.42	 0.00200
33.64900	 1886.00	 171	 24.99	 0.00200
33.67400	 1885.00	 172	 24.71	 0.00200
33.69900	 1884.00	 172	 24.71	 0.00200
33.72400	 1883.00	 172	 24.71	 0.00200
33.75000	 1882.00	 171	 24.99	 0.00200
33.77500	 1881.00	 171	 24.99	 0.00200
33.80000	 1880.00	 170	 25.27	 0.00200
33.82500	 1879.00	 170	 25.27	 0.00200
33.85000	 1878.00	 170	 25.27	 0.00200
33.87500	 1877.00	 170	 25.27	 0.00300
33.90000	 1876.00	 169	 25.55	 0.00200
33.92500	 1875.00	 169	 25.55	 0.00200
33.95000	 1874.00	 168	 25.83	 0.00200
33.97500	 1873.00	 169	 25.55	 0.00200
34.00000	 1872.00	 168	 25.83	 0.00200
34.02500	 1871.00	 167	 26.11	 0.00200
34.05000	 1870.00	 168	 25.83	 0.00200
34.07500	 1869.00	 167	 26.11	 0.00200
34.10000	 1868.00	 167	 26.11	 0.00200
34.12500	 1867.00	 167	 26.11	 0.00200
34.15000	 1866.00	 167	 26.11	 0.00200
34.17600	 1865.00	 166	 26.40	 0.00200
34.20100	 1864.00	 166	 26.40	 0.00200
34.22600	 1863.00	 166	 26.40	 0.00200
34.25100	 1862.00	 166	 26.40	 0.00200
34.27600	 1861.00	 166	 26.40	 0.00200
34.30100	 1860.00	 165	 26.68	 0.00300
34.32600	 1859.00	 165	 26.68	 0.00200
34.35100	 1858.00	 165	 26.68	 0.00200
34.37600	 1857.00	 165	 26.68	 0.00200
34.40100	 1856.00	 165	 26.68	 0.00200
34.42600	 1855.00	 164	 26.96	 0.00200
34.45100	 1854.00	 164	 26.96	 0.00200
34.47600	 1853.00	 164	 26.96	 0.00200
34.50100	 1852.00	 164	 26.96	 0.00200
34.52600	 1851.00	 163	 27.24	 0.00200
34.55100	 1850.00	 163	 27.24	 0.00200
34.57600	 1849.00	 162	 27.52	 0.00200
34.60100	 1848.00	 162	 27.52	 0.00300
34.62600	 1847.00	 183	 21.61	 0.00200
34.65100	 1846.00	 161	 27.81	 0.00200
34.67600	 1845.00	 162	 27.52	 0.00200
34.70100	 1844.00	 161	 27.81	 0.00200
34.72600	 1843.00	 161	 27.81	 0.00200
34.75100	 1842.00	 161	 27.81	 0.00200
34.77600	 1841.00	 161	 27.81	 0.00200
34.80100	 1840.00	 160	 28.09	 0.00200
34.82600	 1839.00	 159	 28.37	 0.00200
34.85100	 1838.00	 160	 28.09	 0.00200
34.87600	 1837.00	 159	 28.37	 0.00200
34.90200	 1836.00	 159	 28.37	 0.00200
34.92700	 1835.00	 158	 28.65	 0.00200
34.95200	 1834.00	 158	 28.65	 0.00200
34.97700	 1833.00	 158	 28.65	 0.00200
35.00200	 1832.00	 158	 28.65	 0.00200
35.02700	 1831.00	 158	 28.65	 0.00300
35.05200	 1830.00	 157	 28.93	 0.00200
35.07700	 1829.00	 157	 28.93	 0.00200
35.10200	 1828.00	 157	 28.93	 0.00200
35.12700	 1827.00	 156	 29.21	 0.00200
35.15200	 1826.00	 157	 28.93	 0.00200
35.17700	 1825.00	 156	 29.21	 0.00200
35.20200	 1824.00	 156	 29.21	 0.00200
35.22700	 1823.00	 177	 23.30	 0.00200
35.25200	 1822.00	 155	 29.50	 0.00200
35.27700	 1821.00	 155	 29.50	 0.00200
35.30200	 1820.00	 155	 29.50	 0.00200
35.32800	 1819.00	 155	 29.50	 0.00200
35.35300	 1818.00	 154	 29.78	 0.00200
35.37800	 1817.00	 154	 29.78	 0.00200
35.40300	 1816.00	 154	 29.78	 0.00200
35.42800	 1815.00	 154	 29.78	 0.00200
35.45300	 1814.00	 153	 30.06	 0.00300
35.47800	 1813.00	 153	 30.06	 0.00200
35.50300	 1812.00	 153	 30.06	 0.00200
35.52800	 1811.00	 153	 30.06	 0.00200
35.55300	 1810.00	 152	 30.34	 0.00200
35.57800	 1809.00	 152	 30.34	 0.00200
35.60300	 1808.00	 151	 30.62	 0.00200
35.62800	 1807.00	 151	 30.62	 0.00200
35.65300	 1806.00	 151	 30.62	 0.00200
35.67800	 1805.00	 151	 30.62	 0.00200
35.70300	 1804.00	 150	 30.91	 0.00200
35.72800	 1803.00	 150	 30.91	 0.00200
35.75300	 1802.00	 151	 30.62	 0.00300
35.77800	 1801.00	 151	 30.62	 0.00200
35.80300	 1800.00	 150	 30.91	 0.00200
35.82800	 1799.00	 150	 30.91	 0.00200
35.85300	 1798.00	 149	 31.19	 0.00200
35.87800	 1797.00	 149	 31.19	 0.00200
35.90300	 1796.00	 149	 31.19	 0.00200
35.92800	 1795.00	 148	 31.47	 0.00200
35.95300	 1794.00	 148	 31.47	 0.00200
35.97800	 1793.00	 148	 31.47	 0.00200
36.00300	 1792.00	 148	 31.47	 0.00200
36.02800	 1791.00	 150	 30.91	 0.00200
36.05400	 1790.00	 148	 31.47	 0.00200
36.07900	 1789.00	 147	 31.75	 0.00200
36.10400	 1788.00	 147	 31.75	 0.00200
36.12900	 1787.00	 146	 32.03	 0.00200
36.15400	 1786.00	 146	 32.03	 0.00200
36.17900	 1785.00	 146	 32.03	 0.00300
36.20400	 1784.00	 146	 32.03	 0.00200
36.22900	 1783.00	 146	 32.03	 0.00200
36.25400	 1782.00	 146	 32.03	 0.00200
36.27900	 1781.00	 146	 32.03	 0.00200
36.30400	 1780.00	 145	 32.31	 0.00200
36.32900	 1779.00	 145	 32.31	 0.00200
36.35400	 1778.00	 145	 32.31	 0.00200
36.37900	 1777.00	 145	 32.31	 0.00200
36.40400	 1776.00	 144	 32.60	 0.00200
36.42900	 1775.00	 144	 32.60	 0.00200
36.45400	 1774.00	 144	 32.60	 0.00200
36.48000	 1773.00	 143	 32.88	 0.00200
36.50500	 1772.00	 142	 33.16	 0.00200
36.53000	 1771.00	 142	 33.16	 0.00200
36.55500	 1770.00	 142	 33.16	 0.00200
36.58000	 1769.00	 142	 33.16	 0.00200
36.60500	 1768.00	 142	 33.16	 0.00300
36.63000	 1767.00	 142	 33.16	 0.00200
36.65500	 1766.00	 142	 33.16	 0.00200
36.68000	 1765.00	 141	 33.44	 0.00200
36.70500	 1764.00	 141	 33.44	 0.00200
36.73000	 1763.00	 141	 33.44	 0.00200
36.75500	 1762.00	 141	 33.44	 0.00200
36.78000	 1761.00	 140	 33.72	 0.00200
36.80500	 1760.00	 140	 33.72	 0.00200
36.83000	 1759.00	 140	 33.72	 0.00200
36.85500	 1758.00	 140	 33.72	 0.00200
36.88000	 1757.00	 140	 33.72	 0.00200
36.90500	 1756.00	 139	 34.01	 0.00300
36.93000	 1755.00	 139	 34.01	 0.00200
36.95500	 1754.00	 139	 34.01	 0.00200
36.98000	 1753.00	 139	 34.01	 0.00200
37.00500	 1752.00	 139	 34.01	 0.00200
37.03000	 1751.00	 138	 34.29	 0.00200
37.05500	 1750.00	 138	 34.29	 0.00200
37.08000	 1749.00	 137	 34.57	 0.00200
37.10500	 1748.00	 136	 34.85	 0.00200
37.13000	 1747.00	 136	 34.85	 0.00200
37.15500	 1746.00	 137	 34.57	 0.00200
37.18000	 1745.00	 136	 34.85	 0.00200
37.20600	 1744.00	 137	 34.57	 0.00200
37.23100	 1743.00	 136	 34.85	 0.00200
37.25600	 1742.00	 136	 34.85	 0.00200
37.28100	 1741.00	 135	 35.13	 0.00200
37.30600	 1740.00	 135	 35.13	 0.00200
37.33100	 1739.00	 134	 35.41	 0.00300
37.35600	 1738.00	 134	 35.41	 0.00200
37.38100	 1737.00	 134	 35.41	 0.00200
37.40600	 1736.00	 135	 35.13	 0.00200
37.43100	 1735.00	 134	 35.41	 0.00200
37.45600	 1734.00	 134	 35.41	 0.00200
37.48100	 1733.00	 134	 35.41	 0.00200
37.50600	 1732.00	 133	 35.70	 0.00200
37.53100	 1731.00	 133	 35.70	 0.00200
37.55600	 1730.00	 133	 35.70	 0.00200
37.58100	 1729.00	 132	 35.98	 0.00200
37.60600	 1728.00	 132	 35.98	 0.00200
37.63200	 1727.00	 132	 35.98	 0.00200
37.65700	 1726.00	 132	 35.98	 0.00200
37.68200	 1725.00	 131	 36.26	 0.00200
37.70700	 1724.00	 131	 36.26	 0.00200
37.73200	 1723.00	 131	 36.26	 0.00200
37.75700	 1722.00	 130	 36.54	 0.00300
37.78200	 1721.00	 130	 36.54	 0.00200
37.80700	 1720.00	 144	 32.60	 0.00200
37.83200	 1719.00	 129	 36.82	 0.00200
37.85700	 1718.00	 129	 36.82	 0.00200
37.88200	 1717.00	 129	 36.82	 0.00200
37.90700	 1716.00	 128	 37.10	 0.00200
37.93200	 1715.00	 129	 36.82	 0.00200
37.95700	 1714.00	 128	 37.10	 0.00200
37.98200	 1713.00	 128	 37.10	 0.00200
38.00700	 1712.00	 152	 30.34	 0.00200
38.03200	 1711.00	 128	 37.10	 0.00200
38.05700	 1710.00	 127	 37.39	 0.00300
38.08200	 1709.00	 127	 37.39	 0.00200
38.10700	 1708.00	 127	 37.39	 0.00200
38.13200	 1707.00	 127	 37.39	 0.00200
38.15700	 1706.00	 126	 37.67	 0.00200
38.18200	 1705.00	 127	 37.39	 0.00200
38.20700	 1704.00	 126	 37.67	 0.00200
38.23200	 1703.00	 126	 37.67	 0.00200
38.25700	 1702.00	 126	 37.67	 0.00200
38.28200	 1701.00	 126	 37.67	 0.00200
38.30700	 1700.00	 126	 37.67	 0.00200
38.33200	 1699.00	 125	 37.95	 0.00200
38.35800	 1698.00	 125	 37.95	 0.00200
38.38300	 1697.00	 125	 37.95	 0.00200
38.40800	 1696.00	 149	 31.19	 0.00200
38.43300	 1695.00	 124	 38.23	 0.00200
38.45800	 1694.00	 124	 38.23	 0.00200
38.48300	 1693.00	 123	 38.51	 0.00300
38.50800	 1692.00	 147	 31.75	 0.00200
38.53300	 1691.00	 123	 38.51	 0.00200
38.55800	 1690.00	 123	 38.51	 0.00200
38.58300	 1689.00	 123	 38.51	 0.00200
38.60800	 1688.00	 127	 37.39	 0.00200
38.63300	 1687.00	 122	 38.80	 0.00200
38.65800	 1686.00	 121	 39.08	 0.00200
38.68300	 1685.00	 122	 38.80	 0.00200
38.70800	 1684.00	 146	 32.03	 0.00200
38.73300	 1683.00	 121	 39.08	 0.00200
38.75800	 1682.00	 121	 39.08	 0.00200
38.78400	 1681.00	 121	 39.08	 0.00200
38.80900	 1680.00	 120	 39.36	 0.00200
38.83400	 1679.00	 120	 39.36	 0.00200
38.85900	 1678.00	 120	 39.36	 0.00200
38.88400	 1677.00	 120	 39.36	 0.00200
38.90900	 1676.00	 120	 39.36	 0.00300
38.93400	 1675.00	 120	 39.36	 0.00200
38.95900	 1674.00	 119	 39.64	 0.00200
38.98400	 1673.00	 119	 39.64	 0.00200
39.00900	 1672.00	 120	 39.36	 0.00200
39.03400	 1671.00	 118	 39.92	 0.00200
39.05900	 1670.00	 118	 39.92	 0.00200
39.08400	 1669.00	 118	 39.92	 0.00200
39.10900	 1668.00	 118	 39.92	 0.00200
39.13400	 1667.00	 118	 39.92	 0.00200
39.15900	 1666.00	 117	 40.20	 0.00200
39.18400	 1665.00	 116	 40.49	 0.00200
39.20900	 1664.00	 117	 40.20	 0.00300
39.23400	 1663.00	 116	 40.49	 0.00200
39.25900	 1662.00	 116	 40.49	 0.00200
39.28400	 1661.00	 116	 40.49	 0.00200
39.30900	 1660.00	 118	 39.92	 0.00200
39.33400	 1659.00	 115	 40.77	 0.00200
39.35900	 1658.00	 115	 40.77	 0.00200
39.38400	 1657.00	 115	 40.77	 0.00200
39.40900	 1656.00	 116	 40.49	 0.00200
39.43400	 1655.00	 115	 40.77	 0.00200
39.45900	 1654.00	 115	 40.77	 0.00200
39.48400	 1653.00	 115	 40.77	 0.00200
39.51000	 1652.00	 114	 41.05	 0.00200
39.53500	 1651.00	 114	 41.05	 0.00200
39.56000	 1650.00	 114	 41.05	 0.00200
39.58500	 1650.00	 114	 41.05	 0.00200
39.61000	 1650.00	 114	 41.05	 0.00200
39.63500	 1650.00	 114	 41.05	 0.00300
39.66000	 1650.00	 114	 41.05	 0.00200
39.68500	 1650.00	 114	 41.05	 0.00200
39.71000	 1650.00	 113	 41.33	 0.00200
39.73500	 1650.00	 114	 41.05	 0.00200
39.76000	 1650.00	 113	 41.33	 0.00200
39.78500	 1650.00	 113	 41.33	 0.00200
39.81000	 1650.00	 113	 41.33	 0.00200
39.83500	 1650.00	 113	 41.33	 0.00200
39.86000	 1650.00	 113	 41.33	 0.00200
39.88500	 1650.00	 113	 41.33	 0.00200
39.91000	 1650.00	 113	 41.33	 0.00200
39.93600	 1650.00	 113	 41.33	 0.00200
39.96100	 1650.00	 112	 41.61	 0.00200
39.98600	 1650.00	 112	 41.61	 0.00200
40.01100	 1650.00	 112	 41.61	 0.00200
40.03600	 1650.00	 112	 41.61	 0.00200
40.06100	 1650.00	 111	 41.90	 0.00300
40.08600	 1650.00	 111	 41.90	 0.00200
40.11100	 1650.00	 111	 41.90	 0.00200
40.13600	 1650.00	 111	 41.90	 0.00200
40.16100	 1650.00	 111	 41.90	 0.00200
40.18600	 1650.00	 111	 41.90	 0.00200
40.21100	 1650.00	 111	 41.90	 0.00200
40.23600	 1650.00	 111	 41.90	 0.00200
40.26100	 1650.00	 110	 42.18	 0.00200
40.28600	 1650.00	 111	 41.90	 0.00200
40.31100	 1650.00	 110	 42.18	 0.00200
40.33600	 1650.00	 111	 41.90	 0.00200
40.36100	 1650.00	 111	 41.90	 0.00300
40.38600	 1650.00	 111	 41.90	 0.00200
40.41100	 1650.00	 111	 41.90	 0.00200
40.43600	 1650.00	 111	 41.90	 0.00200
40.46100	 1650.00	 111	 41.90	 0.00200
40.48600	 1650.00	 110	 42.18	 0.00200
40.51100	 1650.00	 111	 41.90	 0.00200
40.53600	 1650.00	 110	 42.18	 0.00200
40.56100	 1650.00	 111	 41.90	 0.00200
40.58600	 1650.00	 110	 42.18	 0.00200
40.61100	 1650.00	 110	 42.18	 0.00200
40.63600	 1650.00	 110	 42.18	 0.00200
40.66200	 1650.00	 110	 42.18	 0.00200
40.68700	 1650.00	 110	 42.18	 0.00200
40.71200	 1650.00	 110	 42.18	 0.00200
40.73700	 1650.00	 110	 42.18	 0.00200
40.76200	 1650.00	 110	 42.18	 0.00200
40.78700	 1650.00	 120	 39.36	 0.00300
40.81200	 1650.00	 110	 42.18	 0.00200
40.83700	 1650.00	 110	 42.18	 0.00200
40.86200	 1650.00	 110	 42.18	 0.00200
40.88700	 1650.00	 109	 42.46	 0.00200
40.91200	 1650.00	 110	 42.18	 0.00200
40.93700	 1650.00	 110	 42.18	 0.00200
40.96200	 1650.00	 110	 42.18	 0.00200
40.98700	 1650.00	 110	 42.18	 0.00200
41.01200	 1650.00	 109	 42.46	 0.00200
41.03700	 1650.00	 109	 42.46	 0.00200
41.06200	 1650.00	 110	 42.18	 0.00200
41.08800	 1650.00	 109	 42.46	 0.00200
41.11300	 1650.00	 109	 42.46	 0.00200
41.13800	 1650.00	 109	 42.46	 0.00200
41.16300	 1650.00	 109	 42.46	 0.00200
41.18800	 1650.00	 109	 42.46	 0.00200
41.21300	 1650.00	 109	 42.46	 0.00300
41.23800	 1650.00	 109	 42.46	 0.00200
41.26300	 1650.00	 109	 42.46	 0.00200
41.28800	 1650.00	 109	 42.46	 0.00200
41.31300	 1650.00	 109	 42.46	 0.00200
41.33800	 1650.00	 109	 42.46	 0.00200
41.36300	 1650.00	 109	 42.46	 0.00200
41.38800	 1650.00	 109	 42.46	 0.00200
41.41300	 1650.00	 110	 42.18	 0.00200
41.43800	 1650.00	 109	 42.46	 0.00200
41.46300	 1650.00	 110	 42.18	 0.00200
41.48800	 1650.00	 109	 42.46	 0.00200
41.51300	 1650.00	 109	 42.46	 0.00300
41.53800	 1650.00	 109	 42.46	 0.00200
41.56300	 1650.00	 109	 42.46	 0.00200
41.58800	 1650.00	 109	 42.46	 0.00200
41.61300	 1650.00	 109	 42.46	 0.00200
41.63800	 1650.00	 109	 42.46	 0.00200
41.66300	 1650.00	 109	 42.46	 0.00200
41.68800	 1650.00	 109	 42.46	 0.00200
41.71300	 1650.00	 109	 42.46	 0.00200
41.73800	 1650.00	 109	 42.46	 0.00200
41.76300	 1650.00	 109	 42.46	 0.00200
41.78800	 1650.00	 109	 42.46	 0.00200
41.81400	 1650.00	 110	 42.18	 0.00200
41.83900	 1650.00	 109	 42.46	 0.00200
41.86400	 1650.00	 110	 42.18	 0.00200
41.88900	 1650.00	 109	 42.46	 0.00200
41.91400	 1650.00	 109	 42.46	 0.00200
41.93900	 1650.00	 109	 42.46	 0.00300
41.96400	 1650.00	 109	 42.46	 0.00200
41.98900	 1650.00	 109	 42.46	 0.00200
42.01400	 1650.00	 109	 42.46	 0.00200
42.03900	 1650.00	 109	 42.46	 0.00200
42.06400	 1650.00	 109	 42.46	 0.00200
42.08900	 1650.00	 110	 42.18	 0.00200
42.11400	 1650.00	 110	 42.18	 0.00200
42.13900	 1650.00	 109	 42.46	 0.00200
42.16400	 1650.00	 109	 42.46	 0.00200
42.18900	 1650.00	 109	 42.46	 0.00200
42.21400	 1650.00	 109	 42.46	 0.00200
42.24000	 1650.00	 109	 42.46	 0.00200
42.26500	 1650.00	 110	 42.18	 0.00200
42.29000	 1650.00	 110	 42.18	 0.00200
42.31500	 1650.00	 109	 42.46	 0.00200
42.34000	 1650.00	 109	 42.46	 0.00200
42.36500	 1650.00	 109	 42.46	 0.00300
42.39000	 1650.00	 109	 42.46	 0.00200
42.41500	 1650.00	 109	 42.46	 0.00200
42.44000	 1650.00	 109	 42.46	 0.00200
42.46500	 1650.00	 109	 42.46	 0.00200
42.49000	 1650.00	 109	 42.46	 0.00200
42.51500	 1650.00	 109	 42.46	 0.00200
42.54000	 1650.00	 109	 42.46	 0.00200
42.56500	 1650.00	 109	 42.46	 0.00200
42.59000	 1650.00	 109	 42.46	 0.00200
42.61500	 1650.00	 109	 42.46	 0.00200
42.64000	 1650.00	 109	 42.46	 0.00200
42.66500	 1650.00	 109	 42.46	 0.00300
42.69000	 1650.00	 111	 41.90	 0.00200
42.71500	 1650.00	 109	 42.46	 0.00200
42.74000	 1650.00	 109	 42.46	 0.00200
42.76500	 1650.00	 109	 42.46	 0.00200
42.79000	 1650.00	 109	 42.46	 0.00200
42.81500	 1650.00	 109	 42.46	 0.00200
42.84000	 1650.00	 110	 42.18	 0.00200
42.86500	 1650.00	 109	 42.46	 0.00200
42.89000	 1650.00	 110	 42.18	 0.00200
42.91500	 1650.00	 109	 42.46	 0.00200
42.94000	 1650.00	 109	 42.46	 0.00200
42.96600	 1650.00	 109	 42.46	 0.00200
42.99100	 1650.00	 109	 42.46	 0.00200
43.01600	 1650.00	 109	 42.46	 0.00200
43.04100	 1650.00	 109	 42.46	 0.00200
43.06600	 1650.00	 109	 42.46	 0.00200
43.09100	 1650.00	 109	 42.46	 0.00300
43.11600	 1650.00	 109	 42.46	 0.00200
43.14100	 1650.00	 109	 42.46	 0.00200
43.16600	 1650.00	 109	 42.46	 0.00200
43.19100	 1650.00	 109	 42.46	 0.00200
43.21600	 1650.00	 109	 42.46	 0.00200
43.24100	 1650.00	 109	 42.46	 0.00200
43.26600	 1650.00	 109	 42.46	 0.00200
43.29100	 1650.00	 109	 42.46	 0.00200
43.31600	 1650.00	 109	 42.46	 0.00200
43.34100	 1650.00	 110	 42.18	 0.00200
43.36600	 1650.00	 109	 42.46	 0.00200
43.39200	 1650.00	 109	 42.46	 0.00200
43.41700	 1650.00	 109	 42.46	 0.00200
43.44200	 1650.00	 109	 42.46	 0.00200
43.46700	 1650.00	 109	 42.46	 0.00200
43.49200	 1650.00	 109	 42.46	 0.00200
43.51700	 1650.00	 109	 42.46	 0.00300
43.54200	 1650.00	 109	 42.46	 0.00200
43.56700	 1650.00	 109	 42.46	 0.00200
43.59200	 1650.00	 109	 42.46	 0.00200
43.61700	 1650.00	 109	 42.46	 0.00200
43.64200	 1650.00	 109	 42.46	 0.00200
43.66700	 1650.00	 109	 42.46	 0.00200
43.69200	 1650.00	 109	 42.46	 0.00200
43.71700	 1650.00	 109	 42.46	 0.00200
43.74200	 1650.00	 109	 42.46	 0.00200
43.76700	 1650.00	 109	 42.46	 0.00200
43.79200	 1650.00	 110	 42.18	 0.00200
43.81700	 1650.00	 109	 42.46	 0.00300
43.84200	 1650.00	 109	 42.46	 0.00200
43.86700	 1650.00	 109	 42.46	 0.00200
43.89200	 1650.00	 109	 42.46	 0.00200
43.91700	 1650.00	 109	 42.46	 0.00200
43.94200	 1650.00	 109	 42.46	 0.00200
43.96700	 1650.00	 109	 42.46	 0.00200
43.99200	 1650.00	 109	 42.46	 0.00200
44.01700	 1650.00	 109	 42.46	 0.00200
44.04200	 1650.00	 109	 42.46	 0.00200
44.06700	 1650.00	 109	 42.46	 0.00200
44.09200	 1650.00	 109	 42.46	 0.00200
44.11800	 1650.00	 109	 42.46	 0.00200
44.14300	 1650.00	 109	 42.46	 0.00200
44.16800	 1650.00	 109	 42.46	 0.00200
44.19300	 1650.00	 109	 42.46	 0.00200
44.21800	 1650.00	 109	 42.46	 0.00200
44.24300	 1650.00	 109	 42.46	 0.00300
44.26800	 1650.00	 109	 42.46	 0.00200
44.29300	 1650.00	 109	 42.46	 0.00200
44.31800	 1650.00	 109	 42.46	 0.00200
44.34300	 1650.00	 109	 42.46	 0.00200
44.36800	 1650.00	 110	 42.18	 0.00200
44.39300	 1650.00	 109	 42.46	 0.00200
44.41800	 1650.00	 109	 42.46	 0.00200
44.44300	 1650.00	 109	 42.46	 0.00200
44.46800	 1650.00	 109	 42.46	 0.00200
44.49300	 1650.00	 109	 42.46	 0.00200
44.51800	 1650.00	 109	 42.46	 0.00200
44.54400	 1650.00	 109	 42.46	 0.00200
44.56900	 1650.00	 109	 42.46	 0.00200
44.59400	 1650.00	 109	 42.46	 0.00200
44.61900	 1650.00	 109	 42.46	 0.00200
44.64400	 1650.00	 110	 42.18	 0.00200
44.66900	 1650.00	 109	 42.46	 0.00300
44.69400	 1650.00	 109	 42.46	 0.00200
44.71900	 1650.00	 109	 42.46	 0.00200
44.74400	 1650.00	 109	 42.46	 0.00200
44.76900	 1650.00	 109	 42.46	 0.00200
44.79400	 1650.00	 109	 42.46	 0.00200
44.81900	 1650.00	 109	 42.46	 0.00200
44.84400	 1650.00	 109	 42.46	 0.00200
44.86900	 1650.00	 109	 42.46	 0.00200
44.89400	 1650.00	 109	 42.46	 0.00200
44.91900	 1650.00	 109	 42.46	 0.00200
44.94400	 1650.00	 109	 42.46	 0.00200
44.96900	 1650.00	 109	 42.46	 0.00300
44.99400	 1650.00	 109	 42.46	 0.00200
45.01900	 1650.00	 109	 42.46	 0.00200
45.04400	 1650.00	 110	 42.18	 0.00200
45.06900	 1650.00	 109	 42.46	 0.00200
45.09400	 1650.00	 109	 42.46	 0.00200
45.11900	 1650.00	 109	 42.46	 0.00200
45.14400	 1650.00	 109	 42.46	 0.00200
45.16900	 1650.00	 109	 42.46	 0.00200
45.19400	 1650.00	 109	 42.46	 0.00200
45.21900	 1650.00	 109	 42.46	 0.00200
45.24400	 1650.00	 109	 42.46	 0.00200
45.27000	 1650.00	 109	 42.46	 0.00200
45.29500	 1650.00	 109	 42.46	 0.00200
45.32000	 1650.00	 109	 42.46	 0.00200
45.34500	 1650.00	 109	 42.46	 0.00200
45.37000	 1650.00	 109	 42.46	 0.00200
45.39500	 1650.00	 109	 42.46	 0.00300
45.42000	 1650.00	 109	 42.46	 0.00200
45.44500	 1650.00	 110	 42.18	 0.00200
45.47000	 1650.00	 109	 42.46	 0.00200
45.49500	 1650.00	 109	 42.46	 0.00200
45.52000	 1650.00	 109	 42.46	 0.00200
45.54500	 1650.00	 109	 42.46	 0.00200
45.57000	 1650.00	 109	 42.46	 0.00200
45.59500	 1650.00	 109	 42.46	 0.00200
45.62000	 1650.00	 109	 42.46	 0.00200
45.64500	 1650.00	 109	 42.46	 0.00200
45.67000	 1650.00	 109	 42.46	 0.00200
45.69600	 1650.00	 109	 42.46	 0.00200
45.72100	 1650.00	 109	 42.46	 0.00200
45.74600	 1650.00	 109	 42.46	 0.00200
45.77100	 1650.00	 109	 42.46	 0.00200
45.79600	 1650.00	 109	 42.46	 0.00200
45.82100	 1650.00	 109	 42.46	 0.00300
45.84600	 1650.00	 109	 42.46	 0.00200
45.87100	 1650.00	 109	 42.46	 0.00200
45.89600	 1650.00	 109	 42.46	 0.00200
45.92100	 1650.00	 109	 42.46	 0.00200
45.94600	 1650.00	 109	 42.46	 0.00200
45.97100	 1650.00	 109	 42.46	 0.00200
45.99600	 1650.00	 109	 42.46	 0.00200
46.02100	 1650.00	 109	 42.46	 0.00200
46.04600	 1650.00	 109	 42.46	 0.00200
46.07100	 1650.00	 109	 42.46	 0.00200
46.09600	 1650.00	 109	 42.46	 0.00200
46.12100	 1650.00	 109	 42.46	 0.00300
46.14600	 1650.00	 109	 42.46	 0.00200
46.17100	 1650.00	 109	 42.46	 0.00200
46.19600	 1650.00	 109	 42.46	 0.00200
46.22100	 1650.00	 109	 42.46	 0.00200
46.24600	 1650.00	 109	 42.46	 0.00200
46.27100	 1650.00	 109	 42.46	 0.00200
46.29600	 1650.00	 109	 42.46	 0.00200
46.32100	 1650.00	 109	 42.46	 0.00200
46.34600	 1650.00	 109	 42.46	 0.00200
46.37100	 1650.00	 109	 42.46	 0.00200
46.39600	 1650.00	 109	 42.46	 0.00200
46.42200	 1650.00	 109	 42.46	 0.00200
46.44700	 1650.00	 109	 42.46	 0.00200
46.47200	 1650.00	 109	 42.46	 0.00200
46.49700	 1650.00	 109	 42.46	 0.00200
46.52200	 1650.00	 109	 42.46	 0.00200
46.54700	 1650.00	 109	 42.46	 0.00300
46.57200	 1650.00	 109	 42.46	 0.00200
46.59700	 1650.00	 109	 42.46	 0.00200
46.62200	 1650.00	 109	 42.46	 0.00200
46.64700	 1650.00	 109	 42.46	 0.00200
46.67200	 1650.00	 109	 42.46	 0.00200
46.69700	 1650.00	 109	 42.46	 0.00200
46.72200	 1650.00	 109	 42.46	 0.00200
46.74700	 1650.00	 109	 42.46	 0.00200
46.77200	 1650.00	 109	 42.46	 0.00200
46.79700	 1650.00	 109	 42.46	 0.00200
46.82200	 1650.00	 109	 42.46	 0.00200
46.84800	 1650.00	 109	 42.46	 0.00200
46.87300	 1650.00	 109	 42.46	 0.00200
46.89800	 1650.00	 109	 42.46	 0.00200
46.92300	 1650.00	 110	 42.18	 0.00200
46.94800	 1650.00	 109	 42.46	 0.00200