5.99900	 1650.00	 653	 37.16	 0.00200
6.02400	 1650.00	 653	 37.16	 0.00200
6.04900	 1650.00	 677	 31.49	 0.00200
6.07400	 1650.00	 677	 31.49	 0.00200
6.09900	 1650.00	 653	 37.16	 0.00300
6.12400	 1650.00	 653	 37.16	 0.00200
6.14900	 1650.00	 677	 31.49	 0.00200
6.17400	 1650.00	 676	 31.72	 0.00200
6.19900	 1650.00	 653	 37.16	 0.00200
6.22400	 1650.00	 653	 37.16	 0.00200
6.24900	 1650.00	 676	 31.72	 0.00200
6.27400	 1650.00	 677	 31.49	 0.00200
6.29900	 1650.00	 653	 37.16	 0.00200
6.32400	 1650.00	 653	 37.16	 0.00200
6.34900	 1650.00	 676	 31.72	 0.00200
6.37400	 1650.00	 676	 31.72	 0.00200
6.40000	 1650.00	 653	 37.16	 0.00200
6.42500	 1650.00	 653	 37.16	 0.00200
6.45000	 1650.00	 676	 31.72	 0.00200
6.47500	 1650.00	 677	 31.49	 0.00200
6.50000	 1650.00	 653	 37.16	 0.00200
6.52500	 1650.00	 653	 37.16	 0.00300
6.55000	 1650.00	 676	 31.72	 0.00200
6.57500	 1650.00	 676	 31.72	 0.00200
6.60000	 1650.00	 653	 37.16	 0.00200
6.62500	 1650.00	 653	 37.16	 0.00200
6.65000	 1650.00	 676	 31.72	 0.00200
6.67500	 1650.00	 676	 31.72	 0.00200
6.70000	 1650.00	 653	 37.16	 0.00200
6.72500	 1650.00	 652	 37.40	 0.00200
6.75000	 1650.00	 676	 31.72	 0.00200
6.77500	 1650.00	 675	 31.96	 0.00200
6.80000	 1650.00	 653	 37.16	 0.00200
6.82500	 1650.00	 653	 37.16	 0.00300
6.85000	 1650.00	 676	 31.72	 0.00200
6.87500	 1650.00	 676	 31.72	 0.00200
6.90000	 1650.00	 652	 37.40	 0.00200
6.92500	 1650.00	 652	 37.40	 0.00200
6.95000	 1650.00	 676	 31.72	 0.00200
6.97500	 1650.00	 676	 31.72	 0.00200
7.00000	 1650.00	 652	 37.40	 0.00200
7.02500	 1650.00	 653	 37.16	 0.00200
7.05000	 1650.00	 676	 31.72	 0.00200
7.07500	 1650.00	 676	 31.72	 0.00200
7.10000	 1650.00	 652	 37.40	 0.00200
7.12600	 1650.00	 652	 37.40	 0.00200
7.15100	 1650.00	 676	 31.72	 0.00200
7.17600	 1650.00	 676	 31.72	 0.00200
7.20100	 1650.00	 654	 36.92	 0.00200
7.22600	 1650.00	 652	 37.40	 0.00200
7.25100	 1650.00	 676	 31.72	 0.00300
7.27600	 1650.00	 676	 31.72	 0.00200
7.30100	 1650.00	 653	 37.16	 0.00200
7.32600	 1650.00	 653	 37.16	 0.00200
7.35100	 1650.00	 676	 31.72	 0.00200
7.37600	 1650.00	 679	 31.01	 0.00200
7.40100	 1650.00	 652	 37.40	 0.00200
7.42600	 1650.00	 654	 36.92	 0.00200
7.45100	 1650.00	 676	 31.72	 0.00200
7.47600	 1650.00	 675	 31.96	 0.00200
7.50100	 1650.00	 653	 37.16	 0.00200
7.52600	 1650.00	 653	 37.16	 0.00200
7.55200	 1650.00	 676	 31.72	 0.00200
7.57700	 1650.00	 652	 37.40	 0.00200
7.60200	 1650.00	 652	 37.40	 0.00200
7.62700	 1650.00	 653	 37.16	 0.00200
7.65200	 1650.00	 676	 31.72	 0.00200
7.67700	 1650.00	 652	 37.40	 0.00300
7.70200	 1650.00	 653	 37.16	 0.00200
7.72700	 1650.00	 653	 37.16	 0.00200
7.75200	 1650.00	 676	 31.72	 0.00200
7.77700	 1650.00	 658	 35.98	 0.00200
7.80200	 1650.00	 652	 37.40	 0.00200
7.82700	 1650.00	 653	 37.16	 0.00200
7.85200	 1650.00	 676	 31.72	 0.00200
7.87700	 1650.00	 651	 37.63	 0.00200
7.90200	 1650.00	 653	 37.16	 0.00200
7.92700	 1650.00	 653	 37.16	 0.00200
7.95200	 1650.00	 676	 31.72	 0.00200
7.97700	 1650.00	 652	 37.40	 0.00300
8.00200	 1650.00	 653	 37.16	 0.00200
8.02700	 1650.00	 653	 37.16	 0.00200
8.05200	 1650.00	 676	 31.72	 0.00200
8.07700	 1650.00	 662	 35.03	 0.00200
8.10200	 1650.00	 654	 36.92	 0.00200
8.12700	 1650.00	 653	 37.16	 0.00200
8.15200	 1650.00	 676	 31.72	 0.00200
8.17700	 1650.00	 651	 37.63	 0.00200
8.20200	 1650.00	 652	 37.40	 0.00200
8.22700	 1650.00	 653	 37.16	 0.00200
8.25200	 1650.00	 676	 31.72	 0.00200
8.27800	 1650.00	 652	 37.40	 0.00200
8.30300	 1650.00	 652	 37.40	 0.00200
8.32800	 1650.00	 653	 37.16	 0.00200
8.35300	 1650.00	 673	 32.43	 0.00200
8.37800	 1650.00	 652	 37.40	 0.00200
8.40300	 1650.00	 653	 37.16	 0.00300
8.42800	 1650.00	 670	 33.14	 0.00200
8.45300	 1650.00	 676	 31.72	 0.00200
8.47800	 1650.00	 652	 37.40	 0.00200
8.50300	 1650.00	 652	 37.40	 0.00200
8.52800	 1650.00	 675	 31.96	 0.00200
8.55300	 1650.00	 675	 31.96	 0.00200
8.57800	 1650.00	 652	 37.40	 0.00200
8.60300	 1650.00	 652	 37.40	 0.00200
8.62800	 1650.00	 653	 37.16	 0.00200
8.65300	 1650.00	 678	 31.25	 0.00200
8.67800	 1650.00	 652	 37.40	 0.00200
8.70400	 1650.00	 653	 37.16	 0.00200
8.72900	 1650.00	 676	 31.72	 0.00200
8.75400	 1650.00	 676	 31.72	 0.00200
8.77900	 1650.00	 652	 37.40	 0.00200
8.80400	 1650.00	 653	 37.16	 0.00200
8.82900	 1650.00	 676	 31.72	 0.00300
8.85400	 1650.00	 674	 32.19	 0.00200
8.87900	 1650.00	 652	 37.40	 0.00200
8.90400	 1650.00	 654	 36.92	 0.00200
8.92900	 1650.00	 675	 31.96	 0.00200
8.95400	 1650.00	 675	 31.96	 0.00200
8.97900	 1650.00	 652	 37.40	 0.00200
9.00400	 1650.00	 652	 37.40	 0.00200
9.02900	 1650.00	 676	 31.72	 0.00200
9.05400	 1650.00	 675	 31.96	 0.00200
9.07900	 1650.00	 652	 37.40	 0.00200
9.10400	 1650.00	 652	 37.40	 0.00200
9.12900	 1650.00	 675	 31.96	 0.00300
9.15400	 1650.00	 676	 31.72	 0.00200
9.17900	 1650.00	 652	 37.40	 0.00200
9.20400	 1650.00	 653	 37.16	 0.00200
9.22900	 1650.00	 675	 31.96	 0.00200
9.25400	 1650.00	 675	 31.96	 0.00200
9.27900	 1650.00	 652	 37.40	 0.00200
9.30400	 1650.00	 652	 37.40	 0.00200
9.32900	 1650.00	 676	 31.72	 0.00200
9.35400	 1650.00	 675	 31.96	 0.00200
9.37900	 1650.00	 652	 37.40	 0.00200
9.40400	 1650.00	 652	 37.40	 0.00200
9.43000	 1650.00	 675	 31.96	 0.00200
9.45500	 1650.00	 675	 31.96	 0.00200
9.48000	 1650.00	 652	 37.40	 0.00200
9.50500	 1650.00	 652	 37.40	 0.00200
9.53000	 1650.00	 676	 31.72	 0.00200
9.55500	 1650.00	 675	 31.96	 0.00300
9.58000	 1650.00	 652	 37.40	 0.00200
9.60500	 1650.00	 652	 37.40	 0.00200
9.63000	 1650.00	 675	 31.96	 0.00200
9.65500	 1650.00	 675	 31.96	 0.00200
9.68000	 1650.00	 652	 37.40	 0.00200
9.70500	 1650.00	 652	 37.40	 0.00200
9.73000	 1650.00	 675	 31.96	 0.00200
9.75500	 1650.00	 675	 31.96	 0.00200
9.78000	 1650.00	 652	 37.40	 0.00200
9.80500	 1650.00	 652	 37.40	 0.00200
9.83000	 1650.00	 675	 31.96	 0.00200
9.85600	 1650.00	 675	 31.96	 0.00200
9.88100	 1650.00	 652	 37.40	 0.00200
9.90600	 1650.00	 652	 37.40	 0.00200
9.93100	 1650.00	 675	 31.96	 0.00200
9.95600	 1650.00	 675	 31.96	 0.00200
9.98100	 1650.00	 652	 37.40	 0.00300
10.00600	 1650.00	 652	 37.40	 0.00200
10.03100	 1650.00	 675	 31.96	 0.00200
10.05600	 1650.00	 675	 31.96	 0.00200
10.08100	 1650.00	 652	 37.40	 0.00200
10.10600	 1650.00	 652	 37.40	 0.00200
10.13100	 1650.00	 675	 31.96	 0.00200
10.15600	 1650.00	 675	 31.96	 0.00200
10.18100	 1650.00	 652	 37.40	 0.00200
10.20600	 1650.00	 652	 37.40	 0.00200
10.23100	 1650.00	 677	 31.49	 0.00200
10.25600	 1650.00	 675	 31.96	 0.00200
10.28100	 1650.00	 652	 37.40	 0.00300
10.30600	 1650.00	 652	 37.40	 0.00200
10.33100	 1650.00	 675	 31.96	 0.00200
10.35600	 1650.00	 675	 31.96	 0.00200
10.38100	 1650.00	 652	 37.40	 0.00200
10.40600	 1650.00	 652	 37.40	 0.00200
10.43100	 1650.00	 675	 31.96	 0.00200
10.45600	 1650.00	 675	 31.96	 0.00200
10.48100	 1650.00	 652	 37.40	 0.00200
10.50600	 1650.00	 652	 37.40	 0.00200
10.53100	 1650.00	 675	 31.96	 0.00200
10.55600	 1650.00	 675	 31.96	 0.00200
10.58200	 1650.00	 652	 37.40	 0.00200
10.60700	 1650.00	 652	 37.40	 0.00200
10.63200	 1650.00	 673	 32.43	 0.00200
10.65700	 1650.00	 676	 31.72	 0.00200
10.68200	 1650.00	 652	 37.40	 0.00200
10.70700	 1650.00	 652	 37.40	 0.00300
10.73200	 1650.00	 675	 31.96	 0.00200
10.75700	 1650.00	 678	 31.25	 0.00200
10.78200	 1650.00	 652	 37.40	 0.00200
10.80700	 1650.00	 652	 37.40	 0.00200
10.83200	 1650.00	 675	 31.96	 0.00200
10.85700	 1650.00	 675	 31.96	 0.00200
10.88200	 1650.00	 652	 37.40	 0.00200
10.90700	 1650.00	 652	 37.40	 0.00200
10.93200	 1650.00	 677	 31.49	 0.00200
10.95700	 1650.00	 675	 31.96	 0.00200
10.98200	 1650.00	 652	 37.40	 0.00200
11.00800	 1800.00	 653	 37.16	 0.00200
11.03300	 1800.00	 675	 31.96	 0.00200
11.05800	 1800.00	 679	 31.01	 0.00200
11.08300	 1800.00	 685	 29.59	 0.00200
11.10800	 1800.00	 685	 29.59	 0.00200
11.13300	 1800.00	 685	 29.59	 0.00300
11.15800	 1800.00	 665	 34.32	 0.00200
11.18300	 1800.00	 685	 29.59	 0.00200
11.20800	 1800.00	 685	 29.59	 0.00200
11.23300	 1800.00	 685	 29.59	 0.00200
11.25800	 1800.00	 662	 35.03	 0.00200
11.28300	 1800.00	 685	 29.59	 0.00200
11.30800	 1800.00	 685	 29.59	 0.00200
11.33300	 1800.00	 685	 29.59	 0.00200
11.35800	 1800.00	 687	 29.12	 0.00200
11.38300	 1800.00	 685	 29.59	 0.00200
11.40800	 1800.00	 685	 29.59	 0.00200
11.43300	 1800.00	 685	 29.59	 0.00300
11.45800	 1800.00	 666	 34.09	 0.00200
11.48300	 1800.00	 685	 29.59	 0.00200
11.50800	 1800.00	 685	 29.59	 0.00200
11.53300	 1800.00	 685	 29.59	 0.00200
11.55800	 1800.00	 662	 35.03	 0.00200
11.58300	 1800.00	 685	 29.59	 0.00200
11.60800	 1800.00	 685	 29.59	 0.00200
11.63300	 1800.00	 685	 29.59	 0.00200
11.65800	 1800.00	 686	 29.36	 0.00200
11.68300	 1800.00	 685	 29.59	 0.00200
11.70800	 1800.00	 685	 29.59	 0.00200
11.73400	 1800.00	 686	 29.36	 0.00200
11.75900	 1800.00	 662	 35.03	 0.00200
11.78400	 1800.00	 686	 29.36	 0.00200
11.80900	 1800.00	 685	 29.59	 0.00200
11.83400	 1800.00	 686	 29.36	 0.00200
11.85900	 1800.00	 662	 35.03	 0.00300
11.88400	 1800.00	 685	 29.59	 0.00200
11.90900	 1800.00	 685	 29.59	 0.00200
11.93400	 1800.00	 685	 29.59	 0.00200
11.95900	 1800.00	 664	 34.56	 0.00200
11.98400	 1800.00	 685	 29.59	 0.00200
12.00900	 1800.00	 685	 29.59	 0.00200
12.03400	 1800.00	 685	 29.59	 0.00200
12.05900	 1800.00	 662	 35.03	 0.00200
12.08400	 1800.00	 685	 29.59	 0.00200
12.10900	 1800.00	 685	 29.59	 0.00200
12.13400	 1800.00	 686	 29.36	 0.00200
12.16000	 1800.00	 662	 35.03	 0.00200
12.18500	 1800.00	 685	 29.59	 0.00200
12.21000	 1800.00	 686	 29.36	 0.00200
12.23500	 1800.00	 686	 29.36	 0.00200
12.26000	 1800.00	 682	 30.30	 0.00200
12.28500	 1800.00	 685	 29.59	 0.00300
12.31000	 1800.00	 685	 29.59	 0.00200
12.33500	 1800.00	 686	 29.36	 0.00200
12.36000	 1800.00	 685	 29.59	 0.00200
12.38500	 1800.00	 685	 29.59	 0.00200
12.41000	 1800.00	 685	 29.59	 0.00200
12.43500	 1800.00	 686	 29.36	 0.00200
12.46000	 1800.00	 662	 35.03	 0.00200
12.48500	 1800.00	 686	 29.36	 0.00200
12.51000	 1800.00	 685	 29.59	 0.00200
12.53500	 1800.00	 686	 29.36	 0.00200
12.56000	 1800.00	 682	 30.30	 0.00200
12.58500	 1800.00	 683	 30.07	 0.00300
12.61000	 1800.00	 685	 29.59	 0.00200
12.63500	 1800.00	 686	 29.36	 0.00200
12.66000	 1800.00	 685	 29.59	 0.00200
12.68500	 1800.00	 684	 29.83	 0.00200
12.71000	 1800.00	 686	 29.36	 0.00200
12.73500	 1800.00	 686	 29.36	 0.00200
12.76000	 1800.00	 662	 35.03	 0.00200
12.78500	 1800.00	 685	 29.59	 0.00200
12.81000	 1800.00	 685	 29.59	 0.00200
12.83500	 1800.00	 686	 29.36	 0.00200
12.86000	 1800.00	 648	 38.34	 0.00200
12.88600	 1800.00	 686	 29.36	 0.00200
12.91100	 1800.00	 685	 29.59	 0.00200
12.93600	 1800.00	 687	 29.12	 0.00200
12.96100	 1800.00	 686	 29.36	 0.00200
12.98600	 1800.00	 686	 29.36	 0.00200
13.01100	 1800.00	 686	 29.36	 0.00300
13.03600	 1800.00	 686	 29.36	 0.00200
13.06100	 1800.00	 685	 29.59	 0.00200
13.08600	 1800.00	 686	 29.36	 0.00200
13.11100	 1800.00	 686	 29.36	 0.00200
13.13600	 1800.00	 686	 29.36	 0.00200
13.16100	 1800.00	 686	 29.36	 0.00200
13.18600	 1800.00	 686	 29.36	 0.00200
13.21100	 1800.00	 686	 29.36	 0.00200
13.23600	 1800.00	 686	 29.36	 0.00200
13.26100	 1800.00	 686	 29.36	 0.00200
13.28600	 1800.00	 686	 29.36	 0.00200
13.31200	 1800.00	 685	 29.59	 0.00200
13.33700	 1800.00	 686	 29.36	 0.00200
13.36200	 1800.00	 686	 29.36	 0.00200
13.38700	 1800.00	 686	 29.36	 0.00200
13.41200	 1800.00	 686	 29.36	 0.00200
13.43700	 1800.00	 686	 29.36	 0.00300
13.46200	 1800.00	 686	 29.36	 0.00200
13.48700	 1800.00	 687	 29.12	 0.00200
13.51200	 1800.00	 686	 29.36	 0.00200
13.53700	 1800.00	 686	 29.36	 0.00200
13.56200	 1800.00	 686	 29.36	 0.00200
13.58700	 1800.00	 686	 29.36	 0.00200
13.61200	 1800.00	 685	 29.59	 0.00200
13.63700	 1800.00	 686	 29.36	 0.00200
13.66200	 1800.00	 686	 29.36	 0.00200
13.68700	 1800.00	 686	 29.36	 0.00200
13.71200	 1800.00	 686	 29.36	 0.00200
13.73700	 1800.00	 686	 29.36	 0.00300
13.76200	 1800.00	 686	 29.36	 0.00200
13.78700	 1800.00	 686	 29.36	 0.00200
13.81200	 1800.00	 686	 29.36	 0.00200
13.83700	 1800.00	 686	 29.36	 0.00200
13.86200	 1800.00	 686	 29.36	 0.00200
13.88700	 1800.00	 686	 29.36	 0.00200
13.91200	 1800.00	 686	 29.36	 0.00200
13.93700	 1800.00	 686	 29.36	 0.00200
13.96200	 1800.00	 685	 29.59	 0.00200
13.98700	 1800.00	 686	 29.36	 0.00200
14.01200	 1800.00	 686	 29.36	 0.00200
14.03800	 1800.00	 685	 29.59	 0.00200
14.06300	 1800.00	 686	 29.36	 0.00200
14.08800	 1800.00	 686	 29.36	 0.00200
14.11300	 1800.00	 686	 29.36	 0.00200
14.13800	 1800.00	 686	 29.36	 0.00200
14.16300	 1800.00	 686	 29.36	 0.00300
14.18800	 1800.00	 686	 29.36	 0.00200
14.21300	 1800.00	 686	 29.36	 0.00200
14.23800	 1800.00	 684	 29.83	 0.00200
14.26300	 1800.00	 686	 29.36	 0.00200
14.28800	 1800.00	 685	 29.59	 0.00200
14.31300	 1800.00	 686	 29.36	 0.00200
14.33800	 1800.00	 686	 29.36	 0.00200
14.36300	 1800.00	 686	 29.36	 0.00200
14.38800	 1800.00	 686	 29.36	 0.00200
14.41300	 1800.00	 686	 29.36	 0.00200
14.43800	 1800.00	 686	 29.36	 0.00200
14.46400	 1800.00	 685	 29.59	 0.00200
14.48900	 1800.00	 686	 29.36	 0.00200
14.51400	 1800.00	 686	 29.36	 0.00200
14.53900	 1800.00	 663	 34.79	 0.00200
14.56400	 1800.00	 686	 29.36	 0.00200
14.58900	 1800.00	 686	 29.36	 0.00300
14.61400	 1800.00	 686	 29.36	 0.00200
14.63900	 1800.00	 686	 29.36	 0.00200
14.66400	 1800.00	 686	 29.36	 0.00200
14.68900	 1800.00	 686	 29.36	 0.00200
14.71400	 1800.00	 686	 29.36	 0.00200
14.73900	 1800.00	 677	 31.49	 0.00200
14.76400	 1800.00	 686	 29.36	 0.00200
14.78900	 1800.00	 686	 29.36	 0.00200
14.81400	 1800.00	 686	 29.36	 0.00200
14.83900	 1800.00	 663	 34.79	 0.00200
14.86400	 1800.00	 685	 29.59	 0.00200
14.88900	 1800.00	 686	 29.36	 0.00300
14.91400	 1800.00	 685	 29.59	 0.00200
14.93900	 1800.00	 686	 29.36	 0.00200
14.96400	 1800.00	 686	 29.36	 0.00200
14.98900	 1800.00	 686	 29.36	 0.00200
15.01400	 1800.00	 686	 29.36	 0.00200
15.03900	 1800.00	 679	 31.01	 0.00200
15.06400	 1800.00	 686	 29.36	 0.00200
15.08900	 1800.00	 686	 29.36	 0.00200
15.11400	 1800.00	 686	 29.36	 0.00200
15.13900	 1800.00	 665	 34.32	 0.00200
15.16400	 1800.00	 684	 29.83	 0.00200
15.19000	 1800.00	 686	 29.36	 0.00200
15.21500	 1800.00	 686	 29.36	 0.00200
15.24000	 1800.00	 662	 35.03	 0.00200
15.26500	 1800.00	 686	 29.36	 0.00200
15.29000	 1800.00	 686	 29.36	 0.00200
15.31500	 1800.00	 686	 29.36	 0.00300
15.34000	 1800.00	 662	 35.03	 0.00200
15.36500	 1800.00	 686	 29.36	 0.00200
15.39000	 1800.00	 686	 29.36	 0.00200
15.41500	 1800.00	 686	 29.36	 0.00200
15.44000	 1800.00	 662	 35.03	 0.00200
15.46500	 1800.00	 686	 29.36	 0.00200
15.49000	 1800.00	 686	 29.36	 0.00200
15.51500	 1800.00	 686	 29.36	 0.00200
15.54000	 1800.00	 662	 35.03	 0.00200
15.56500	 1800.00	 686	 29.36	 0.00200
15.59000	 1800.00	 686	 29.36	 0.00200
15.61600	 1800.00	 688	 28.88	 0.00200
15.64100	 1800.00	 685	 29.59	 0.00200
15.66600	 1800.00	 685	 29.59	 0.00200
15.69100	 1800.00	 686	 29.36	 0.00200
15.71600	 1800.00	 686	 29.36	 0.00200
15.74100	 1800.00	 685	 29.59	 0.00300
15.76600	 1800.00	 686	 29.36	 0.00200
15.79100	 1800.00	 686	 29.36	 0.00200
15.81600	 1800.00	 686	 29.36	 0.00200
15.84100	 1800.00	 662	 35.03	 0.00200
15.86600	 1800.00	 686	 29.36	 0.00200
15.89100	 1800.00	 686	 29.36	 0.00200
15.91600	 1800.00	 686	 29.36	 0.00200
15.94100	 1800.00	 684	 29.83	 0.00200
15.96600	 1800.00	 683	 30.07	 0.00200
15.99100	 1800.00	 686	 29.36	 0.00200
16.01600	 1650.00	 686	 29.36	 0.00200
16.04100	 1650.00	 663	 34.79	 0.00300
16.06600	 1650.00	 657	 36.21	 0.00200
16.09100	 1650.00	 656	 36.45	 0.00200
16.11600	 1650.00	 678	 31.25	 0.00200
16.14100	 1650.00	 654	 36.92	 0.00200
16.16600	 1650.00	 654	 36.92	 0.00200
16.19100	 1650.00	 655	 36.69	 0.00200
16.21600	 1650.00	 678	 31.25	 0.00200
16.24100	 1650.00	 654	 36.92	 0.00200
16.26600	 1650.00	 654	 36.92	 0.00200
16.29100	 1650.00	 676	 31.72	 0.00200
16.31600	 1650.00	 678	 31.25	 0.00200
16.34200	 1650.00	 654	 36.92	 0.00200
16.36700	 1650.00	 654	 36.92	 0.00200
16.39200	 1650.00	 677	 31.49	 0.00200
16.41700	 1650.00	 677	 31.49	 0.00200
16.44200	 1650.00	 653	 37.16	 0.00200
16.46700	 1650.00	 654	 36.92	 0.00300
16.49200	 1650.00	 677	 31.49	 0.00200
16.51700	 1650.00	 677	 31.49	 0.00200
16.54200	 1650.00	 653	 37.16	 0.00200
16.56700	 1650.00	 654	 36.92	 0.00200
16.59200	 1650.00	 677	 31.49	 0.00200
16.61700	 1650.00	 677	 31.49	 0.00200
16.64200	 1650.00	 653	 37.16	 0.00200
16.66700	 1650.00	 653	 37.16	 0.00200
16.69200	 1650.00	 676	 31.72	 0.00200
16.71700	 1650.00	 674	 32.19	 0.00200
16.74200	 1650.00	 652	 37.40	 0.00200
16.76800	 1650.00	 654	 36.92	 0.00200
16.79300	 1650.00	 677	 31.49	 0.00200
16.81800	 1650.00	 677	 31.49	 0.00200
16.84300	 1650.00	 654	 36.92	 0.00200
16.86800	 1650.00	 654	 36.92	 0.00200
16.89300	 1650.00	 677	 31.49	 0.00300
16.91800	 1650.00	 677	 31.49	 0.00200
16.94300	 1650.00	 653	 37.16	 0.00200
16.96800	 1650.00	 653	 37.16	 0.00200
16.99300	 1650.00	 677	 31.49	 0.00200
17.01800	 1650.00	 677	 31.49	 0.00200
17.04300	 1650.00	 653	 37.16	 0.00200
17.06800	 1650.00	 653	 37.16	 0.00200
17.09300	 1650.00	 676	 31.72	 0.00200
17.11800	 1650.00	 676	 31.72	 0.00200
17.14300	 1650.00	 653	 37.16	 0.00200
17.16800	 1650.00	 653	 37.16	 0.00200
17.19300	 1650.00	 677	 31.49	 0.00300
17.21800	 1650.00	 677	 31.49	 0.00200
17.24300	 1650.00	 653	 37.16	 0.00200
17.26800	 1650.00	 655	 36.69	 0.00200
17.29300	 1650.00	 676	 31.72	 0.00200
17.31800	 1650.00	 677	 31.49	 0.00200
17.34300	 1650.00	 653	 37.16	 0.00200
17.36800	 1650.00	 653	 37.16	 0.00200
17.39300	 1650.00	 677	 31.49	 0.00200
17.41800	 1650.00	 676	 31.72	 0.00200
17.44300	 1650.00	 653	 37.16	 0.00200
17.46800	 1650.00	 653	 37.16	 0.00200
17.49400	 1650.00	 676	 31.72	 0.00200
17.51900	 1650.00	 676	 31.72	 0.00200
17.54400	 1650.00	 653	 37.16	 0.00200
17.56900	 1650.00	 653	 37.16	 0.00200
17.59400	 1650.00	 677	 31.49	 0.00200
17.61900	 1650.00	 676	 31.72	 0.00300
17.64400	 1650.00	 652	 37.40	 0.00200
17.66900	 1650.00	 653	 37.16	 0.00200
17.69400	 1650.00	 676	 31.72	 0.00200
17.71900	 1650.00	 676	 31.72	 0.00200
17.74400	 1650.00	 653	 37.16	 0.00200
17.76900	 1650.00	 653	 37.16	 0.00200
17.79400	 1650.00	 676	 31.72	 0.00200
17.81900	 1650.00	 676	 31.72	 0.00200
17.84400	 1650.00	 653	 37.16	 0.00200
17.86900	 1650.00	 653	 37.16	 0.00200
17.89400	 1650.00	 676	 31.72	 0.00200
17.92000	 1650.00	 676	 31.72	 0.00200
17.94500	 1650.00	 653	 37.16	 0.00200
17.97000	 1650.00	 653	 37.16	 0.00200
17.99500	 1650.00	 676	 31.72	 0.00200
18.02000	 1650.00	 679	 31.01	 0.00200
18.04500	 1650.00	 653	 37.16	 0.00300
18.07000	 1650.00	 653	 37.16	 0.00200
18.09500	 1650.00	 676	 31.72	 0.00200
18.12000	 1650.00	 657	 36.21	 0.00200
18.14500	 1650.00	 653	 37.16	 0.00200
18.17000	 1650.00	 653	 37.16	 0.00200
18.19500	 1650.00	 676	 31.72	 0.00200
18.22000	 1650.00	 676	 31.72	 0.00200
18.24500	 1650.00	 653	 37.16	 0.00200
18.27000	 1650.00	 652	 37.40	 0.00200
18.29500	 1650.00	 676	 31.72	 0.00200
18.32000	 1650.00	 676	 31.72	 0.00200
18.34500	 1650.00	 653	 37.16	 0.00300
18.37000	 1650.00	 652	 37.40	 0.00200
18.39500	 1650.00	 676	 31.72	 0.00200
18.42000	 1650.00	 661	 35.27	 0.00200
18.44500	 1650.00	 652	 37.40	 0.00200
18.47000	 1650.00	 653	 37.16	 0.00200
18.49500	 1650.00	 675	 31.96	 0.00200
18.52000	 1650.00	 676	 31.72	 0.00200
18.54500	 1650.00	 646	 38.81	 0.00200
18.57000	 1650.00	 653	 37.16	 0.00200
18.59500	 1650.00	 676	 31.72	 0.00200
18.62000	 1650.00	 676	 31.72	 0.00200
18.64600	 1650.00	 652	 37.40	 0.00200
18.67100	 1650.00	 653	 37.16	 0.00200
18.69600	 1650.00	 675	 31.96	 0.00200
18.72100	 1650.00	 652	 37.40	 0.00200
18.74600	 1650.00	 653	 37.16	 0.00200
18.77100	 1650.00	 674	 32.19	 0.00300
18.79600	 1650.00	 676	 31.72	 0.00200
18.82100	 1650.00	 652	 37.40	 0.00200
18.84600	 1650.00	 653	 37.16	 0.00200
18.87100	 1650.00	 653	 37.16	 0.00200
18.89600	 1650.00	 676	 31.72	 0.00200
18.92100	 1650.00	 652	 37.40	 0.00200
18.94600	 1650.00	 652	 37.40	 0.00200
18.97100	 1650.00	 653	 37.16	 0.00200
18.99600	 1650.00	 677	 31.49	 0.00200
19.02100	 1650.00	 652	 37.40	 0.00200
19.04600	 1650.00	 652	 37.40	 0.00200
19.07200	 1650.00	 648	 38.34	 0.00200
19.09700	 1650.00	 676	 31.72	 0.00200
19.12200	 1650.00	 652	 37.40	 0.00200
19.14700	 1650.00	 653	 37.16	 0.00200
19.17200	 1650.00	 675	 31.96	 0.00200
19.19700	 1650.00	 676	 31.72	 0.00300
19.22200	 1650.00	 652	 37.40	 0.00200
19.24700	 1650.00	 655	 36.69	 0.00200
19.27200	 1650.00	 675	 31.96	 0.00200
19.29700	 1650.00	 676	 31.72	 0.00200
19.32200	 1650.00	 652	 37.40	 0.00200
19.34700	 1650.00	 653	 37.16	 0.00200
19.37200	 1650.00	 672	 32.67	 0.00200
19.39700	 1650.00	 676	 31.72	 0.00200
19.42200	 1650.00	 652	 37.40	 0.00200
19.44700	 1650.00	 652	 37.40	 0.00200
19.47200	 1650.00	 675	 31.96	 0.00200
19.49700	 1650.00	 676	 31.72	 0.00300
19.52200	 1650.00	 652	 37.40	 0.00200
19.54700	 1650.00	 653	 37.16	 0.00200
19.57200	 1650.00	 675	 31.96	 0.00200
19.59700	 1650.00	 676	 31.72	 0.00200
19.62200	 1650.00	 652	 37.40	 0.00200
19.64700	 1650.00	 652	 37.40	 0.00200
19.67200	 1650.00	 653	 37.16	 0.00200
19.69700	 1650.00	 675	 31.96	 0.00200
19.72200	 1650.00	 652	 37.40	 0.00200
19.74700	 1650.00	 652	 37.40	 0.00200
19.77200	 1650.00	 674	 32.19	 0.00200
19.79800	 1650.00	 676	 31.72	 0.00200
19.82300	 1650.00	 652	 37.40	 0.00200
19.84800	 1650.00	 653	 37.16	 0.00200
19.87300	 1650.00	 675	 31.96	 0.00200
19.89800	 1650.00	 676	 31.72	 0.00200
19.92300	 1650.00	 652	 37.40	 0.00300
19.94800	 1650.00	 652	 37.40	 0.00200
19.97300	 1650.00	 675	 31.96	 0.00200
19.99800	 1650.00	 675	 31.96	 0.00200
20.02300	 1650.00	 652	 37.40	 0.00200
20.04800	 1650.00	 653	 37.16	 0.00200
20.07300	 1650.00	 675	 31.96	 0.00200
20.09800	 1650.00	 675	 31.96	 0.00200
20.12300	 1650.00	 652	 37.40	 0.00200
20.14800	 1650.00	 653	 37.16	 0.00200
20.17300	 1650.00	 675	 31.96	 0.00200
20.19800	 1650.00	 675	 31.96	 0.00200
20.22400	 1650.00	 652	 37.40	 0.00200
20.24900	 1650.00	 653	 37.16	 0.00200
20.27400	 1650.00	 678	 31.25	 0.00200
20.29900	 1650.00	 676	 31.72	 0.00200
20.32400	 1650.00	 652	 37.40	 0.00200
20.34900	 1650.00	 653	 37.16	 0.00300
20.37400	 1650.00	 676	 31.72	 0.00200
20.39900	 1650.00	 676	 31.72	 0.00200
20.42400	 1650.00	 652	 37.40	 0.00200
20.44900	 1650.00	 653	 37.16	 0.00200
20.47400	 1650.00	 675	 31.96	 0.00200
20.49900	 1650.00	 676	 31.72	 0.00200
20.52400	 1650.00	 652	 37.40	 0.00200
20.54900	 1650.00	 653	 37.16	 0.00200
20.57400	 1650.00	 675	 31.96	 0.00200
20.59900	 1650.00	 676	 31.72	 0.00200
20.62400	 1650.00	 653	 37.16	 0.00200
20.64900	 1650.00	 653	 37.16	 0.00300
20.67400	 1650.00	 676	 31.72	 0.00200
20.69900	 1650.00	 676	 31.72	 0.00200
20.72400	 1650.00	 652	 37.40	 0.00200
20.74900	 1650.00	 653	 37.16	 0.00200
20.77400	 1650.00	 675	 31.96	 0.00200
20.79900	 1650.00	 675	 31.96	 0.00200
20.82400	 1650.00	 652	 37.40	 0.00200
20.84900	 1650.00	 653	 37.16	 0.00200
20.87400	 1650.00	 676	 31.72	 0.00200
20.89900	 1650.00	 676	 31.72	 0.00200
20.92400	 1650.00	 653	 37.16	 0.00200
20.95000	 1650.00	 655	 36.69	 0.00200
20.97500	 1650.00	 675	 31.96	 0.00200
21.00000	 1650.00	 676	 31.72	 0.00200
21.02500	 2350.00	 652	 37.40	 0.00200
21.05000	 2350.00	 657	 36.21	 0.00200
21.07500	 2350.00	 675	 31.96	 0.00300
21.10000	 2350.00	 703	 25.34	 0.00200
21.12500	 2350.00	 721	 21.08	 0.00200
21.15000	 2350.00	 744	 15.65	 0.00200
21.17500	 2350.00	 776	 8.08	 0.00200
21.20000	 2350.00	 791	 4.54	 0.00200
21.22500	 2350.00	 762	 11.39	 0.00200
21.25000	 2350.00	 801	 2.17	 0.00200
21.27500	 2350.00	 802	 1.94	 0.00200
21.30000	 2350.00	 804	 1.46	 0.00200
21.32500	 2350.00	 801	 2.17	 0.00200
21.35000	 2350.00	 801	 2.17	 0.00200
21.37600	 2350.00	 801	 2.17	 0.00200
21.40100	 2350.00	 801	 2.17	 0.00200
21.42600	 2350.00	 802	 1.94	 0.00200
21.45100	 2350.00	 801	 2.17	 0.00200
21.47600	 2350.00	 802	 1.94	 0.00200
21.50100	 2350.00	 801	 2.17	 0.00300
21.52600	 2350.00	 801	 2.17	 0.00200
21.55100	 2350.00	 801	 2.17	 0.00200
21.57600	 2350.00	 801	 2.17	 0.00200
21.60100	 2350.00	 801	 2.17	 0.00200
21.62600	 2350.00	 801	 2.17	 0.00200
21.65100	 2350.00	 801	 2.17	 0.00200
21.67600	 2350.00	 801	 2.17	 0.00200
21.70100	 2350.00	 801	 2.17	 0.00200
21.72600	 2350.00	 801	 2.17	 0.00200
21.75100	 2350.00	 801	 2.17	 0.00200
21.77600	 2350.00	 801	 2.17	 0.00200
21.80100	 2350.00	 801	 2.17	 0.00300
21.82600	 2350.00	 801	 2.17	 0.00200
21.85100	 2350.00	 801	 2.17	 0.00200
21.87600	 2350.00	 801	 2.17	 0.00200
21.90100	 2350.00	 801	 2.17	 0.00200
21.92600	 2350.00	 800	 2.41	 0.00200
21.95100	 2350.00	 801	 2.17	 0.00200
21.97600	 2350.00	 801	 2.17	 0.00200
22.00100	 2350.00	 801	 2.17	 0.00200
22.02600	 2350.00	 801	 2.17	 0.00200
22.05100	 2350.00	 801	 2.17	 0.00200
22.07600	 2350.00	 801	 2.17	 0.00200
22.10200	 2350.00	 801	 2.17	 0.00200
22.12700	 2350.00	 801	 2.17	 0.00200
22.15200	 2350.00	 801	 2.17	 0.00200
22.17700	 2350.00	 801	 2.17	 0.00200
22.20200	 2350.00	 801	 2.17	 0.00200
22.22700	 2350.00	 801	 2.17	 0.00300
22.25200	 2350.00	 801	 2.17	 0.00200
22.27700	 2350.00	 801	 2.17	 0.00200
22.30200	 2350.00	 801	 2.17	 0.00200
22.32700	 2350.00	 801	 2.17	 0.00200
22.35200	 2350.00	 801	 2.17	 0.00200
22.37700	 2350.00	 801	 2.17	 0.00200
22.40200	 2350.00	 801	 2.17	 0.00200
22.42700	 2350.00	 801	 2.17	 0.00200
22.45200	 2350.00	 801	 2.17	 0.00200
22.47700	 2350.00	 801	 2.17	 0.00200
22.50200	 2350.00	 801	 2.17	 0.00200
22.52800	 2350.00	 801	 2.17	 0.00200
22.55300	 2350.00	 801	 2.17	 0.00200
22.57800	 2350.00	 801	 2.17	 0.00200
22.60300	 2350.00	 801	 2.17	 0.00200
22.62800	 2350.00	 801	 2.17	 0.00200
22.65300	 2350.00	 801	 2.17	 0.00300
22.67800	 2350.00	 802	 1.94	 0.00200
22.70300	 2350.00	 798	 2.88	 0.00200
22.72800	 2350.00	 802	 1.94	 0.00200
22.75300	 2350.00	 801	 2.17	 0.00200
22.77800	 2350.00	 801	 2.17	 0.00200
22.80300	 2350.00	 801	 2.17	 0.00200
22.82800	 2350.00	 801	 2.17	 0.00200
22.85300	 2350.00	 801	 2.17	 0.00200
22.87800	 2350.00	 801	 2.17	 0.00200
22.90300	 2350.00	 801	 2.17	 0.00200
22.92800	 2350.00	 801	 2.17	 0.00200
22.95300	 2350.00	 801	 2.17	 0.00300
22.97800	 2350.00	 801	 2.17	 0.00200
23.00300	 2350.00	 801	 2.17	 0.00200
23.02800	 2350.00	 801	 2.17	 0.00200
23.05300	 2350.00	 801	 2.17	 0.00200
23.07800	 2350.00	 801	 2.17	 0.00200
23.10300	 2350.00	 801	 2.17	 0.00200
23.12800	 2350.00	 801	 2.17	 0.00200
23.15300	 2350.00	 801	 2.17	 0.00200
23.17800	 2350.00	 801	 2.17	 0.00200
23.20300	 2350.00	 801	 2.17	 0.00200
23.22800	 2350.00	 801	 2.17	 0.00200
23.25400	 2350.00	 801	 2.17	 0.00200
23.27900	 2350.00	 801	 2.17	 0.00200
23.30400	 2350.00	 801	 2.17	 0.00200
23.32900	 2350.00	 801	 2.17	 0.00200
23.35400	 2350.00	 801	 2.17	 0.00200
23.37900	 2350.00	 801	 2.17	 0.00300
23.40400	 2350.00	 801	 2.17	 0.00200
23.42900	 2350.00	 801	 2.17	 0.00200
23.45400	 2350.00	 801	 2.17	 0.00200
23.47900	 2350.00	 801	 2.17	 0.00200
23.50400	 2350.00	 801	 2.17	 0.00200
23.52900	 2350.00	 801	 2.17	 0.00200
23.55400	 2350.00	 801	 2.17	 0.00200
23.57900	 2350.00	 801	 2.17	 0.00200
23.60400	 2350.00	 801	 2.17	 0.00200
23.62900	 2350.00	 801	 2.17	 0.00200
23.65400	 2350.00	 801	 2.17	 0.00200
23.68000	 2350.00	 801	 2.17	 0.00200
23.70500	 2350.00	 801	 2.17	 0.00200
23.73000	 2350.00	 801	 2.17	 0.00200
23.75500	 2350.00	 801	 2.17	 0.00200
23.78000	 2350.00	 801	 2.17	 0.00200
23.80500	 2350.00	 801	 2.17	 0.00300
23.83000	 2350.00	 801	 2.17	 0.00200
23.85500	 2350.00	 801	 2.17	 0.00200
23.88000	 2350.00	 801	 2.17	 0.00200
23.90500	 2350.00	 802	 1.94	 0.00200
23.93000	 2350.00	 801	 2.17	 0.00200
23.95500	 2350.00	 801	 2.17	 0.00200
23.98000	 2350.00	 801	 2.17	 0.00200
24.00500	 2350.00	 801	 2.17	 0.00200
24.03000	 2350.00	 801	 2.17	 0.00200
24.05500	 2350.00	 801	 2.17	 0.00200
24.08000	 2350.00	 801	 2.17	 0.00200
24.10500	 2350.00	 801	 2.17	 0.00300
24.13000	 2350.00	 801	 2.17	 0.00200
24.15500	 2350.00	 801	 2.17	 0.00200
24.18000	 2350.00	 801	 2.17	 0.00200
24.20500	 2350.00	 801	 2.17	 0.00200
24.23000	 2350.00	 801	 2.17	 0.00200
24.25500	 2350.00	 801	 2.17	 0.00200
24.28000	 2350.00	 801	 2.17	 0.00200
24.30500	 2350.00	 803	 1.70	 0.00200
24.33000	 2350.00	 801	 2.17	 0.00200
24.35500	 2350.00	 801	 2.17	 0.00200
24.38000	 2350.00	 801	 2.17	 0.00200
24.40600	 2350.00	 801	 2.17	 0.00200
24.43100	 2350.00	 801	 2.17	 0.00200
24.45600	 2350.00	 801	 2.17	 0.00200
24.48100	 2350.00	 801	 2.17	 0.00200
24.50600	 2350.00	 801	 2.17	 0.00200
24.53100	 2350.00	 801	 2.17	 0.00300
24.55600	 2350.00	 801	 2.17	 0.00200
24.58100	 2350.00	 802	 1.94	 0.00200
24.60600	 2350.00	 801	 2.17	 0.00200
24.63100	 2350.00	 801	 2.17	 0.00200
24.65600	 2350.00	 802	 1.94	 0.00200
24.68100	 2350.00	 801	 2.17	 0.00200
24.70600	 2350.00	 801	 2.17	 0.00200
24.73100	 2350.00	 801	 2.17	 0.00200
24.75600	 2350.00	 802	 1.94	 0.00200
24.78100	 2350.00	 801	 2.17	 0.00200
24.80600	 2350.00	 801	 2.17	 0.00200
24.83200	 2350.00	 801	 2.17	 0.00200
24.85700	 2350.00	 801	 2.17	 0.00200
24.88200	 2350.00	 801	 2.17	 0.00200
24.90700	 2350.00	 801	 2.17	 0.00200
24.93200	 2350.00	 801	 2.17	 0.00200
24.95700	 2350.00	 801	 2.17	 0.00300
24.98200	 2350.00	 801	 2.17	 0.00200
25.00700	 2350.00	 801	 2.17	 0.00200
25.03200	 2350.00	 801	 2.17	 0.00200
25.05700	 2350.00	 800	 2.41	 0.00200
25.08200	 2350.00	 802	 1.94	 0.00200
25.10700	 2350.00	 801	 2.17	 0.00200
25.13200	 2350.00	 801	 2.17	 0.00200
25.15700	 2350.00	 802	 1.94	 0.00200
25.18200	 2350.00	 800	 2.41	 0.00200
25.20700	 2350.00	 801	 2.17	 0.00200
25.23200	 2350.00	 801	 2.17	 0.00200
25.25700	 2350.00	 801	 2.17	 0.00300
25.28200	 2350.00	 801	 2.17	 0.00200
25.30700	 2350.00	 801	 2.17	 0.00200
25.33200	 2350.00	 801	 2.17	 0.00200
25.35700	 2350.00	 801	 2.17	 0.00200
25.38200	 2350.00	 801	 2.17	 0.00200
25.40700	 2350.00	 801	 2.17	 0.00200
25.43200	 2350.00	 800	 2.41	 0.00200
25.45700	 2350.00	 801	 2.17	 0.00200
25.48200	 2350.00	 801	 2.17	 0.00200
25.50700	 2350.00	 801	 2.17	 0.00200
25.53200	 2350.00	 801	 2.17	 0.00200
25.55800	 2350.00	 801	 2.17	 0.00200
25.58300	 2350.00	 801	 2.17	 0.00200
25.60800	 2350.00	 801	 2.17	 0.00200
25.63300	 2350.00	 801	 2.17	 0.00200
25.65800	 2350.00	 801	 2.17	 0.00200
25.68300	 2350.00	 801	 2.17	 0.00300
25.70800	 2350.00	 802	 1.94	 0.00200
25.73300	 2350.00	 801	 2.17	 0.00200
25.75800	 2350.00	 801	 2.17	 0.00200
25.78300	 2350.00	 801	 2.17	 0.00200
25.80800	 2350.00	 801	 2.17	 0.00200
25.83300	 2350.00	 801	 2.17	 0.00200
25.85800	 2350.00	 801	 2.17	 0.00200
25.88300	 2350.00	 800	 2.41	 0.00200
25.90800	 2350.00	 801	 2.17	 0.00200
25.93300	 2350.00	 801	 2.17	 0.00200
25.95800	 2350.00	 801	 2.17	 0.00200
25.98400	 2350.00	 801	 2.17	 0.00200
26.00900	 2350.00	 801	 2.17	 0.00200
26.03400	 1650.00	 801	 2.17	 0.00200
26.05900	 1650.00	 772	 9.03	 0.00200
26.08400	 1650.00	 777	 7.85	 0.00200
26.10900	 1650.00	 766	 10.45	 0.00300
26.13400	 1650.00	 747	 14.94	 0.00200
26.15900	 1650.00	 720	 21.32	 0.00200
26.18400	 1650.00	 692	 27.94	 0.00200
26.20900	 1650.00	 667	 33.85	 0.00200
26.23400	 1650.00	 676	 31.72	 0.00200
26.25900	 1650.00	 674	 32.19	 0.00200
26.28400	 1650.00	 650	 37.87	 0.00200
26.30900	 1650.00	 652	 37.40	 0.00200
26.33400	 1650.00	 672	 32.67	 0.00200
26.35900	 1650.00	 675	 31.96	 0.00200
26.38400	 1650.00	 651	 37.63	 0.00200
26.40900	 1650.00	 651	 37.63	 0.00300
26.43400	 1650.00	 675	 31.96	 0.00200
26.45900	 1650.00	 675	 31.96	 0.00200
26.48400	 1650.00	 651	 37.63	 0.00200
26.50900	 1650.00	 652	 37.40	 0.00200
26.53400	 1650.00	 675	 31.96	 0.00200
26.55900	 1650.00	 675	 31.96	 0.00200
26.58400	 1650.00	 651	 37.63	 0.00200
26.60900	 1650.00	 654	 36.92	 0.00200
26.63400	 1650.00	 673	 32.43	 0.00200
26.65900	 1650.00	 675	 31.96	 0.00200
26.68400	 1650.00	 651	 37.63	 0.00200
26.71000	 1650.00	 652	 37.40	 0.00200
26.73500	 1650.00	 674	 32.19	 0.00200
26.76000	 1650.00	 675	 31.96	 0.00200
26.78500	 1650.00	 652	 37.40	 0.00200
26.81000	 1650.00	 652	 37.40	 0.00200
26.83500	 1650.00	 675	 31.96	 0.00300
26.86000	 1650.00	 675	 31.96	 0.00200
26.88500	 1650.00	 651	 37.63	 0.00200
26.91000	 1650.00	 652	 37.40	 0.00200
26.93500	 1650.00	 675	 31.96	 0.00200
26.96000	 1650.00	 675	 31.96	 0.00200
26.98500	 1650.00	 651	 37.63	 0.00200
27.01000	 1650.00	 652	 37.40	 0.00200
27.03500	 1650.00	 675	 31.96	 0.00200
27.06000	 1650.00	 675	 31.96	 0.00200
27.08500	 1650.00	 652	 37.40	 0.00200
27.11000	 1650.00	 652	 37.40	 0.00200
27.13600	 1650.00	 675	 31.96	 0.00200
27.16100	 1650.00	 675	 31.96	 0.00200
27.18600	 1650.00	 652	 37.40	 0.00200
27.21100	 1650.00	 652	 37.40	 0.00200
27.23600	 1650.00	 675	 31.96	 0.00200
27.26100	 1650.00	 675	 31.96	 0.00300
27.28600	 1650.00	 652	 37.40	 0.00200
27.31100	 1650.00	 652	 37.40	 0.00200
27.33600	 1650.00	 675	 31.96	 0.00200
27.36100	 1650.00	 675	 31.96	 0.00200
27.38600	 1650.00	 652	 37.40	 0.00200
27.41100	 1650.00	 652	 37.40	 0.00200
27.43600	 1650.00	 675	 31.96	 0.00200
27.46100	 1650.00	 675	 31.96	 0.00200
27.48600	 1650.00	 652	 37.40	 0.00200
27.51100	 1650.00	 652	 37.40	 0.00200
27.53600	 1650.00	 675	 31.96	 0.00200
27.56100	 1650.00	 675	 31.96	 0.00300
27.58600	 1650.00	 652	 37.40	 0.00200
27.61100	 1650.00	 652	 37.40	 0.00200
27.63600	 1650.00	 675	 31.96	 0.00200
27.66100	 1650.00	 675	 31.96	 0.00200
27.68600	 1650.00	 652	 37.40	 0.00200
27.71100	 1650.00	 652	 37.40	 0.00200
27.73600	 1650.00	 675	 31.96	 0.00200
27.76100	 1650.00	 675	 31.96	 0.00200
27.78600	 1650.00	 652	 37.40	 0.00200
27.81100	 1650.00	 652	 37.40	 0.00200
27.83600	 1650.00	 675	 31.96	 0.00200
27.86200	 1650.00	 675	 31.96	 0.00200
27.88700	 1650.00	 652	 37.40	 0.00200
27.91200	 1650.00	 652	 37.40	 0.00200
27.93700	 1650.00	 675	 31.96	 0.00200
27.96200	 1650.00	 675	 31.96	 0.00200
27.98700	 1650.00	 652	 37.40	 0.00300
28.01200	 1650.00	 652	 37.40	 0.00200
28.03700	 1650.00	 675	 31.96	 0.00200
28.06200	 1650.00	 675	 31.96	 0.00200
28.08700	 1650.00	 652	 37.40	 0.00200
28.11200	 1650.00	 652	 37.40	 0.00200
28.13700	 1650.00	 675	 31.96	 0.00200
28.16200	 1650.00	 675	 31.96	 0.00200
28.18700	 1650.00	 652	 37.40	 0.00200
28.21200	 1650.00	 652	 37.40	 0.00200
28.23700	 1650.00	 675	 31.96	 0.00200
28.26200	 1650.00	 675	 31.96	 0.00200
28.28800	 1650.00	 652	 37.40	 0.00200
28.31300	 1650.00	 652	 37.40	 0.00200
28.33800	 1650.00	 675	 31.96	 0.00200
28.36300	 1650.00	 679	 31.01	 0.00200
28.38800	 1650.00	 652	 37.40	 0.00200
28.41300	 1650.00	 653	 37.16	 0.00300
28.43800	 1650.00	 675	 31.96	 0.00200
28.46300	 1650.00	 675	 31.96	 0.00200
28.48800	 1650.00	 652	 37.40	 0.00200
28.51300	 1650.00	 653	 37.16	 0.00200
28.53800	 1650.00	 675	 31.96	 0.00200
28.56300	 1650.00	 675	 31.96	 0.00200
28.58800	 1650.00	 652	 37.40	 0.00200
28.61300	 1650.00	 653	 37.16	 0.00200
28.63800	 1650.00	 675	 31.96	 0.00200
28.66300	 1650.00	 679	 31.01	 0.00200
28.68800	 1650.00	 652	 37.40	 0.00200
28.71300	 1650.00	 652	 37.40	 0.00300
28.73800	 1650.00	 675	 31.96	 0.00200
28.76300	 1650.00	 675	 31.96	 0.00200
28.78800	 1650.00	 652	 37.40	 0.00200
28.81300	 1650.00	 652	 37.40	 0.00200
28.83800	 1650.00	 675	 31.96	 0.00200
28.86300	 1650.00	 675	 31.96	 0.00200
28.88800	 1650.00	 652	 37.40	 0.00200
28.91300	 1650.00	 652	 37.40	 0.00200
28.93800	 1650.00	 674	 32.19	 0.00200
28.96300	 1650.00	 675	 31.96	 0.00200
28.98800	 1650.00	 651	 37.63	 0.00200
29.01400	 1650.00	 652	 37.40	 0.00200
29.03900	 1650.00	 675	 31.96	 0.00200
29.06400	 1650.00	 661	 35.27	 0.00200
29.08900	 1650.00	 652	 37.40	 0.00200
29.11400	 1650.00	 653	 37.16	 0.00200
29.13900	 1650.00	 675	 31.96	 0.00300
29.16400	 1650.00	 652	 37.40	 0.00200
29.18900	 1650.00	 652	 37.40	 0.00200
29.21400	 1650.00	 653	 37.16	 0.00200
29.23900	 1650.00	 675	 31.96	 0.00200
29.26400	 1650.00	 651	 37.63	 0.00200
29.28900	 1650.00	 652	 37.40	 0.00200
29.31400	 1650.00	 653	 37.16	 0.00200
29.33900	 1650.00	 675	 31.96	 0.00200
29.36400	 1650.00	 667	 33.85	 0.00200
29.38900	 1650.00	 652	 37.40	 0.00200
29.41400	 1650.00	 653	 37.16	 0.00200
29.44000	 1650.00	 674	 32.19	 0.00200
29.46500	 1650.00	 651	 37.63	 0.00200
29.49000	 1650.00	 652	 37.40	 0.00200
29.51500	 1650.00	 675	 31.96	 0.00200
29.54000	 1650.00	 675	 31.96	 0.00200
29.56500	 1650.00	 651	 37.63	 0.00300
29.59000	 1650.00	 653	 37.16	 0.00200
29.61500	 1650.00	 672	 32.67	 0.00200
29.64000	 1650.00	 675	 31.96	 0.00200
29.66500	 1650.00	 651	 37.63	 0.00200
29.69000	 1650.00	 652	 37.40	 0.00200
29.71500	 1650.00	 674	 32.19	 0.00200
29.74000	 1650.00	 674	 32.19	 0.00200
29.76500	 1650.00	 651	 37.63	 0.00200
29.79000	 1650.00	 653	 37.16	 0.00200
29.81500	 1650.00	 675	 31.96	 0.00200
29.84000	 1650.00	 675	 31.96	 0.00200
29.86500	 1650.00	 651	 37.63	 0.00300
29.89000	 1650.00	 654	 36.92	 0.00200
29.91500	 1650.00	 672	 32.67	 0.00200
29.94000	 1650.00	 675	 31.96	 0.00200
29.96500	 1650.00	 651	 37.63	 0.00200
29.99000	 1650.00	 652	 37.40	 0.00200
30.01500	 1650.00	 674	 32.19	 0.00200
30.04000	 1650.00	 675	 31.96	 0.00200
30.06500	 1650.00	 651	 37.63	 0.00200
30.09000	 1650.00	 653	 37.16	 0.00200
30.11500	 1650.00	 675	 31.96	 0.00200
30.14000	 1650.00	 675	 31.96	 0.00200
30.16600	 1650.00	 651	 37.63	 0.00200
30.19100	 1650.00	 652	 37.40	 0.00200
30.21600	 1650.00	 675	 31.96	 0.00200
30.24100	 1650.00	 675	 31.96	 0.00200
30.26600	 1650.00	 651	 37.63	 0.00200
30.29100	 1650.00	 652	 37.40	 0.00300
30.31600	 1650.00	 675	 31.96	 0.00200
30.34100	 1650.00	 675	 31.96	 0.00200
30.36600	 1650.00	 652	 37.40	 0.00200
30.39100	 1650.00	 652	 37.40	 0.00200
30.41600	 1650.00	 675	 31.96	 0.00200
30.44100	 1650.00	 675	 31.96	 0.00200
30.46600	 1650.00	 651	 37.63	 0.00200
30.49100	 1650.00	 652	 37.40	 0.00200
30.51600	 1650.00	 675	 31.96	 0.00200
30.54100	 1650.00	 675	 31.96	 0.00200
30.56600	 1650.00	 651	 37.63	 0.00200
30.59200	 1650.00	 652	 37.40	 0.00200
30.61700	 1650.00	 675	 31.96	 0.00200
30.64200	 1650.00	 675	 31.96	 0.00200
30.66700	 1650.00	 652	 37.40	 0.00200
30.69200	 1650.00	 652	 37.40	 0.00200
30.71700	 1650.00	 675	 31.96	 0.00300
30.74200	 1650.00	 675	 31.96	 0.00200
30.76700	 1650.00	 652	 37.40	 0.00200
30.79200	 1650.00	 653	 37.16	 0.00200
30.81700	 1650.00	 674	 32.19	 0.00200
30.84200	 1650.00	 675	 31.96	 0.00200
30.86700	 1650.00	 652	 37.40	 0.00200
30.89200	 1650.00	 652	 37.40	 0.00200
30.91700	 1650.00	 675	 31.96	 0.00200
30.94200	 1650.00	 675	 31.96	 0.00200
30.96700	 1650.00	 652	 37.40	 0.00200
30.99200	 1650.00	 652	 37.40	 0.00200
31.01700	 1650.00	 675	 31.96	 0.00300
31.04200	 1650.00	 675	 31.96	 0.00200
31.06700	 1650.00	 652	 37.40	 0.00200
31.09200	 1650.00	 652	 37.40	 0.00200
31.11700	 1650.00	 675	 31.96	 0.00200
31.14200	 1650.00	 675	 31.96	 0.00200
31.16700	 1650.00	 652	 37.40	 0.00200
31.19200	 1650.00	 652	 37.40	 0.00200
31.21700	 1650.00	 675	 31.96	 0.00200
31.24200	 1650.00	 675	 31.96	 0.00200
31.26700	 1650.00	 652	 37.40	 0.00200
31.29200	 1650.00	 652	 37.40	 0.00200
31.31800	 1650.00	 675	 31.96	 0.00200
31.34300	 1650.00	 675	 31.96	 0.00200
31.36800	 1650.00	 652	 37.40	 0.00200
31.39300	 1650.00	 652	 37.40	 0.00200
31.41800	 1650.00	 675	 31.96	 0.00200
31.44300	 1650.00	 675	 31.96	 0.00300
31.46800	 1650.00	 652	 37.40	 0.00200
31.49300	 1650.00	 652	 37.40	 0.00200
31.51800	 1650.00	 675	 31.96	 0.00200
31.54300	 1650.00	 675	 31.96	 0.00200
31.56800	 1650.00	 652	 37.40	 0.00200
31.59300	 1650.00	 652	 37.40	 0.00200
31.61800	 1650.00	 675	 31.96	 0.00200
31.64300	 1650.00	 675	 31.96	 0.00200
31.66800	 1650.00	 652	 37.40	 0.00200
31.69300	 1650.00	 652	 37.40	 0.00200
31.71800	 1650.00	 675	 31.96	 0.00200
31.74400	 1650.00	 675	 31.96	 0.00200
31.76900	 1650.00	 652	 37.40	 0.00200
31.79400	 1650.00	 652	 37.40	 0.00200
31.81900	 1650.00	 675	 31.96	 0.00200
31.84400	 1650.00	 675	 31.96	 0.00200
31.86900	 1650.00	 652	 37.40	 0.00300
31.89400	 1650.00	 652	 37.40	 0.00200
31.91900	 1650.00	 675	 31.96	 0.00200
31.94400	 1650.00	 675	 31.96	 0.00200
31.96900	 1650.00	 652	 37.40	 0.00200
31.99400	 1650.00	 652	 37.40	 0.00200
32.01900	 1650.00	 675	 31.96	 0.00200
32.04400	 1650.00	 675	 31.96	 0.00200
32.06900	 1650.00	 652	 37.40	 0.00200
32.09400	 1650.00	 652	 37.40	 0.00200
32.11900	 1650.00	 675	 31.96	 0.00200
