7.28000	 1650.00	 277	 118.89	 34.55	 0.0020
7.30000	 1650.00	 277	 118.89	 34.55	 0.0020
7.32000	 1650.00	 278	 119.14	 34.55	 0.0020
7.34000	 1650.00	 277	 118.89	 34.55	 0.0020
7.36000	 1650.00	 276	 118.63	 34.55	 0.0020
7.38000	 1650.00	 276	 118.63	 34.55	 0.0030
7.40000	 1650.00	 276	 118.63	 34.55	 0.0020
7.42000	 1650.00	 277	 118.89	 34.55	 0.0020
7.44000	 1650.00	 271	 117.33	 34.55	 0.0020
7.46000	 1650.00	 276	 118.63	 34.55	 0.0020
7.48000	 1650.00	 276	 118.63	 34.55	 0.0020
7.50000	 1650.00	 277	 118.89	 34.55	 0.0020
7.52000	 1650.00	 276	 118.63	 34.55	 0.0020
7.54000	 1650.00	 275	 118.37	 34.55	 0.0020
7.56000	 1650.00	 277	 118.89	 34.55	 0.0020
7.58000	 1650.00	 278	 119.14	 34.55	 0.0020
7.60000	 1650.00	 277	 118.89	 34.55	 0.0020
7.62000	 1650.00	 277	 118.89	 34.55	 0.0020
7.64000	 1650.00	 276	 118.63	 34.55	 0.0020
7.66000	 1650.00	 278	 119.14	 34.55	 0.0020
7.68000	 1650.00	 277	 118.89	 34.55	 0.0020
7.70000	 1650.00	 274	 118.11	 34.55	 0.0020
7.72000	 1650.00	 277	 118.89	 34.55	 0.0030
7.74000	 1650.00	 278	 119.14	 34.55	 0.0020
7.76000	 1650.00	 277	 118.89	 34.55	 0.0020
7.78000	 1650.00	 276	 118.63	 34.55	 0.0020
7.80000	 1650.00	 277	 118.89	 34.55	 0.0020
7.82000	 1650.00	 276	 118.63	 34.55	 0.0020
7.84000	 1650.00	 276	 118.63	 34.55	 0.0020
7.86000	 1650.00	 278	 119.14	 34.55	 0.0020
7.88000	 1650.00	 278	 119.14	 34.55	 0.0020
7.90000	 1650.00	 276	 118.63	 34.55	 0.0020
7.92000	 1650.00	 276	 118.63	 34.55	 0.0020
7.94000	 1650.00	 277	 118.89	 34.55	 0.0020
7.96000	 1650.00	 276	 118.63	 34.55	 0.0020
7.98000	 1650.00	 276	 118.63	 34.55	 0.0020
8.00000	 1650.00	 277	 118.89	 34.55	 0.0020
8.02000	 1650.00	 277	 118.89	 34.55	 0.0030
8.04000	 1650.00	 276	 118.63	 34.55	 0.0020
8.06000	 1650.00	 278	 119.14	 34.55	 0.0020
8.08000	 1650.00	 278	 119.14	 34.55	 0.0020
8.10000	 1650.00	 276	 118.63	 34.55	 0.0020
8.12000	 1650.00	 278	 119.14	 34.55	 0.0020
8.14000	 1650.00	 278	 119.14	 34.55	 0.0020
8.16000	 1650.00	 277	 118.89	 34.55	 0.0020
8.18000	 1650.00	 277	 118.89	 34.55	 0.0020
8.20000	 1650.00	 277	 118.89	 34.55	 0.0020
8.22000	 1650.00	 277	 118.89	 34.55	 0.0020
8.24000	 1650.00	 279	 119.40	 34.55	 0.0020
8.26000	 1650.00	 277	 118.89	 34.55	 0.0020
8.28000	 1650.00	 277	 118.89	 34.55	 0.0020
8.30000	 1650.00	 278	 119.14	 34.55	 0.0020
8.32000	 1650.00	 279	 119.40	 34.55	 0.0020
8.34000	 1650.00	 277	 118.89	 34.55	 0.0020
8.36000	 1650.00	 276	 118.63	 34.55	 0.0030
8.38000	 1650.00	 276	 118.63	 34.55	 0.0020
8.40000	 1650.00	 277	 118.89	 34.55	 0.0020
8.42000	 1650.00	 277	 118.89	 34.55	 0.0020
8.44000	 1650.00	 277	 118.89	 34.55	 0.0020
8.46000	 1650.00	 276	 118.63	 34.55	 0.0020
8.48000	 1650.00	 276	 118.63	 34.55	 0.0020
8.50000	 1650.00	 277	 118.89	 34.55	 0.0020
8.52000	 1650.00	 277	 118.89	 34.55	 0.0020
8.54000	 1650.00	 277	 118.89	 34.55	 0.0020
8.56000	 1650.00	 277	 118.89	 34.55	 0.0020
8.58000	 1650.00	 278	 119.14	 34.55	 0.0020
8.60000	 1650.00	 276	 118.63	 34.55	 0.0020
8.62000	 1650.00	 277	 118.89	 34.55	 0.0020
8.64000	 1650.00	 277	 118.89	 34.55	 0.0020
8.66000	 1650.00	 278	 119.14	 34.55	 0.0030
8.68000	 1650.00	 278	 119.14	 34.55	 0.0020
8.70000	 1650.00	 277	 118.89	 34.55	 0.0020
8.72000	 1650.00	 276	 118.63	 34.55	 0.0020
8.74000	 1650.00	 276	 118.63	 34.55	 0.0020
8.76000	 1650.00	 277	 118.89	 34.55	 0.0020
8.78000	 1650.00	 276	 118.63	 34.55	 0.0020
8.80000	 1650.00	 278	 119.14	 34.55	 0.0020
8.82000	 1650.00	 276	 118.63	 34.55	 0.0020
8.84000	 1650.00	 278	 119.14	 34.55	 0.0020
8.86000	 1650.00	 276	 118.63	 34.55	 0.0020
8.88000	 1650.00	 278	 119.14	 34.55	 0.0020
8.90000	 1650.00	 276	 118.63	 34.55	 0.0020
8.92000	 1650.00	 277	 118.89	 34.55	 0.0020
8.94000	 1650.00	 277	 118.89	 34.55	 0.0020
8.96000	 1650.00	 277	 118.89	 34.55	 0.0020
8.98000	 1650.00	 277	 118.89	 34.55	 0.0020
9.00000	 1650.00	 277	 118.89	 34.55	 0.0030
9.02000	 1650.00	 277	 118.89	 34.55	 0.0020
9.04000	 1650.00	 276	 118.63	 34.55	 0.0020
9.06000	 1650.00	 277	 118.89	 34.55	 0.0020
9.08000	 1650.00	 276	 118.63	 34.55	 0.0020
9.10000	 1650.00	 277	 118.89	 34.55	 0.0020
9.12000	 1650.00	 279	 119.40	 34.55	 0.0020
9.14000	 1650.00	 276	 118.63	 34.55	 0.0020
9.16000	 1650.00	 278	 119.14	 34.55	 0.0020
9.18000	 1650.00	 278	 119.14	 34.55	 0.0020
9.20000	 1650.00	 277	 118.89	 34.55	 0.0020
9.22000	 1650.00	 277	 118.89	 34.55	 0.0020
9.24000	 1650.00	 277	 118.89	 34.55	 0.0020
9.26000	 1650.00	 276	 118.63	 34.55	 0.0020
9.28000	 1650.00	 276	 118.63	 34.55	 0.0020
9.30000	 1650.00	 277	 118.89	 34.55	 0.0030
9.32000	 1650.00	 277	 118.89	 34.55	 0.0020
9.34000	 1650.00	 279	 119.40	 34.55	 0.0020
9.36000	 1650.00	 276	 118.63	 34.55	 0.0020
9.38000	 1650.00	 277	 118.89	 34.55	 0.0020
9.40000	 1650.00	 276	 118.63	 34.55	 0.0020
9.42000	 1650.00	 276	 118.63	 34.55	 0.0020
9.44000	 1650.00	 277	 118.89	 34.55	 0.0020
9.46000	 1650.00	 280	 119.66	 34.55	 0.0020
9.48000	 1650.00	 277	 118.89	 34.55	 0.0020
9.50000	 1650.00	 277	 118.89	 34.55	 0.0020
9.52000	 1650.00	 276	 118.63	 34.55	 0.0020
9.54000	 1650.00	 275	 118.37	 34.55	 0.0020
9.56000	 1650.00	 277	 118.89	 34.55	 0.0020
9.58000	 1650.00	 277	 118.89	 34.55	 0.0020
9.60000	 1650.00	 277	 118.89	 34.55	 0.0020
9.62000	 1650.00	 277	 118.89	 34.55	 0.0020
9.64000	 1650.00	 277	 118.89	 34.55	 0.0030
9.66000	 1650.00	 282	 120.18	 34.55	 0.0020
9.68000	 1650.00	 277	 118.89	 34.55	 0.0020
9.70000	 1650.00	 277	 118.89	 34.55	 0.0020
9.72000	 1650.00	 277	 118.89	 34.55	 0.0020
9.74000	 1650.00	 276	 118.63	 34.55	 0.0020
9.76000	 1650.00	 276	 118.63	 34.55	 0.0020
9.78000	 1650.00	 276	 118.63	 34.55	 0.0020
9.80000	 1650.00	 278	 119.14	 34.55	 0.0020
9.82000	 1650.00	 278	 119.14	 34.55	 0.0020
9.84000	 1650.00	 278	 119.14	 34.55	 0.0020
9.86000	 1650.00	 276	 118.63	 34.55	 0.0020
9.88000	 1650.00	 277	 118.89	 34.55	 0.0020
9.90000	 1650.00	 276	 118.63	 34.55	 0.0020
9.92000	 1650.00	 277	 118.89	 34.55	 0.0020
9.94000	 1650.00	 279	 119.40	 34.55	 0.0030
9.96000	 1650.00	 277	 118.89	 34.55	 0.0020
9.98000	 1650.00	 279	 119.40	 34.55	 0.0020
10.00000	 1800.00	 275	 118.37	 22.86	 0.0020
10.02000	 1800.00	 186	 95.35	 22.86	 0.0020
10.04000	 1800.00	 206	 100.52	 22.86	 0.0020
10.06000	 1800.00	 207	 100.78	 22.86	 0.0020
10.08000	 1800.00	 195	 97.68	 22.86	 0.0020
10.10000	 1800.00	 253	 112.68	 22.86	 0.0020
10.12000	 1800.00	 247	 111.13	 22.86	 0.0020
10.14000	 1800.00	 240	 109.32	 22.86	 0.0020
10.16000	 1800.00	 239	 109.06	 22.86	 0.0020
10.18000	 1800.00	 238	 108.80	 22.86	 0.0020
10.20000	 1800.00	 239	 109.06	 22.86	 0.0020
10.22000	 1800.00	 237	 108.54	 22.86	 0.0020
10.24000	 1800.00	 238	 108.80	 22.86	 0.0020
10.26000	 1800.00	 238	 108.80	 22.86	 0.0020
10.28000	 1800.00	 238	 108.80	 22.86	 0.0030
10.30000	 1800.00	 239	 109.06	 22.86	 0.0020
10.32000	 1800.00	 238	 108.80	 22.86	 0.0020
10.34000	 1800.00	 237	 108.54	 22.86	 0.0020
10.36000	 1800.00	 238	 108.80	 22.86	 0.0020
10.38000	 1800.00	 237	 108.54	 22.86	 0.0020
10.40000	 1800.00	 237	 108.54	 22.86	 0.0020
10.42000	 1800.00	 239	 109.06	 22.86	 0.0020
10.44000	 1800.00	 238	 108.80	 22.86	 0.0020
10.46000	 1800.00	 236	 108.28	 22.86	 0.0020
10.48000	 1800.00	 238	 108.80	 22.86	 0.0020
10.50000	 1800.00	 238	 108.80	 22.86	 0.0020
10.52000	 1800.00	 239	 109.06	 22.86	 0.0020
10.54000	 1800.00	 237	 108.54	 22.86	 0.0020
10.56000	 1800.00	 237	 108.54	 22.86	 0.0020
10.58000	 1800.00	 238	 108.80	 22.86	 0.0030
10.60000	 1800.00	 236	 108.28	 22.86	 0.0020
10.62000	 1800.00	 238	 108.80	 22.86	 0.0020
10.64000	 1800.00	 236	 108.28	 22.86	 0.0020
10.66000	 1800.00	 238	 108.80	 22.86	 0.0020
10.68000	 1800.00	 238	 108.80	 22.86	 0.0020
10.70000	 1800.00	 238	 108.80	 22.86	 0.0020
10.72000	 1800.00	 239	 109.06	 22.86	 0.0020
10.74000	 1800.00	 238	 108.80	 22.86	 0.0020
10.76000	 1800.00	 237	 108.54	 22.86	 0.0020
10.78000	 1800.00	 238	 108.80	 22.86	 0.0020
10.80000	 1800.00	 239	 109.06	 22.86	 0.0020
10.82000	 1800.00	 238	 108.80	 22.86	 0.0020
10.84000	 1800.00	 237	 108.54	 22.86	 0.0020
10.86000	 1800.00	 238	 108.80	 22.86	 0.0020
10.88000	 1800.00	 237	 108.54	 22.86	 0.0020
10.90000	 1800.00	 238	 108.80	 22.86	 0.0020
10.92000	 1800.00	 237	 108.54	 22.86	 0.0030
10.94000	 1800.00	 238	 108.80	 22.86	 0.0020
10.96000	 1800.00	 238	 108.80	 22.86	 0.0020
10.98000	 1800.00	 238	 108.80	 22.86	 0.0020
11.00000	 1800.00	 238	 108.80	 22.86	 0.0020
11.02000	 1800.00	 238	 108.80	 22.86	 0.0020
11.04000	 1800.00	 238	 108.80	 22.86	 0.0020
11.06000	 1800.00	 238	 108.80	 22.86	 0.0020
11.08000	 1800.00	 239	 109.06	 22.86	 0.0020
11.10000	 1800.00	 236	 108.28	 22.86	 0.0020
11.12000	 1800.00	 238	 108.80	 22.86	 0.0020
11.14000	 1800.00	 239	 109.06	 22.86	 0.0020
11.16000	 1800.00	 238	 108.80	 22.86	 0.0020
11.18000	 1800.00	 236	 108.28	 22.86	 0.0020
11.20000	 1800.00	 238	 108.80	 22.86	 0.0020
11.22000	 1800.00	 237	 108.54	 22.86	 0.0030
11.24000	 1800.00	 237	 108.54	 22.86	 0.0020
11.26000	 1800.00	 238	 108.80	 22.86	 0.0020
11.28000	 1800.00	 238	 108.80	 22.86	 0.0020
11.30000	 1800.00	 237	 108.54	 22.86	 0.0020
11.32000	 1800.00	 238	 108.80	 22.86	 0.0020
11.34000	 1800.00	 238	 108.80	 22.86	 0.0020
11.36000	 1800.00	 239	 109.06	 22.86	 0.0020
11.38000	 1800.00	 238	 108.80	 22.86	 0.0020
11.40000	 1800.00	 239	 109.06	 22.86	 0.0020
11.42000	 1800.00	 238	 108.80	 22.86	 0.0020
11.44000	 1800.00	 238	 108.80	 22.86	 0.0020
11.46000	 1800.00	 238	 108.80	 22.86	 0.0020
11.48000	 1800.00	 238	 108.80	 22.86	 0.0020
11.50000	 1800.00	 239	 109.06	 22.86	 0.0020
11.52000	 1800.00	 236	 108.28	 22.86	 0.0020
11.54000	 1800.00	 238	 108.80	 22.86	 0.0020
11.56000	 1800.00	 238	 108.80	 22.86	 0.0030
11.58000	 1800.00	 237	 108.54	 22.86	 0.0020
11.60000	 1800.00	 239	 109.06	 22.86	 0.0020
11.62000	 1800.00	 238	 108.80	 22.86	 0.0020
11.64000	 1800.00	 239	 109.06	 22.86	 0.0020
11.66000	 1800.00	 238	 108.80	 22.86	 0.0020
11.68000	 1800.00	 238	 108.80	 22.86	 0.0020
11.70000	 1800.00	 237	 108.54	 22.86	 0.0020
11.72000	 1800.00	 238	 108.80	 22.86	 0.0020
11.74000	 1800.00	 239	 109.06	 22.86	 0.0020
11.76000	 1800.00	 239	 109.06	 22.86	 0.0020
11.78000	 1800.00	 238	 108.80	 22.86	 0.0020
11.80000	 1800.00	 238	 108.80	 22.86	 0.0020
11.82000	 1800.00	 239	 109.06	 22.86	 0.0020
11.84000	 1800.00	 235	 108.02	 22.86	 0.0020
11.86000	 1800.00	 237	 108.54	 22.86	 0.0030
11.88000	 1800.00	 238	 108.80	 22.86	 0.0020
11.90000	 1800.00	 237	 108.54	 22.86	 0.0020
11.92000	 1800.00	 238	 108.80	 22.86	 0.0020
11.94000	 1800.00	 237	 108.54	 22.86	 0.0020
11.96000	 1800.00	 241	 109.58	 22.86	 0.0020
11.98000	 1800.00	 238	 108.80	 22.86	 0.0020
12.00000	 1800.00	 238	 108.80	 22.86	 0.0020
12.02000	 1800.00	 238	 108.80	 22.86	 0.0020
12.04000	 1800.00	 239	 109.06	 22.86	 0.0020
12.06000	 1800.00	 238	 108.80	 22.86	 0.0020
12.08000	 1800.00	 238	 108.80	 22.86	 0.0020
12.10000	 1800.00	 238	 108.80	 22.86	 0.0020
12.12000	 1800.00	 239	 109.06	 22.86	 0.0020
12.14000	 1800.00	 238	 108.80	 22.86	 0.0020
12.16000	 1800.00	 238	 108.80	 22.86	 0.0020
12.18000	 1800.00	 238	 108.80	 22.86	 0.0020
12.20000	 1800.00	 240	 109.32	 22.86	 0.0030
12.22000	 1800.00	 238	 108.80	 22.86	 0.0020
12.24000	 1800.00	 238	 108.80	 22.86	 0.0020
12.26000	 1800.00	 238	 108.80	 22.86	 0.0020
12.28000	 1800.00	 238	 108.80	 22.86	 0.0020
12.30000	 1800.00	 239	 109.06	 22.86	 0.0020
12.32000	 1800.00	 238	 108.80	 22.86	 0.0020
12.34000	 1800.00	 240	 109.32	 22.86	 0.0020
12.36000	 1800.00	 243	 110.09	 22.86	 0.0020
12.38000	 1800.00	 239	 109.06	 22.86	 0.0020
12.40000	 1800.00	 238	 108.80	 22.86	 0.0020
12.42000	 1800.00	 238	 108.80	 22.86	 0.0020
12.44000	 1800.00	 238	 108.80	 22.86	 0.0020
12.46000	 1800.00	 238	 108.80	 22.86	 0.0020
12.48000	 1800.00	 238	 108.80	 22.86	 0.0020
12.50000	 1800.00	 236	 108.28	 22.86	 0.0030
12.52000	 1800.00	 237	 108.54	 22.86	 0.0020
12.54000	 1800.00	 238	 108.80	 22.86	 0.0020
12.56000	 1800.00	 239	 109.06	 22.86	 0.0020
12.58000	 1800.00	 237	 108.54	 22.86	 0.0020
12.60000	 1800.00	 239	 109.06	 22.86	 0.0020
12.62000	 1800.00	 239	 109.06	 22.86	 0.0020
12.64000	 1800.00	 239	 109.06	 22.86	 0.0020
12.66000	 1800.00	 238	 108.80	 22.86	 0.0020
12.68000	 1800.00	 238	 108.80	 22.86	 0.0020
12.70000	 1800.00	 238	 108.80	 22.86	 0.0020
12.72000	 1800.00	 240	 109.32	 22.86	 0.0020
12.74000	 1800.00	 239	 109.06	 22.86	 0.0020
12.76000	 1800.00	 237	 108.54	 22.86	 0.0020
12.78000	 1800.00	 238	 108.80	 22.86	 0.0020
12.80000	 1800.00	 237	 108.54	 22.86	 0.0020
12.82000	 1800.00	 239	 109.06	 22.86	 0.0020
12.84000	 1800.00	 238	 108.80	 22.86	 0.0030
12.86000	 1800.00	 239	 109.06	 22.86	 0.0020
12.88000	 1800.00	 238	 108.80	 22.86	 0.0020
12.90000	 1800.00	 239	 109.06	 22.86	 0.0020
12.92000	 1800.00	 237	 108.54	 22.86	 0.0020
12.94000	 1800.00	 236	 108.28	 22.86	 0.0020
12.96000	 1800.00	 237	 108.54	 22.86	 0.0020
12.98000	 1800.00	 238	 108.80	 22.86	 0.0020
13.00000	 1800.00	 239	 109.06	 22.86	 0.0020
13.02000	 1800.00	 239	 109.06	 22.86	 0.0020
13.04000	 1800.00	 238	 108.80	 22.86	 0.0020
13.06000	 1800.00	 239	 109.06	 22.86	 0.0020
13.08000	 1800.00	 238	 108.80	 22.86	 0.0020
13.10000	 1800.00	 239	 109.06	 22.86	 0.0020
13.12000	 1800.00	 238	 108.80	 22.86	 0.0020
13.14000	 1800.00	 238	 108.80	 22.86	 0.0030
13.16000	 1800.00	 238	 108.80	 22.86	 0.0020
13.18000	 1800.00	 238	 108.80	 22.86	 0.0020
13.20000	 1800.00	 238	 108.80	 22.86	 0.0020
13.22000	 1800.00	 238	 108.80	 22.86	 0.0020
13.24000	 1800.00	 238	 108.80	 22.86	 0.0020
13.26000	 1800.00	 237	 108.54	 22.86	 0.0020
13.28000	 1800.00	 237	 108.54	 22.86	 0.0020
13.30000	 1800.00	 238	 108.80	 22.86	 0.0020
13.32000	 1800.00	 237	 108.54	 22.86	 0.0020
13.34000	 1800.00	 240	 109.32	 22.86	 0.0020
13.36000	 1800.00	 237	 108.54	 22.86	 0.0020
13.38000	 1800.00	 238	 108.80	 22.86	 0.0020
13.40000	 1800.00	 238	 108.80	 22.86	 0.0020
13.42000	 1800.00	 237	 108.54	 22.86	 0.0020
13.44000	 1800.00	 236	 108.28	 22.86	 0.0020
13.46000	 1800.00	 239	 109.06	 22.86	 0.0020
13.48000	 1800.00	 238	 108.80	 22.86	 0.0030
13.50000	 1800.00	 239	 109.06	 22.86	 0.0020
13.52000	 1800.00	 237	 108.54	 22.86	 0.0020
13.54000	 1800.00	 239	 109.06	 22.86	 0.0020
13.56000	 1800.00	 238	 108.80	 22.86	 0.0020
13.58000	 1800.00	 238	 108.80	 22.86	 0.0020
13.60000	 1800.00	 237	 108.54	 22.86	 0.0020
13.62000	 1800.00	 239	 109.06	 22.86	 0.0020
13.64000	 1800.00	 237	 108.54	 22.86	 0.0020
13.66000	 1800.00	 239	 109.06	 22.86	 0.0020
13.68000	 1800.00	 238	 108.80	 22.86	 0.0020
13.70000	 1800.00	 238	 108.80	 22.86	 0.0020
13.72000	 1800.00	 237	 108.54	 22.86	 0.0020
13.74000	 1800.00	 239	 109.06	 22.86	 0.0020
13.76000	 1800.00	 238	 108.80	 22.86	 0.0020
13.78000	 1800.00	 238	 108.80	 22.86	 0.0030
13.80000	 1800.00	 238	 108.80	 22.86	 0.0020
13.82000	 1800.00	 239	 109.06	 22.86	 0.0020
13.84000	 1800.00	 238	 108.80	 22.86	 0.0020
13.86000	 1800.00	 240	 109.32	 22.86	 0.0020
13.88000	 1800.00	 238	 108.80	 22.86	 0.0020
13.90000	 1800.00	 238	 108.80	 22.86	 0.0020
13.92000	 1800.00	 238	 108.80	 22.86	 0.0020
13.94000	 1800.00	 240	 109.32	 22.86	 0.0020
13.96000	 1800.00	 238	 108.80	 22.86	 0.0020
13.98000	 1800.00	 239	 109.06	 22.86	 0.0020
14.00000	 1650.00	 238	 108.80	 34.55	 0.0020
14.02000	 1650.00	 161	 88.89	 34.55	 0.0020
14.04000	 1650.00	 173	 91.99	 34.55	 0.0020
14.06000	 1650.00	 188	 95.87	 34.55	 0.0020
14.08000	 1650.00	 191	 96.65	 34.55	 0.0020
14.10000	 1650.00	 191	 96.65	 34.55	 0.0020
14.12000	 1650.00	 185	 95.09	 34.55	 0.0030
14.14000	 1650.00	 187	 95.61	 34.55	 0.0020
14.16000	 1650.00	 278	 119.14	 34.55	 0.0020
14.18000	 1650.00	 277	 118.89	 34.55	 0.0020
14.20000	 1650.00	 276	 118.63	 34.55	 0.0020
14.22000	 1650.00	 277	 118.89	 34.55	 0.0020
14.24000	 1650.00	 277	 118.89	 34.55	 0.0020
14.26000	 1650.00	 281	 119.92	 34.55	 0.0020
14.28000	 1650.00	 277	 118.89	 34.55	 0.0020
14.30000	 1650.00	 277	 118.89	 34.55	 0.0020
14.32000	 1650.00	 276	 118.63	 34.55	 0.0020
14.34000	 1650.00	 279	 119.40	 34.55	 0.0020
14.36000	 1650.00	 276	 118.63	 34.55	 0.0020
14.38000	 1650.00	 277	 118.89	 34.55	 0.0020
14.40000	 1650.00	 277	 118.89	 34.55	 0.0020
14.42000	 1650.00	 279	 119.40	 34.55	 0.0030
14.44000	 1650.00	 276	 118.63	 34.55	 0.0020
14.46000	 1650.00	 277	 118.89	 34.55	 0.0020
14.48000	 1650.00	 277	 118.89	 34.55	 0.0020
14.50000	 1650.00	 277	 118.89	 34.55	 0.0020
14.52000	 1650.00	 277	 118.89	 34.55	 0.0020
14.54000	 1650.00	 277	 118.89	 34.55	 0.0020
14.56000	 1650.00	 277	 118.89	 34.55	 0.0020
14.58000	 1650.00	 278	 119.14	 34.55	 0.0020
14.60000	 1650.00	 277	 118.89	 34.55	 0.0020
14.62000	 1650.00	 277	 118.89	 34.55	 0.0020
14.64000	 1650.00	 277	 118.89	 34.55	 0.0020
14.66000	 1650.00	 276	 118.63	 34.55	 0.0020
14.68000	 1650.00	 277	 118.89	 34.55	 0.0020
14.70000	 1650.00	 277	 118.89	 34.55	 0.0020
14.72000	 1650.00	 278	 119.14	 34.55	 0.0020
14.74000	 1650.00	 278	 119.14	 34.55	 0.0020
14.76000	 1650.00	 277	 118.89	 34.55	 0.0030
14.78000	 1650.00	 277	 118.89	 34.55	 0.0020
14.80000	 1650.00	 276	 118.63	 34.55	 0.0020
14.82000	 1650.00	 277	 118.89	 34.55	 0.0020
14.84000	 1650.00	 277	 118.89	 34.55	 0.0020
14.86000	 1650.00	 279	 119.40	 34.55	 0.0020
14.88000	 1650.00	 277	 118.89	 34.55	 0.0020
14.90000	 1650.00	 277	 118.89	 34.55	 0.0020
14.92000	 1650.00	 277	 118.89	 34.55	 0.0020
14.94000	 1650.00	 277	 118.89	 34.55	 0.0020
14.96000	 1650.00	 278	 119.14	 34.55	 0.0020
14.98000	 1650.00	 277	 118.89	 34.55	 0.0020
15.00000	 1650.00	 278	 119.14	 34.55	 0.0020
15.02000	 1650.00	 278	 119.14	 34.55	 0.0020
15.04000	 1650.00	 278	 119.14	 34.55	 0.0020
15.06000	 1650.00	 277	 118.89	 34.55	 0.0030
15.08000	 1650.00	 278	 119.14	 34.55	 0.0020
15.10000	 1650.00	 277	 118.89	 34.55	 0.0020
15.12000	 1650.00	 276	 118.63	 34.55	 0.0020
15.14000	 1650.00	 278	 119.14	 34.55	 0.0020
15.16000	 1650.00	 278	 119.14	 34.55	 0.0020
15.18000	 1650.00	 277	 118.89	 34.55	 0.0020
15.20000	 1650.00	 277	 118.89	 34.55	 0.0020
15.22000	 1650.00	 277	 118.89	 34.55	 0.0020
15.24000	 1650.00	 278	 119.14	 34.55	 0.0020
15.26000	 1650.00	 278	 119.14	 34.55	 0.0020
15.28000	 1650.00	 278	 119.14	 34.55	 0.0020
15.30000	 1650.00	 278	 119.14	 34.55	 0.0020
15.32000	 1650.00	 277	 118.89	 34.55	 0.0020
15.34000	 1650.00	 278	 119.14	 34.55	 0.0020
15.36000	 1650.00	 276	 118.63	 34.55	 0.0020
15.38000	 1650.00	 277	 118.89	 34.55	 0.0020
15.40000	 1650.00	 277	 118.89	 34.55	 0.0030
15.42000	 1650.00	 278	 119.14	 34.55	 0.0020
15.44000	 1650.00	 276	 118.63	 34.55	 0.0020
15.46000	 1650.00	 277	 118.89	 34.55	 0.0020
15.48000	 1650.00	 276	 118.63	 34.55	 0.0020
15.50000	 1650.00	 277	 118.89	 34.55	 0.0020
15.52000	 1650.00	 276	 118.63	 34.55	 0.0020
15.54000	 1650.00	 278	 119.14	 34.55	 0.0020
15.56000	 1650.00	 277	 118.89	 34.55	 0.0020
15.58000	 1650.00	 279	 119.40	 34.55	 0.0020
15.60000	 1650.00	 278	 119.14	 34.55	 0.0020
15.62000	 1650.00	 277	 118.89	 34.55	 0.0020
15.64000	 1650.00	 278	 119.14	 34.55	 0.0020
15.66000	 1650.00	 275	 118.37	 34.55	 0.0020
15.68000	 1650.00	 278	 119.14	 34.55	 0.0020
15.70000	 1650.00	 276	 118.63	 34.55	 0.0030
15.72000	 1650.00	 277	 118.89	 34.55	 0.0020
15.74000	 1650.00	 278	 119.14	 34.55	 0.0020
15.76000	 1650.00	 278	 119.14	 34.55	 0.0020
15.78000	 1650.00	 278	 119.14	 34.55	 0.0020
15.80000	 1650.00	 277	 118.89	 34.55	 0.0020
15.82000	 1650.00	 279	 119.40	 34.55	 0.0020
15.84000	 1650.00	 278	 119.14	 34.55	 0.0020
15.86000	 1650.00	 277	 118.89	 34.55	 0.0020
15.88000	 1650.00	 278	 119.14	 34.55	 0.0020
15.90000	 1650.00	 276	 118.63	 34.55	 0.0020
15.92000	 1650.00	 277	 118.89	 34.55	 0.0020
15.94000	 1650.00	 278	 119.14	 34.55	 0.0020
15.96000	 1650.00	 276	 118.63	 34.55	 0.0020
15.98000	 1650.00	 278	 119.14	 34.55	 0.0020
16.00000	 1650.00	 277	 118.89	 34.55	 0.0020
16.02000	 1650.00	 280	 119.66	 34.55	 0.0020
16.04000	 1650.00	 277	 118.89	 34.55	 0.0030
16.06000	 1650.00	 278	 119.14	 34.55	 0.0020
16.08000	 1650.00	 276	 118.63	 34.55	 0.0020
16.10000	 1650.00	 277	 118.89	 34.55	 0.0020
16.12000	 1650.00	 277	 118.89	 34.55	 0.0020
16.14000	 1650.00	 277	 118.89	 34.55	 0.0020
16.16000	 1650.00	 278	 119.14	 34.55	 0.0020
16.18000	 1650.00	 277	 118.89	 34.55	 0.0020
16.20000	 1650.00	 277	 118.89	 34.55	 0.0020
16.22000	 1650.00	 277	 118.89	 34.55	 0.0020
16.24000	 1650.00	 277	 118.89	 34.55	 0.0020
16.26000	 1650.00	 278	 119.14	 34.55	 0.0020
16.28000	 1650.00	 278	 119.14	 34.55	 0.0020
16.30000	 1650.00	 274	 118.11	 34.55	 0.0020
16.32000	 1650.00	 276	 118.63	 34.55	 0.0020
16.34000	 1650.00	 277	 118.89	 34.55	 0.0030
16.36000	 1650.00	 277	 118.89	 34.55	 0.0020
16.38000	 1650.00	 278	 119.14	 34.55	 0.0020
16.40000	 1650.00	 277	 118.89	 34.55	 0.0020
16.42000	 1650.00	 186	 95.35	 34.55	 0.0020
16.44000	 1650.00	 186	 95.35	 34.55	 0.0020
16.46000	 1650.00	 276	 118.63	 34.55	 0.0020
16.48000	 1650.00	 277	 118.89	 34.55	 0.0020
16.50000	 1650.00	 278	 119.14	 34.55	 0.0020
16.52000	 1650.00	 278	 119.14	 34.55	 0.0020
16.54000	 1650.00	 278	 119.14	 34.55	 0.0020
16.56000	 1650.00	 277	 118.89	 34.55	 0.0020
16.58000	 1650.00	 278	 119.14	 34.55	 0.0020
16.60000	 1650.00	 279	 119.40	 34.55	 0.0020
16.62000	 1650.00	 278	 119.14	 34.55	 0.0020
16.64000	 1650.00	 278	 119.14	 34.55	 0.0020
16.66000	 1650.00	 278	 119.14	 34.55	 0.0020
16.68000	 1650.00	 277	 118.89	 34.55	 0.0030
16.70000	 1650.00	 278	 119.14	 34.55	 0.0020
16.72000	 1650.00	 277	 118.89	 34.55	 0.0020
16.74000	 1650.00	 279	 119.40	 34.55	 0.0020
16.76000	 1650.00	 278	 119.14	 34.55	 0.0020
16.78000	 1650.00	 279	 119.40	 34.55	 0.0020
16.80000	 1650.00	 277	 118.89	 34.55	 0.0020
16.82000	 1650.00	 277	 118.89	 34.55	 0.0020
16.84000	 1650.00	 275	 118.37	 34.55	 0.0020
16.86000	 1650.00	 278	 119.14	 34.55	 0.0020
16.88000	 1650.00	 277	 118.89	 34.55	 0.0020
16.90000	 1650.00	 278	 119.14	 34.55	 0.0020
16.92000	 1650.00	 278	 119.14	 34.55	 0.0020
16.94000	 1650.00	 277	 118.89	 34.55	 0.0020
16.96000	 1650.00	 278	 119.14	 34.55	 0.0020
16.98000	 1650.00	 278	 119.14	 34.55	 0.0030
17.00000	 1650.00	 278	 119.14	 34.55	 0.0020
17.02000	 1650.00	 278	 119.14	 34.55	 0.0020
17.04000	 1650.00	 277	 118.89	 34.55	 0.0020
17.06000	 1650.00	 276	 118.63	 34.55	 0.0020
17.08000	 1650.00	 278	 119.14	 34.55	 0.0020
17.10000	 1650.00	 278	 119.14	 34.55	 0.0020
17.12000	 1650.00	 277	 118.89	 34.55	 0.0020
17.14000	 1650.00	 278	 119.14	 34.55	 0.0020
17.16000	 1650.00	 276	 118.63	 34.55	 0.0020
17.18000	 1650.00	 279	 119.40	 34.55	 0.0020
17.20000	 1650.00	 276	 118.63	 34.55	 0.0020
17.22000	 1650.00	 277	 118.89	 34.55	 0.0020
17.24000	 1650.00	 278	 119.14	 34.55	 0.0020
17.26000	 1650.00	 278	 119.14	 34.55	 0.0020
17.28000	 1650.00	 278	 119.14	 34.55	 0.0020
17.30000	 1650.00	 279	 119.40	 34.55	 0.0020
17.32000	 1650.00	 277	 118.89	 34.55	 0.0030
17.34000	 1650.00	 278	 119.14	 34.55	 0.0020
17.36000	 1650.00	 278	 119.14	 34.55	 0.0020
17.38000	 1650.00	 278	 119.14	 34.55	 0.0020
17.40000	 1650.00	 277	 118.89	 34.55	 0.0020
17.42000	 1650.00	 277	 118.89	 34.55	 0.0020
17.44000	 1650.00	 278	 119.14	 34.55	 0.0020
17.46000	 1650.00	 277	 118.89	 34.55	 0.0020
17.48000	 1650.00	 278	 119.14	 34.55	 0.0020
17.50000	 1650.00	 278	 119.14	 34.55	 0.0020
17.52000	 1650.00	 277	 118.89	 34.55	 0.0020
17.54000	 1650.00	 277	 118.89	 34.55	 0.0020
17.56000	 1650.00	 277	 118.89	 34.55	 0.0020
17.58000	 1650.00	 274	 118.11	 34.55	 0.0020
17.60000	 1650.00	 277	 118.89	 34.55	 0.0020
17.62000	 1650.00	 277	 118.89	 34.55	 0.0030
17.64000	 1650.00	 278	 119.14	 34.55	 0.0020
17.66000	 1650.00	 278	 119.14	 34.55	 0.0020
17.68000	 1650.00	 276	 118.63	 34.55	 0.0020
17.70000	 1650.00	 277	 118.89	 34.55	 0.0020
17.72000	 1650.00	 278	 119.14	 34.55	 0.0020
17.74000	 1650.00	 277	 118.89	 34.55	 0.0020
17.76000	 1650.00	 277	 118.89	 34.55	 0.0020
17.78000	 1650.00	 278	 119.14	 34.55	 0.0020
17.80000	 1650.00	 275	 118.37	 34.55	 0.0020
17.82000	 1650.00	 278	 119.14	 34.55	 0.0020
17.84000	 1650.00	 277	 118.89	 34.55	 0.0020
17.86000	 1650.00	 278	 119.14	 34.55	 0.0020
17.88000	 1650.00	 278	 119.14	 34.55	 0.0020
17.90000	 1650.00	 277	 118.89	 34.55	 0.0020
17.92000	 1650.00	 278	 119.14	 34.55	 0.0020
17.94000	 1650.00	 278	 119.14	 34.55	 0.0020
17.96000	 1650.00	 279	 119.40	 34.55	 0.0030
17.98000	 1650.00	 278	 119.14	 34.55	 0.0020
18.00000	 2200.00	 281	 119.92	 0.40	 0.0020
18.02000	 2200.00	 278	 119.14	 0.40	 0.0020
18.04000	 2200.00	 253	 112.68	 0.40	 0.0020
18.06000	 2200.00	 217	 103.37	 0.40	 0.0020
18.08000	 2200.00	 253	 112.68	 0.40	 0.0020
18.10000	 2200.00	 197	 98.20	 0.40	 0.0020
18.12000	 2200.00	 217	 103.37	 0.40	 0.0020
18.14000	 2200.00	 200	 98.97	 0.40	 0.0020
18.16000	 2200.00	 182	 94.32	 0.40	 0.0020
18.18000	 2200.00	 169	 90.96	 0.40	 0.0020
18.20000	 2200.00	 160	 88.63	 0.40	 0.0020
18.22000	 2200.00	 152	 86.56	 0.40	 0.0020
18.24000	 2200.00	 150	 86.04	 0.40	 0.0020
18.26000	 2200.00	 120	 78.29	 0.40	 0.0030
18.28000	 2200.00	 149	 85.78	 0.40	 0.0020
18.30000	 2200.00	 138	 82.94	 0.40	 0.0020
18.32000	 2200.00	 149	 85.78	 0.40	 0.0020
18.34000	 2200.00	 149	 85.78	 0.40	 0.0020
18.36000	 2200.00	 151	 86.30	 0.40	 0.0020
18.38000	 2200.00	 150	 86.04	 0.40	 0.0020
18.40000	 2200.00	 149	 85.78	 0.40	 0.0020
18.42000	 2200.00	 149	 85.78	 0.40	 0.0020
18.44000	 2200.00	 150	 86.04	 0.40	 0.0020
18.46000	 2200.00	 150	 86.04	 0.40	 0.0020
18.48000	 2200.00	 147	 85.27	 0.40	 0.0020
18.50000	 2200.00	 149	 85.78	 0.40	 0.0020
18.52000	 2200.00	 150	 86.04	 0.40	 0.0020
18.54000	 2200.00	 149	 85.78	 0.40	 0.0020
18.56000	 2200.00	 149	 85.78	 0.40	 0.0020
18.58000	 2200.00	 151	 86.30	 0.40	 0.0020
18.60000	 2200.00	 150	 86.04	 0.40	 0.0030
18.62000	 2200.00	 149	 85.78	 0.40	 0.0020
18.64000	 2200.00	 150	 86.04	 0.40	 0.0020
18.66000	 2200.00	 149	 85.78	 0.40	 0.0020
18.68000	 2200.00	 148	 85.53	 0.40	 0.0020
18.70000	 2200.00	 150	 86.04	 0.40	 0.0020
18.72000	 2200.00	 150	 86.04	 0.40	 0.0020
18.74000	 2200.00	 149	 85.78	 0.40	 0.0020
18.76000	 2200.00	 150	 86.04	 0.40	 0.0020
18.78000	 2200.00	 149	 85.78	 0.40	 0.0020
18.80000	 2200.00	 149	 85.78	 0.40	 0.0020
18.82000	 2200.00	 150	 86.04	 0.40	 0.0020
18.84000	 2200.00	 150	 86.04	 0.40	 0.0020
18.86000	 2200.00	 149	 85.78	 0.40	 0.0020
18.88000	 2200.00	 150	 86.04	 0.40	 0.0020
18.90000	 2200.00	 150	 86.04	 0.40	 0.0030
18.92000	 2200.00	 149	 85.78	 0.40	 0.0020
18.94000	 2200.00	 150	 86.04	 0.40	 0.0020
18.96000	 2200.00	 151	 86.30	 0.40	 0.0020
18.98000	 2200.00	 150	 86.04	 0.40	 0.0020
19.00000	 2200.00	 150	 86.04	 0.40	 0.0020
19.02000	 2200.00	 149	 85.78	 0.40	 0.0020
19.04000	 2200.00	 150	 86.04	 0.40	 0.0020
19.06000	 2200.00	 149	 85.78	 0.40	 0.0020
19.08000	 2200.00	 149	 85.78	 0.40	 0.0020
19.10000	 2200.00	 149	 85.78	 0.40	 0.0020
19.12000	 2200.00	 149	 85.78	 0.40	 0.0020
19.14000	 2200.00	 150	 86.04	 0.40	 0.0020
19.16000	 2200.00	 149	 85.78	 0.40	 0.0020
19.18000	 2200.00	 150	 86.04	 0.40	 0.0020
19.20000	 2200.00	 149	 85.78	 0.40	 0.0020
19.22000	 2200.00	 148	 85.53	 0.40	 0.0020
19.24000	 2200.00	 149	 85.78	 0.40	 0.0030
19.26000	 2200.00	 150	 86.04	 0.40	 0.0020
19.28000	 2200.00	 150	 86.04	 0.40	 0.0020
19.30000	 2200.00	 150	 86.04	 0.40	 0.0020
19.32000	 2200.00	 149	 85.78	 0.40	 0.0020
19.34000	 2200.00	 149	 85.78	 0.40	 0.0020
19.36000	 2200.00	 150	 86.04	 0.40	 0.0020
19.38000	 2200.00	 150	 86.04	 0.40	 0.0020
19.40000	 2200.00	 149	 85.78	 0.40	 0.0020
19.42000	 2200.00	 148	 85.53	 0.40	 0.0020
19.44000	 2200.00	 150	 86.04	 0.40	 0.0020
19.46000	 2200.00	 151	 86.30	 0.40	 0.0020
19.48000	 2200.00	 150	 86.04	 0.40	 0.0020
19.50000	 2200.00	 149	 85.78	 0.40	 0.0020
19.52000	 2200.00	 150	 86.04	 0.40	 0.0020
19.54000	 2200.00	 150	 86.04	 0.40	 0.0030
19.56000	 2200.00	 149	 85.78	 0.40	 0.0020
19.58000	 2200.00	 150	 86.04	 0.40	 0.0020
19.60000	 2200.00	 149	 85.78	 0.40	 0.0020
19.62000	 2200.00	 149	 85.78	 0.40	 0.0020
19.64000	 2200.00	 149	 85.78	 0.40	 0.0020
19.66000	 2200.00	 150	 86.04	 0.40	 0.0020
19.68000	 2200.00	 148	 85.53	 0.40	 0.0020
19.70000	 2200.00	 151	 86.30	 0.40	 0.0020
19.72000	 2200.00	 150	 86.04	 0.40	 0.0020
19.74000	 2200.00	 149	 85.78	 0.40	 0.0020
19.76000	 2200.00	 148	 85.53	 0.40	 0.0020
19.78000	 2200.00	 149	 85.78	 0.40	 0.0020
19.80000	 2200.00	 150	 86.04	 0.40	 0.0020
19.82000	 2200.00	 150	 86.04	 0.40	 0.0020
19.84000	 2200.00	 150	 86.04	 0.40	 0.0020
19.86000	 2200.00	 147	 85.27	 0.40	 0.0020
19.88000	 2200.00	 148	 85.53	 0.40	 0.0030
19.90000	 2200.00	 148	 85.53	 0.40	 0.0020
19.92000	 2200.00	 149	 85.78	 0.40	 0.0020
19.94000	 2200.00	 149	 85.78	 0.40	 0.0020
19.96000	 2200.00	 152	 86.56	 0.40	 0.0020
19.98000	 2200.00	 150	 86.04	 0.40	 0.0020
20.00000	 2200.00	 149	 85.78	 0.40	 0.0020
20.02000	 2200.00	 149	 85.78	 0.40	 0.0020
20.04000	 2200.00	 151	 86.30	 0.40	 0.0020
20.06000	 2200.00	 150	 86.04	 0.40	 0.0020
20.08000	 2200.00	 150	 86.04	 0.40	 0.0020
20.10000	 2200.00	 148	 85.53	 0.40	 0.0020
20.12000	 2200.00	 150	 86.04	 0.40	 0.0020
20.14000	 2200.00	 149	 85.78	 0.40	 0.0020
20.16000	 2200.00	 149	 85.78	 0.40	 0.0020
20.18000	 2200.00	 149	 85.78	 0.40	 0.0030
20.20000	 2200.00	 149	 85.78	 0.40	 0.0020
20.22000	 2200.00	 148	 85.53	 0.40	 0.0020
20.24000	 2200.00	 149	 85.78	 0.40	 0.0020
20.26000	 2200.00	 152	 86.56	 0.40	 0.0020
20.28000	 2200.00	 149	 85.78	 0.40	 0.0020
20.30000	 2200.00	 148	 85.53	 0.40	 0.0020
20.32000	 2200.00	 149	 85.78	 0.40	 0.0020
20.34000	 2200.00	 149	 85.78	 0.40	 0.0020
20.36000	 2200.00	 149	 85.78	 0.40	 0.0020
20.38000	 2200.00	 148	 85.53	 0.40	 0.0020
20.40000	 2200.00	 150	 86.04	 0.40	 0.0020
20.42000	 2200.00	 150	 86.04	 0.40	 0.0020
20.44000	 2200.00	 149	 85.78	 0.40	 0.0020
20.46000	 2200.00	 149	 85.78	 0.40	 0.0020
20.48000	 2200.00	 149	 85.78	 0.40	 0.0020
20.50000	 2200.00	 149	 85.78	 0.40	 0.0020
20.52000	 2200.00	 148	 85.53	 0.40	 0.0030
20.54000	 2200.00	 150	 86.04	 0.40	 0.0020
20.56000	 2200.00	 149	 85.78	 0.40	 0.0020
20.58000	 2200.00	 150	 86.04	 0.40	 0.0020
20.60000	 2200.00	 151	 86.30	 0.40	 0.0020
20.62000	 2200.00	 148	 85.53	 0.40	 0.0020
20.64000	 2200.00	 150	 86.04	 0.40	 0.0020
20.66000	 2200.00	 150	 86.04	 0.40	 0.0020
20.68000	 2200.00	 149	 85.78	 0.40	 0.0020
20.70000	 2200.00	 151	 86.30	 0.40	 0.0020
20.72000	 2200.00	 151	 86.30	 0.40	 0.0020
20.74000	 2200.00	 149	 85.78	 0.40	 0.0020
20.76000	 2200.00	 148	 85.53	 0.40	 0.0020
20.78000	 2200.00	 149	 85.78	 0.40	 0.0020
20.80000	 2200.00	 150	 86.04	 0.40	 0.0020
20.82000	 2200.00	 150	 86.04	 0.40	 0.0030
20.84000	 2200.00	 150	 86.04	 0.40	 0.0020
20.86000	 2200.00	 150	 86.04	 0.40	 0.0020
20.88000	 2200.00	 148	 85.53	 0.40	 0.0020
20.90000	 2200.00	 150	 86.04	 0.40	 0.0020
20.92000	 2200.00	 149	 85.78	 0.40	 0.0020
20.94000	 2200.00	 149	 85.78	 0.40	 0.0020
20.96000	 2200.00	 149	 85.78	 0.40	 0.0020
20.98000	 2200.00	 150	 86.04	 0.40	 0.0020
21.00000	 2200.00	 150	 86.04	 0.40	 0.0020
21.02000	 2200.00	 151	 86.30	 0.40	 0.0020
21.04000	 2200.00	 150	 86.04	 0.40	 0.0020
21.06000	 2200.00	 149	 85.78	 0.40	 0.0020
21.08000	 2200.00	 150	 86.04	 0.40	 0.0020
21.10000	 2200.00	 150	 86.04	 0.40	 0.0020
21.12000	 2200.00	 150	 86.04	 0.40	 0.0020
21.14000	 2200.00	 149	 85.78	 0.40	 0.0020
21.16000	 2200.00	 149	 85.78	 0.40	 0.0030
21.18000	 2200.00	 149	 85.78	 0.40	 0.0020
21.20000	 2200.00	 149	 85.78	 0.40	 0.0020
21.22000	 2200.00	 151	 86.30	 0.40	 0.0020
21.24000	 2200.00	 150	 86.04	 0.40	 0.0020
21.26000	 2200.00	 149	 85.78	 0.40	 0.0020
21.28000	 2200.00	 149	 85.78	 0.40	 0.0020
21.30000	 2200.00	 149	 85.78	 0.40	 0.0020
21.32000	 2200.00	 149	 85.78	 0.40	 0.0020
21.34000	 2200.00	 149	 85.78	 0.40	 0.0020
21.36000	 2200.00	 149	 85.78	 0.40	 0.0020
21.38000	 2200.00	 150	 86.04	 0.40	 0.0020
21.40000	 2200.00	 149	 85.78	 0.40	 0.0020
21.42000	 2200.00	 150	 86.04	 0.40	 0.0020
21.44000	 2200.00	 150	 86.04	 0.40	 0.0020
21.46000	 2200.00	 150	 86.04	 0.40	 0.0030
21.48000	 2200.00	 151	 86.30	 0.40	 0.0020
21.50000	 2200.00	 150	 86.04	 0.40	 0.0020
21.52000	 2200.00	 149	 85.78	 0.40	 0.0020
21.54000	 2200.00	 150	 86.04	 0.40	 0.0020
21.56000	 2200.00	 150	 86.04	 0.40	 0.0020
21.58000	 2200.00	 150	 86.04	 0.40	 0.0020
21.60000	 2200.00	 148	 85.53	 0.40	 0.0020
21.62000	 2200.00	 149	 85.78	 0.40	 0.0020
21.64000	 2200.00	 150	 86.04	 0.40	 0.0020
21.66000	 2200.00	 149	 85.78	 0.40	 0.0020
21.68000	 2200.00	 149	 85.78	 0.40	 0.0020
21.70000	 2200.00	 148	 85.53	 0.40	 0.0020
21.72000	 2200.00	 149	 85.78	 0.40	 0.0020
21.74000	 2200.00	 149	 85.78	 0.40	 0.0020
21.76000	 2200.00	 150	 86.04	 0.40	 0.0020
21.78000	 2200.00	 149	 85.78	 0.40	 0.0020
21.80000	 2200.00	 151	 86.30	 0.40	 0.0030
21.82000	 2200.00	 150	 86.04	 0.40	 0.0020
21.84000	 2200.00	 148	 85.53	 0.40	 0.0020
21.86000	 2200.00	 150	 86.04	 0.40	 0.0020
21.88000	 2200.00	 151	 86.30	 0.40	 0.0020
21.90000	 2200.00	 150	 86.04	 0.40	 0.0020
21.92000	 2200.00	 150	 86.04	 0.40	 0.0020
21.94000	 2200.00	 150	 86.04	 0.40	 0.0020
21.96000	 2200.00	 149	 85.78	 0.40	 0.0020
21.98000	 2200.00	 149	 85.78	 0.40	 0.0020
22.00000	 1650.00	 150	 86.04	 34.55	 0.0020
22.02000	 1650.00	 151	 86.30	 34.55	 0.0020
22.04000	 1650.00	 112	 76.22	 34.55	 0.0020
22.06000	 1650.00	 126	 79.84	 34.55	 0.0020
22.08000	 1650.00	 133	 81.65	 34.55	 0.0020
22.10000	 1650.00	 153	 86.82	 34.55	 0.0030
22.12000	 1650.00	 168	 90.70	 34.55	 0.0020
22.14000	 1650.00	 217	 103.37	 34.55	 0.0020
22.16000	 1650.00	 235	 108.02	 34.55	 0.0020
22.18000	 1650.00	 256	 113.45	 34.55	 0.0020
22.20000	 1650.00	 270	 117.08	 34.55	 0.0020
22.22000	 1650.00	 278	 119.14	 34.55	 0.0020
22.24000	 1650.00	 281	 119.92	 34.55	 0.0020
22.26000	 1650.00	 280	 119.66	 34.55	 0.0020
22.28000	 1650.00	 280	 119.66	 34.55	 0.0020
22.30000	 1650.00	 280	 119.66	 34.55	 0.0020
22.32000	 1650.00	 281	 119.92	 34.55	 0.0020
22.34000	 1650.00	 280	 119.66	 34.55	 0.0020
22.36000	 1650.00	 282	 120.18	 34.55	 0.0020
22.38000	 1650.00	 277	 118.89	 34.55	 0.0020
22.40000	 1650.00	 278	 119.14	 34.55	 0.0020
22.42000	 1650.00	 279	 119.40	 34.55	 0.0020
22.44000	 1650.00	 279	 119.40	 34.55	 0.0030
22.46000	 1650.00	 278	 119.14	 34.55	 0.0020
22.48000	 1650.00	 279	 119.40	 34.55	 0.0020
22.50000	 1650.00	 280	 119.66	 34.55	 0.0020
22.52000	 1650.00	 279	 119.40	 34.55	 0.0020
22.54000	 1650.00	 279	 119.40	 34.55	 0.0020
22.56000	 1650.00	 278	 119.14	 34.55	 0.0020
22.58000	 1650.00	 279	 119.40	 34.55	 0.0020
22.60000	 1650.00	 279	 119.40	 34.55	 0.0020
22.62000	 1650.00	 279	 119.40	 34.55	 0.0020
22.64000	 1650.00	 278	 119.14	 34.55	 0.0020
22.66000	 1650.00	 279	 119.40	 34.55	 0.0020
22.68000	 1650.00	 279	 119.40	 34.55	 0.0020
22.70000	 1650.00	 280	 119.66	 34.55	 0.0020
22.72000	 1650.00	 275	 118.37	 34.55	 0.0020
22.74000	 1650.00	 279	 119.40	 34.55	 0.0030
22.76000	 1650.00	 279	 119.40	 34.55	 0.0020
22.78000	 1650.00	 278	 119.14	 34.55	 0.0020
22.80000	 1650.00	 278	 119.14	 34.55	 0.0020
22.82000	 1650.00	 278	 119.14	 34.55	 0.0020
22.84000	 1650.00	 279	 119.40	 34.55	 0.0020
22.86000	 1650.00	 277	 118.89	 34.55	 0.0020
22.88000	 1650.00	 278	 119.14	 34.55	 0.0020
22.90000	 1650.00	 279	 119.40	 34.55	 0.0020
22.92000	 1650.00	 278	 119.14	 34.55	 0.0020
22.94000	 1650.00	 278	 119.14	 34.55	 0.0020
22.96000	 1650.00	 278	 119.14	 34.55	 0.0020
22.98000	 1650.00	 279	 119.40	 34.55	 0.0020
23.00000	 1650.00	 278	 119.14	 34.55	 0.0020
23.02000	 1650.00	 275	 118.37	 34.55	 0.0020
23.04000	 1650.00	 279	 119.40	 34.55	 0.0020
23.06000	 1650.00	 278	 119.14	 34.55	 0.0020
23.08000	 1650.00	 278	 119.14	 34.55	 0.0030
23.10000	 1650.00	 277	 118.89	 34.55	 0.0020
23.12000	 1650.00	 278	 119.14	 34.55	 0.0020
23.14000	 1650.00	 277	 118.89	 34.55	 0.0020
23.16000	 1650.00	 277	 118.89	 34.55	 0.0020
23.18000	 1650.00	 276	 118.63	 34.55	 0.0020
23.20000	 1650.00	 278	 119.14	 34.55	 0.0020
23.22000	 1650.00	 278	 119.14	 34.55	 0.0020
23.24000	 1650.00	 278	 119.14	 34.55	 0.0020
23.26000	 1650.00	 279	 119.40	 34.55	 0.0020
23.28000	 1650.00	 280	 119.66	 34.55	 0.0020
23.30000	 1650.00	 277	 118.89	 34.55	 0.0020
23.32000	 1650.00	 279	 119.40	 34.55	 0.0020
23.34000	 1650.00	 278	 119.14	 34.55	 0.0020
23.36000	 1650.00	 280	 119.66	 34.55	 0.0020
23.38000	 1650.00	 278	 119.14	 34.55	 0.0030
23.40000	 1650.00	 278	 119.14	 34.55	 0.0020
23.42000	 1650.00	 277	 118.89	 34.55	 0.0020
23.44000	 1650.00	 277	 118.89	 34.55	 0.0020
23.46000	 1650.00	 278	 119.14	 34.55	 0.0020
23.48000	 1650.00	 278	 119.14	 34.55	 0.0020
23.50000	 1650.00	 278	 119.14	 34.55	 0.0020
23.52000	 1650.00	 280	 119.66	 34.55	 0.0020
23.54000	 1650.00	 277	 118.89	 34.55	 0.0020
23.56000	 1650.00	 274	 118.11	 34.55	 0.0020
23.58000	 1650.00	 278	 119.14	 34.55	 0.0020
23.60000	 1650.00	 278	 119.14	 34.55	 0.0020
23.62000	 1650.00	 278	 119.14	 34.55	 0.0020
23.64000	 1650.00	 277	 118.89	 34.55	 0.0020
23.66000	 1650.00	 276	 118.63	 34.55	 0.0020
23.68000	 1650.00	 279	 119.40	 34.55	 0.0020
23.70000	 1650.00	 278	 119.14	 34.55	 0.0020
23.72000	 1650.00	 279	 119.40	 34.55	 0.0030
23.74000	 1650.00	 278	 119.14	 34.55	 0.0020
23.76000	 1650.00	 278	 119.14	 34.55	 0.0020
23.78000	 1650.00	 277	 118.89	 34.55	 0.0020
23.80000	 1650.00	 279	 119.40	 34.55	 0.0020
23.82000	 1650.00	 279	 119.40	 34.55	 0.0020
23.84000	 1650.00	 278	 119.14	 34.55	 0.0020
23.86000	 1650.00	 279	 119.40	 34.55	 0.0020
23.88000	 1650.00	 279	 119.40	 34.55	 0.0020
23.90000	 1650.00	 278	 119.14	 34.55	 0.0020
23.92000	 1650.00	 277	 118.89	 34.55	 0.0020
23.94000	 1650.00	 277	 118.89	 34.55	 0.0020
23.96000	 1650.00	 278	 119.14	 34.55	 0.0020
23.98000	 1650.00	 277	 118.89	 34.55	 0.0020
24.00000	 1650.00	 279	 119.40	 34.55	 0.0020
24.02000	 1650.00	 278	 119.14	 34.55	 0.0030
24.04000	 1650.00	 278	 119.14	 34.55	 0.0020
24.06000	 1650.00	 278	 119.14	 34.55	 0.0020
24.08000	 1650.00	 279	 119.40	 34.55	 0.0020
24.10000	 1650.00	 278	 119.14	 34.55	 0.0020
24.12000	 1650.00	 277	 118.89	 34.55	 0.0020
24.14000	 1650.00	 278	 119.14	 34.55	 0.0020
24.16000	 1650.00	 278	 119.14	 34.55	 0.0020
24.18000	 1650.00	 278	 119.14	 34.55	 0.0020
24.20000	 1650.00	 277	 118.89	 34.55	 0.0020
24.22000	 1650.00	 278	 119.14	 34.55	 0.0020
24.24000	 1650.00	 278	 119.14	 34.55	 0.0020
24.26000	 1650.00	 277	 118.89	 34.55	 0.0020
24.28000	 1650.00	 277	 118.89	 34.55	 0.0020
24.30000	 1650.00	 277	 118.89	 34.55	 0.0020
24.32000	 1650.00	 277	 118.89	 34.55	 0.0020
24.34000	 1650.00	 276	 118.63	 34.55	 0.0020
24.36000	 1650.00	 276	 118.63	 34.55	 0.0030
24.38000	 1650.00	 277	 118.89	 34.55	 0.0020
24.40000	 1650.00	 277	 118.89	 34.55	 0.0020
24.42000	 1650.00	 277	 118.89	 34.55	 0.0020
24.44000	 1650.00	 278	 119.14	 34.55	 0.0020
24.46000	 1650.00	 277	 118.89	 34.55	 0.0020
24.48000	 1650.00	 277	 118.89	 34.55	 0.0020
24.50000	 1650.00	 279	 119.40	 34.55	 0.0020
24.52000	 1650.00	 277	 118.89	 34.55	 0.0020
24.54000	 1650.00	 277	 118.89	 34.55	 0.0020
24.56000	 1650.00	 277	 118.89	 34.55	 0.0020
24.58000	 1650.00	 276	 118.63	 34.55	 0.0020
24.60000	 1650.00	 277	 118.89	 34.55	 0.0020
24.62000	 1650.00	 278	 119.14	 34.55	 0.0020
24.64000	 1650.00	 278	 119.14	 34.55	 0.0020
24.66000	 1650.00	 278	 119.14	 34.55	 0.0030
24.68000	 1650.00	 277	 118.89	 34.55	 0.0020
24.70000	 1650.00	 277	 118.89	 34.55	 0.0020
24.72000	 1650.00	 277	 118.89	 34.55	 0.0020
24.74000	 1650.00	 278	 119.14	 34.55	 0.0020
24.76000	 1650.00	 278	 119.14	 34.55	 0.0020
24.78000	 1650.00	 278	 119.14	 34.55	 0.0020
24.80000	 1650.00	 277	 118.89	 34.55	 0.0020
24.82000	 1650.00	 277	 118.89	 34.55	 0.0020
24.84000	 1650.00	 279	 119.40	 34.55	 0.0020
24.86000	 1650.00	 278	 119.14	 34.55	 0.0020
24.88000	 1650.00	 277	 118.89	 34.55	 0.0020
24.90000	 1650.00	 278	 119.14	 34.55	 0.0020
24.92000	 1650.00	 276	 118.63	 34.55	 0.0020
24.94000	 1650.00	 280	 119.66	 34.55	 0.0020
24.96000	 1650.00	 277	 118.89	 34.55	 0.0020
24.98000	 1650.00	 277	 118.89	 34.55	 0.0020
25.00000	 1650.00	 278	 119.14	 34.55	 0.0030
25.02000	 1650.00	 277	 118.89	 34.55	 0.0020
25.04000	 1650.00	 278	 119.14	 34.55	 0.0020
25.06000	 1650.00	 277	 118.89	 34.55	 0.0020
25.08000	 1650.00	 277	 118.89	 34.55	 0.0020
25.10000	 1650.00	 275	 118.37	 34.55	 0.0020
25.12000	 1650.00	 277	 118.89	 34.55	 0.0020
25.14000	 1650.00	 277	 118.89	 34.55	 0.0020
25.16000	 1650.00	 278	 119.14	 34.55	 0.0020
25.18000	 1650.00	 278	 119.14	 34.55	 0.0020
25.20000	 1650.00	 279	 119.40	 34.55	 0.0020
25.22000	 1650.00	 278	 119.14	 34.55	 0.0020
25.24000	 1650.00	 278	 119.14	 34.55	 0.0020
25.26000	 1650.00	 278	 119.14	 34.55	 0.0020
25.28000	 1650.00	 277	 118.89	 34.55	 0.0020
25.30000	 1650.00	 277	 118.89	 34.55	 0.0030
25.32000	 1650.00	 277	 118.89	 34.55	 0.0020
25.34000	 1650.00	 277	 118.89	 34.55	 0.0020
25.36000	 1650.00	 278	 119.14	 34.55	 0.0020
25.38000	 1650.00	 277	 118.89	 34.55	 0.0020
25.40000	 1650.00	 280	 119.66	 34.55	 0.0020
25.42000	 1650.00	 278	 119.14	 34.55	 0.0020
25.44000	 1650.00	 278	 119.14	 34.55	 0.0020
25.46000	 1650.00	 277	 118.89	 34.55	 0.0020
25.48000	 1650.00	 276	 118.63	 34.55	 0.0020
25.50000	 1650.00	 278	 119.14	 34.55	 0.0020
25.52000	 1650.00	 280	 119.66	 34.55	 0.0020
25.54000	 1650.00	 278	 119.14	 34.55	 0.0020
25.56000	 1650.00	 277	 118.89	 34.55	 0.0020
25.58000	 1650.00	 279	 119.40	 34.55	 0.0020
25.60000	 1650.00	 277	 118.89	 34.55	 0.0020
25.62000	 1650.00	 278	 119.14	 34.55	 0.0020
25.64000	 1650.00	 277	 118.89	 34.55	 0.0030
25.66000	 1650.00	 277	 118.89	 34.55	 0.0020
25.68000	 1650.00	 277	 118.89	 34.55	 0.0020
25.70000	 1650.00	 278	 119.14	 34.55	 0.0020
25.72000	 1650.00	 276	 118.63	 34.55	 0.0020
25.74000	 1650.00	 278	 119.14	 34.55	 0.0020
25.76000	 1650.00	 277	 118.89	 34.55	 0.0020
25.78000	 1650.00	 276	 118.63	 34.55	 0.0020
25.80000	 1650.00	 277	 118.89	 34.55	 0.0020
25.82000	 1650.00	 278	 119.14	 34.55	 0.0020
25.84000	 1650.00	 277	 118.89	 34.55	 0.0020
25.86000	 1650.00	 278	 119.14	 34.55	 0.0020
25.88000	 1650.00	 279	 119.40	 34.55	 0.0020
25.90000	 1650.00	 277	 118.89	 34.55	 0.0020
25.92000	 1650.00	 278	 119.14	 34.55	 0.0020
25.94000	 1650.00	 278	 119.14	 34.55	 0.0030
25.96000	 1650.00	 278	 119.14	 34.55	 0.0020
25.98000	 1650.00	 278	 119.14	 34.55	 0.0020
26.00000	 1650.00	 277	 118.89	 34.55	 0.0020
26.02000	 1650.00	 278	 119.14	 34.55	 0.0020
26.04000	 1650.00	 277	 118.89	 34.55	 0.0020
26.06000	 1650.00	 277	 118.89	 34.55	 0.0020
26.08000	 1650.00	 277	 118.89	 34.55	 0.0020
26.10000	 1650.00	 278	 119.14	 34.55	 0.0020
26.12000	 1650.00	 277	 118.89	 34.55	 0.0020
26.14000	 1650.00	 275	 118.37	 34.55	 0.0020
26.16000	 1650.00	 278	 119.14	 34.55	 0.0020
26.18000	 1650.00	 278	 119.14	 34.55	 0.0020
26.20000	 1650.00	 277	 118.89	 34.55	 0.0020
26.22000	 1650.00	 278	 119.14	 34.55	 0.0020
26.24000	 1650.00	 278	 119.14	 34.55	 0.0020
26.26000	 1650.00	 279	 119.40	 34.55	 0.0020
26.28000	 1650.00	 277	 118.89	 34.55	 0.0030
26.30000	 1650.00	 277	 118.89	 34.55	 0.0020
26.32000	 1650.00	 278	 119.14	 34.55	 0.0020
26.34000	 1650.00	 279	 119.40	 34.55	 0.0020
26.36000	 1650.00	 277	 118.89	 34.55	 0.0020
26.38000	 1650.00	 277	 118.89	 34.55	 0.0020
26.40000	 1650.00	 277	 118.89	 34.55	 0.0020
26.42000	 1650.00	 276	 118.63	 34.55	 0.0020
26.44000	 1650.00	 278	 119.14	 34.55	 0.0020
26.46000	 1650.00	 278	 119.14	 34.55	 0.0020
26.48000	 1650.00	 279	 119.40	 34.55	 0.0020
26.50000	 1650.00	 277	 118.89	 34.55	 0.0020
26.52000	 1650.00	 279	 119.40	 34.55	 0.0020
26.54000	 1650.00	 278	 119.14	 34.55	 0.0020
26.56000	 1650.00	 277	 118.89	 34.55	 0.0020
26.58000	 1650.00	 276	 118.63	 34.55	 0.0030
26.60000	 1650.00	 277	 118.89	 34.55	 0.0020
26.62000	 1650.00	 278	 119.14	 34.55	 0.0020
26.64000	 1650.00	 278	 119.14	 34.55	 0.0020
26.66000	 1650.00	 277	 118.89	 34.55	 0.0020
26.68000	 1650.00	 276	 118.63	 34.55	 0.0020
26.70000	 1650.00	 278	 119.14	 34.55	 0.0020
26.72000	 1650.00	 278	 119.14	 34.55	 0.0020
26.74000	 1650.00	 277	 118.89	 34.55	 0.0020
26.76000	 1650.00	 278	 119.14	 34.55	 0.0020
26.78000	 1650.00	 278	 119.14	 34.55	 0.0020
26.80000	 1650.00	 276	 118.63	 34.55	 0.0020
26.82000	 1650.00	 277	 118.89	 34.55	 0.0020
26.84000	 1650.00	 278	 119.14	 34.55	 0.0020
26.86000	 1650.00	 277	 118.89	 34.55	 0.0020
26.88000	 1650.00	 278	 119.14	 34.55	 0.0020
26.90000	 1650.00	 277	 118.89	 34.55	 0.0020
26.92000	 1650.00	 278	 119.14	 34.55	 0.0030
26.94000	 1650.00	 277	 118.89	 34.55	 0.0020
26.96000	 1650.00	 277	 118.89	 34.55	 0.0020
26.98000	 1650.00	 276	 118.63	 34.55	 0.0020
27.00000	 1650.00	 278	 119.14	 34.55	 0.0020
27.02000	 1650.00	 278	 119.14	 34.55	 0.0020
27.04000	 1650.00	 278	 119.14	 34.55	 0.0020
27.06000	 1650.00	 276	 118.63	 34.55	 0.0020
27.08000	 1650.00	 276	 118.63	 34.55	 0.0020
27.10000	 1650.00	 276	 118.63	 34.55	 0.0020
27.12000	 1650.00	 278	 119.14	 34.55	 0.0020
27.14000	 1650.00	 277	 118.89	 34.55	 0.0020
27.16000	 1650.00	 277	 118.89	 34.55	 0.0020
27.18000	 1650.00	 277	 118.89	 34.55	 0.0020
27.20000	 1650.00	 277	 118.89	 34.55	 0.0020
27.22000	 1650.00	 279	 119.40	 34.55	 0.0030
27.24000	 1650.00	 277	 118.89	 34.55	 0.0020
27.26000	 1650.00	 277	 118.89	 34.55	 0.0020
27.28000	 1650.00	 278	 119.14	 34.55	 0.0020
27.30000	 1650.00	 278	 119.14	 34.55	 0.0020
27.32000	 1650.00	 277	 118.89	 34.55	 0.0020
27.34000	 1650.00	 278	 119.14	 34.55	 0.0020
27.36000	 1650.00	 278	 119.14	 34.55	 0.0020
27.38000	 1650.00	 278	 119.14	 34.55	 0.0020
27.40000	 1650.00	 277	 118.89	 34.55	 0.0020
27.42000	 1650.00	 278	 119.14	 34.55	 0.0020
27.44000	 1650.00	 277	 118.89	 34.55	 0.0020
27.46000	 1650.00	 277	 118.89	 34.55	 0.0020
27.48000	 1650.00	 278	 119.14	 34.55	 0.0020
27.50000	 1650.00	 278	 119.14	 34.55	 0.0020
27.52000	 1650.00	 277	 118.89	 34.55	 0.0020
27.54000	 1650.00	 277	 118.89	 34.55	 0.0020
27.56000	 1650.00	 279	 119.40	 34.55	 0.0030
27.58000	 1650.00	 278	 119.14	 34.55	 0.0020
27.60000	 1650.00	 277	 118.89	 34.55	 0.0020
27.62000	 1650.00	 277	 118.89	 34.55	 0.0020
27.64000	 1650.00	 278	 119.14	 34.55	 0.0020
27.66000	 1650.00	 279	 119.40	 34.55	 0.0020
27.68000	 1650.00	 277	 118.89	 34.55	 0.0020
27.70000	 1650.00	 278	 119.14	 34.55	 0.0020
27.72000	 1650.00	 278	 119.14	 34.55	 0.0020
27.74000	 1650.00	 277	 118.89	 34.55	 0.0020
27.76000	 1650.00	 278	 119.14	 34.55	 0.0020
27.78000	 1650.00	 277	 118.89	 34.55	 0.0020
27.80000	 1650.00	 277	 118.89	 34.55	 0.0020
27.82000	 1650.00	 278	 119.14	 34.55	 0.0020
27.84000	 1650.00	 276	 118.63	 34.55	 0.0020
27.86000	 1650.00	 278	 119.14	 34.55	 0.0030
27.88000	 1650.00	 277	 118.89	 34.55	 0.0020
27.90000	 1650.00	 275	 118.37	 34.55	 0.0020
27.92000	 1650.00	 276	 118.63	 34.55	 0.0020
27.94000	 1650.00	 279	 119.40	 34.55	 0.0020
27.96000	 1650.00	 278	 119.14	 34.55	 0.0020
27.98000	 1650.00	 278	 119.14	 34.55	 0.0020
28.00000	 1650.00	 277	 118.89	 34.55	 0.0020
28.02000	 1650.00	 278	 119.14	 34.55	 0.0020
28.04000	 1650.00	 277	 118.89	 34.55	 0.0020
28.06000	 1650.00	 277	 118.89	 34.55	 0.0020
28.08000	 1650.00	 277	 118.89	 34.55	 0.0020
28.10000	 1650.00	 277	 118.89	 34.55	 0.0020
28.12000	 1650.00	 278	 119.14	 34.55	 0.0020
28.14000	 1650.00	 277	 118.89	 34.55	 0.0020
28.16000	 1650.00	 278	 119.14	 34.55	 0.0020
28.18000	 1650.00	 277	 118.89	 34.55	 0.0020
28.20000	 1650.00	 277	 118.89	 34.55	 0.0030
28.22000	 1650.00	 278	 119.14	 34.55	 0.0020
28.24000	 1650.00	 277	 118.89	 34.55	 0.0020
28.26000	 1650.00	 278	 119.14	 34.55	 0.0020
28.28000	 1650.00	 278	 119.14	 34.55	 0.0020
28.30000	 1650.00	 278	 119.14	 34.55	 0.0020
28.32000	 1650.00	 279	 119.40	 34.55	 0.0020
28.34000	 1650.00	 278	 119.14	 34.55	 0.0020
28.36000	 1650.00	 278	 119.14	 34.55	 0.0020
28.38000	 1650.00	 277	 118.89	 34.55	 0.0020
28.40000	 1650.00	 278	 119.14	 34.55	 0.0020
28.42000	 1650.00	 278	 119.14	 34.55	 0.0020
28.44000	 1650.00	 276	 118.63	 34.55	 0.0020
28.46000	 1650.00	 278	 119.14	 34.55	 0.0020
28.48000	 1650.00	 277	 118.89	 34.55	 0.0020
28.50000	 1650.00	 277	 118.89	 34.55	 0.0030
28.52000	 1650.00	 277	 118.89	 34.55	 0.0020
28.54000	 1650.00	 277	 118.89	 34.55	 0.0020
28.56000	 1650.00	 277	 118.89	 34.55	 0.0020
28.58000	 1650.00	 278	 119.14	 34.55	 0.0020
28.60000	 1650.00	 277	 118.89	 34.55	 0.0020
28.62000	 1650.00	 276	 118.63	 34.55	 0.0020
28.64000	 1650.00	 278	 119.14	 34.55	 0.0020
28.66000	 1650.00	 278	 119.14	 34.55	 0.0020
28.68000	 1650.00	 279	 119.40	 34.55	 0.0020
28.70000	 1650.00	 276	 118.63	 34.55	 0.0020
28.72000	 1650.00	 279	 119.40	 34.55	 0.0020
28.74000	 1650.00	 276	 118.63	 34.55	 0.0020
28.76000	 1650.00	 277	 118.89	 34.55	 0.0020
28.78000	 1650.00	 277	 118.89	 34.55	 0.0020
28.80000	 1650.00	 276	 118.63	 34.55	 0.0020
28.82000	 1650.00	 277	 118.89	 34.55	 0.0020
28.84000	 1650.00	 277	 118.89	 34.55	 0.0030
28.86000	 1650.00	 277	 118.89	 34.55	 0.0020
28.88000	 1650.00	 278	 119.14	 34.55	 0.0020
28.90000	 1650.00	 278	 119.14	 34.55	 0.0020
28.92000	 1650.00	 277	 118.89	 34.55	 0.0020
28.94000	 1650.00	 278	 119.14	 34.55	 0.0020
28.96000	 1650.00	 277	 118.89	 34.55	 0.0020
28.98000	 1650.00	 276	 118.63	 34.55	 0.0020
29.00000	 1650.00	 277	 118.89	 34.55	 0.0020
29.02000	 1650.00	 278	 119.14	 34.55	 0.0020
29.04000	 1650.00	 276	 118.63	 34.55	 0.0020
29.06000	 1650.00	 277	 118.89	 34.55	 0.0020
29.08000	 1650.00	 276	 118.63	 34.55	 0.0020
29.10000	 1650.00	 279	 119.40	 34.55	 0.0020
29.12000	 1650.00	 278	 119.14	 34.55	 0.0020
29.14000	 1650.00	 277	 118.89	 34.55	 0.0030
29.16000	 1650.00	 280	 119.66	 34.55	 0.0020
29.18000	 1650.00	 278	 119.14	 34.55	 0.0020
29.20000	 1650.00	 278	 119.14	 34.55	 0.0020
29.22000	 1650.00	 277	 118.89	 34.55	 0.0020
29.24000	 1650.00	 277	 118.89	 34.55	 0.0020
29.26000	 1650.00	 278	 119.14	 34.55	 0.0020
29.28000	 1650.00	 277	 118.89	 34.55	 0.0020
29.30000	 1650.00	 278	 119.14	 34.55	 0.0020
29.32000	 1650.00	 279	 119.40	 34.55	 0.0020
29.34000	 1650.00	 278	 119.14	 34.55	 0.0020
29.36000	 1650.00	 277	 118.89	 34.55	 0.0020
29.38000	 1650.00	 278	 119.14	 34.55	 0.0020
29.40000	 1650.00	 276	 118.63	 34.55	 0.0020
29.42000	 1650.00	 277	 118.89	 34.55	 0.0020
29.44000	 1650.00	 278	 119.14	 34.55	 0.0020
29.46000	 1650.00	 278	 119.14	 34.55	 0.0020
29.48000	 1650.00	 279	 119.40	 34.55	 0.0030
29.50000	 1650.00	 277	 118.89	 34.55	 0.0020
29.52000	 1650.00	 279	 119.40	 34.55	 0.0020
29.54000	 1650.00	 277	 118.89	 34.55	 0.0020
29.56000	 1650.00	 275	 118.37	 34.55	 0.0020
29.58000	 1650.00	 277	 118.89	 34.55	 0.0020
29.60000	 1650.00	 278	 119.14	 34.55	 0.0020
29.62000	 1650.00	 277	 118.89	 34.55	 0.0020