5.99900	 1651.00	 865	 35.15	 0.00200
6.02400	 1652.00	 864	 35.42	 0.00200
6.04900	 1653.00	 864	 35.42	 0.00200
6.07400	 1654.00	 864	 35.42	 0.00200
6.09900	 1655.00	 864	 35.42	 0.00300
6.12400	 1656.00	 864	 35.42	 0.00200
6.14900	 1657.00	 864	 35.42	 0.00200
6.17400	 1658.00	 865	 35.15	 0.00200
6.19900	 1659.00	 864	 35.42	 0.00200
6.22400	 1660.00	 864	 35.42	 0.00200
6.24900	 1661.00	 865	 35.15	 0.00200
6.27400	 1662.00	 865	 35.15	 0.00200
6.29900	 1663.00	 865	 35.15	 0.00200
6.32400	 1664.00	 866	 34.87	 0.00200
6.34900	 1665.00	 866	 34.87	 0.00200
6.37400	 1666.00	 866	 34.87	 0.00200
6.40000	 1667.00	 867	 34.60	 0.00200
6.42500	 1668.00	 867	 34.60	 0.00200
6.45000	 1669.00	 867	 34.60	 0.00200
6.47500	 1670.00	 869	 34.05	 0.00200
6.50000	 1671.00	 868	 34.32	 0.00200
6.52500	 1672.00	 869	 34.05	 0.00300
6.55000	 1673.00	 869	 34.05	 0.00200
6.57500	 1674.00	 870	 33.77	 0.00200
6.60000	 1675.00	 871	 33.49	 0.00200
6.62500	 1676.00	 870	 33.77	 0.00200
6.65000	 1677.00	 871	 33.49	 0.00200
6.67500	 1678.00	 871	 33.49	 0.00200
6.70000	 1679.00	 871	 33.49	 0.00200
6.72500	 1680.00	 871	 33.49	 0.00200
6.75000	 1681.00	 871	 33.49	 0.00200
6.77500	 1682.00	 871	 33.49	 0.00200
6.80000	 1683.00	 872	 33.22	 0.00200
6.82500	 1684.00	 871	 33.49	 0.00300
6.85000	 1685.00	 871	 33.49	 0.00200
6.87500	 1686.00	 872	 33.22	 0.00200
6.90000	 1687.00	 872	 33.22	 0.00200
6.92500	 1688.00	 872	 33.22	 0.00200
6.95000	 1689.00	 872	 33.22	 0.00200
6.97500	 1690.00	 872	 33.22	 0.00200
7.00000	 1691.00	 873	 32.94	 0.00200
7.02500	 1692.00	 873	 32.94	 0.00200
7.05000	 1693.00	 873	 32.94	 0.00200
7.07500	 1694.00	 874	 32.67	 0.00200
7.10000	 1695.00	 874	 32.67	 0.00200
7.12600	 1696.00	 874	 32.67	 0.00200
7.15100	 1697.00	 874	 32.67	 0.00200
7.17600	 1698.00	 874	 32.67	 0.00200
7.20100	 1699.00	 874	 32.67	 0.00200
7.22600	 1700.00	 875	 32.39	 0.00200
7.25100	 1701.00	 875	 32.39	 0.00300
7.27600	 1702.00	 875	 32.39	 0.00200
7.30100	 1703.00	 875	 32.39	 0.00200
7.32600	 1704.00	 876	 32.12	 0.00200
7.35100	 1705.00	 876	 32.12	 0.00200
7.37600	 1706.00	 877	 31.84	 0.00200
7.40100	 1707.00	 877	 31.84	 0.00200
7.42600	 1708.00	 878	 31.57	 0.00200
7.45100	 1709.00	 878	 31.57	 0.00200
7.47600	 1710.00	 878	 31.57	 0.00200
7.50100	 1711.00	 879	 31.29	 0.00200
7.52600	 1712.00	 878	 31.57	 0.00200
7.55200	 1713.00	 878	 31.57	 0.00200
7.57700	 1714.00	 829	 45.05	 0.00200
7.60200	 1715.00	 879	 31.29	 0.00200
7.62700	 1716.00	 879	 31.29	 0.00200
7.65200	 1717.00	 879	 31.29	 0.00200
7.67700	 1718.00	 830	 44.77	 0.00300
7.70200	 1719.00	 880	 31.02	 0.00200
7.72700	 1720.00	 881	 30.74	 0.00200
7.75200	 1721.00	 879	 31.29	 0.00200
7.77700	 1722.00	 839	 42.30	 0.00200
7.80200	 1723.00	 881	 30.74	 0.00200
7.82700	 1724.00	 882	 30.47	 0.00200
7.85200	 1725.00	 882	 30.47	 0.00200
7.87700	 1726.00	 830	 44.77	 0.00200
7.90200	 1727.00	 882	 30.47	 0.00200
7.92700	 1728.00	 883	 30.19	 0.00200
7.95200	 1729.00	 883	 30.19	 0.00200
7.97700	 1730.00	 833	 43.95	 0.00300
8.00200	 1731.00	 883	 30.19	 0.00200
8.02700	 1732.00	 883	 30.19	 0.00200
8.05200	 1733.00	 883	 30.19	 0.00200
8.07700	 1734.00	 847	 40.10	 0.00200
8.10200	 1735.00	 884	 29.92	 0.00200
8.12700	 1736.00	 884	 29.92	 0.00200
8.15200	 1737.00	 885	 29.64	 0.00200
8.17700	 1738.00	 835	 43.40	 0.00200
8.20200	 1739.00	 886	 29.37	 0.00200
8.22700	 1740.00	 886	 29.37	 0.00200
8.25200	 1741.00	 886	 29.37	 0.00200
8.27800	 1742.00	 886	 29.37	 0.00200
8.30300	 1743.00	 887	 29.09	 0.00200
8.32800	 1744.00	 887	 29.09	 0.00200
8.35300	 1745.00	 887	 29.09	 0.00200
8.37800	 1746.00	 837	 42.85	 0.00200
8.40300	 1747.00	 887	 29.09	 0.00300
8.42800	 1748.00	 888	 28.82	 0.00200
8.45300	 1749.00	 888	 28.82	 0.00200
8.47800	 1750.00	 838	 42.57	 0.00200
8.50300	 1751.00	 889	 28.54	 0.00200
8.52800	 1752.00	 889	 28.54	 0.00200
8.55300	 1753.00	 890	 28.27	 0.00200
8.57800	 1754.00	 890	 28.27	 0.00200
8.60300	 1755.00	 890	 28.27	 0.00200
8.62800	 1756.00	 890	 28.27	 0.00200
8.65300	 1757.00	 891	 27.99	 0.00200
8.67800	 1758.00	 891	 27.99	 0.00200
8.70400	 1759.00	 892	 27.72	 0.00200
8.72900	 1760.00	 892	 27.72	 0.00200
8.75400	 1761.00	 892	 27.72	 0.00200
8.77900	 1762.00	 892	 27.72	 0.00200
8.80400	 1763.00	 892	 27.72	 0.00200
8.82900	 1764.00	 892	 27.72	 0.00300
8.85400	 1765.00	 893	 27.44	 0.00200
8.87900	 1766.00	 840	 42.02	 0.00200
8.90400	 1767.00	 893	 27.44	 0.00200
8.92900	 1768.00	 894	 27.17	 0.00200
8.95400	 1769.00	 894	 27.17	 0.00200
8.97900	 1770.00	 894	 27.17	 0.00200
9.00400	 1771.00	 895	 26.89	 0.00200
9.02900	 1772.00	 894	 27.17	 0.00200
9.05400	 1773.00	 895	 26.89	 0.00200
9.07900	 1774.00	 894	 27.17	 0.00200
9.10400	 1775.00	 895	 26.89	 0.00200
9.12900	 1776.00	 895	 26.89	 0.00300
9.15400	 1777.00	 896	 26.62	 0.00200
9.17900	 1778.00	 896	 26.62	 0.00200
9.20400	 1779.00	 896	 26.62	 0.00200
9.22900	 1780.00	 896	 26.62	 0.00200
9.25400	 1781.00	 897	 26.34	 0.00200
9.27900	 1782.00	 897	 26.34	 0.00200
9.30400	 1783.00	 897	 26.34	 0.00200
9.32900	 1784.00	 897	 26.34	 0.00200
9.35400	 1785.00	 898	 26.07	 0.00200
9.37900	 1786.00	 897	 26.34	 0.00200
9.40400	 1787.00	 898	 26.07	 0.00200
9.43000	 1788.00	 898	 26.07	 0.00200
9.45500	 1789.00	 898	 26.07	 0.00200
9.48000	 1790.00	 898	 26.07	 0.00200
9.50500	 1791.00	 898	 26.07	 0.00200
9.53000	 1792.00	 899	 25.79	 0.00200
9.55500	 1793.00	 900	 25.52	 0.00300
9.58000	 1794.00	 899	 25.79	 0.00200
9.60500	 1795.00	 899	 25.79	 0.00200
9.63000	 1796.00	 900	 25.52	 0.00200
9.65500	 1797.00	 901	 25.24	 0.00200
9.68000	 1798.00	 901	 25.24	 0.00200
9.70500	 1799.00	 902	 24.97	 0.00200
9.73000	 1800.00	 902	 24.97	 0.00200
9.75500	 1801.00	 902	 24.97	 0.00200
9.78000	 1802.00	 902	 24.97	 0.00200
9.80500	 1803.00	 902	 24.97	 0.00200
9.83000	 1804.00	 902	 24.97	 0.00200
9.85600	 1805.00	 903	 24.69	 0.00200
9.88100	 1806.00	 903	 24.69	 0.00200
9.90600	 1807.00	 903	 24.69	 0.00200
9.93100	 1808.00	 902	 24.97	 0.00200
9.95600	 1809.00	 903	 24.69	 0.00200
9.98100	 1810.00	 903	 24.69	 0.00300
10.00600	 1811.00	 904	 24.42	 0.00200
10.03100	 1812.00	 904	 24.42	 0.00200
10.05600	 1813.00	 905	 24.14	 0.00200
10.08100	 1814.00	 904	 24.42	 0.00200
10.10600	 1815.00	 905	 24.14	 0.00200
10.13100	 1816.00	 905	 24.14	 0.00200
10.15600	 1817.00	 906	 23.87	 0.00200
10.18100	 1818.00	 906	 23.87	 0.00200
10.20600	 1819.00	 906	 23.87	 0.00200
10.23100	 1820.00	 906	 23.87	 0.00200
10.25600	 1821.00	 907	 23.59	 0.00200
10.28100	 1822.00	 906	 23.87	 0.00300
10.30600	 1823.00	 906	 23.87	 0.00200
10.33100	 1824.00	 907	 23.59	 0.00200
10.35600	 1825.00	 907	 23.59	 0.00200
10.38100	 1826.00	 907	 23.59	 0.00200
10.40600	 1827.00	 907	 23.59	 0.00200
10.43100	 1828.00	 907	 23.59	 0.00200
10.45600	 1829.00	 908	 23.32	 0.00200
10.48100	 1830.00	 908	 23.32	 0.00200
10.50600	 1831.00	 909	 23.04	 0.00200
10.53100	 1832.00	 909	 23.04	 0.00200
10.55600	 1833.00	 909	 23.04	 0.00200
10.58200	 1834.00	 909	 23.04	 0.00200
10.60700	 1835.00	 909	 23.04	 0.00200
10.63200	 1836.00	 909	 23.04	 0.00200
10.65700	 1837.00	 910	 22.77	 0.00200
10.68200	 1838.00	 910	 22.77	 0.00200
10.70700	 1839.00	 910	 22.77	 0.00300
10.73200	 1840.00	 910	 22.77	 0.00200
10.75700	 1841.00	 911	 22.49	 0.00200
10.78200	 1842.00	 911	 22.49	 0.00200
10.80700	 1843.00	 911	 22.49	 0.00200
10.83200	 1844.00	 911	 22.49	 0.00200
10.85700	 1845.00	 912	 22.22	 0.00200
10.88200	 1846.00	 912	 22.22	 0.00200
10.90700	 1847.00	 912	 22.22	 0.00200
10.93200	 1848.00	 912	 22.22	 0.00200
10.95700	 1849.00	 913	 21.94	 0.00200
10.98200	 1850.00	 913	 21.94	 0.00200
11.00800	 1851.00	 913	 21.94	 0.00200
11.03300	 1852.00	 913	 21.94	 0.00200
11.05800	 1853.00	 914	 21.67	 0.00200
11.08300	 1854.00	 914	 21.67	 0.00200
11.10800	 1855.00	 914	 21.67	 0.00200
11.13300	 1856.00	 915	 21.39	 0.00300
11.15800	 1857.00	 869	 34.05	 0.00200
11.18300	 1858.00	 914	 21.67	 0.00200
11.20800	 1859.00	 915	 21.39	 0.00200
11.23300	 1860.00	 914	 21.67	 0.00200
11.25800	 1861.00	 915	 21.39	 0.00200
11.28300	 1862.00	 915	 21.39	 0.00200
11.30800	 1863.00	 915	 21.39	 0.00200
11.33300	 1864.00	 915	 21.39	 0.00200
11.35800	 1865.00	 917	 20.84	 0.00200
11.38300	 1866.00	 916	 21.12	 0.00200
11.40800	 1867.00	 916	 21.12	 0.00200
11.43300	 1868.00	 917	 20.84	 0.00300
11.45800	 1869.00	 917	 20.84	 0.00200
11.48300	 1870.00	 917	 20.84	 0.00200
11.50800	 1871.00	 917	 20.84	 0.00200
11.53300	 1872.00	 917	 20.84	 0.00200
11.55800	 1873.00	 918	 20.57	 0.00200
11.58300	 1874.00	 918	 20.57	 0.00200
11.60800	 1875.00	 919	 20.29	 0.00200
11.63300	 1876.00	 919	 20.29	 0.00200
11.65800	 1877.00	 919	 20.29	 0.00200
11.68300	 1878.00	 919	 20.29	 0.00200
11.70800	 1879.00	 919	 20.29	 0.00200
11.73400	 1880.00	 919	 20.29	 0.00200
11.75900	 1881.00	 920	 20.01	 0.00200
11.78400	 1882.00	 920	 20.01	 0.00200
11.80900	 1883.00	 919	 20.29	 0.00200
11.83400	 1884.00	 920	 20.01	 0.00200
11.85900	 1885.00	 868	 34.32	 0.00300
11.88400	 1886.00	 921	 19.74	 0.00200
11.90900	 1887.00	 921	 19.74	 0.00200
11.93400	 1888.00	 921	 19.74	 0.00200
11.95900	 1889.00	 922	 19.46	 0.00200
11.98400	 1890.00	 922	 19.46	 0.00200
12.00900	 1891.00	 922	 19.46	 0.00200
12.03400	 1892.00	 923	 19.19	 0.00200
12.05900	 1893.00	 922	 19.46	 0.00200
12.08400	 1894.00	 923	 19.19	 0.00200
12.10900	 1895.00	 923	 19.19	 0.00200
12.13400	 1896.00	 923	 19.19	 0.00200
12.16000	 1897.00	 923	 19.19	 0.00200
12.18500	 1898.00	 923	 19.19	 0.00200
12.21000	 1899.00	 923	 19.19	 0.00200
12.23500	 1900.00	 923	 19.19	 0.00200
12.26000	 1901.00	 923	 19.19	 0.00200
12.28500	 1902.00	 923	 19.19	 0.00300
12.31000	 1903.00	 924	 18.91	 0.00200
12.33500	 1904.00	 924	 18.91	 0.00200
12.36000	 1905.00	 924	 18.91	 0.00200
12.38500	 1906.00	 924	 18.91	 0.00200
12.41000	 1907.00	 924	 18.91	 0.00200
12.43500	 1908.00	 924	 18.91	 0.00200
12.46000	 1909.00	 871	 33.49	 0.00200
12.48500	 1910.00	 926	 18.36	 0.00200
12.51000	 1911.00	 926	 18.36	 0.00200
12.53500	 1912.00	 926	 18.36	 0.00200
12.56000	 1913.00	 872	 33.22	 0.00200
12.58500	 1914.00	 927	 18.09	 0.00300
12.61000	 1915.00	 927	 18.09	 0.00200
12.63500	 1916.00	 928	 17.81	 0.00200
12.66000	 1917.00	 928	 17.81	 0.00200
12.68500	 1918.00	 928	 17.81	 0.00200
12.71000	 1919.00	 928	 17.81	 0.00200
12.73500	 1920.00	 929	 17.54	 0.00200
12.76000	 1921.00	 874	 32.67	 0.00200
12.78500	 1922.00	 929	 17.54	 0.00200
12.81000	 1923.00	 929	 17.54	 0.00200
12.83500	 1924.00	 929	 17.54	 0.00200
12.86000	 1925.00	 876	 32.12	 0.00200
12.88600	 1926.00	 929	 17.54	 0.00200
12.91100	 1927.00	 930	 17.26	 0.00200
12.93600	 1928.00	 930	 17.26	 0.00200
12.96100	 1929.00	 930	 17.26	 0.00200
12.98600	 1930.00	 930	 17.26	 0.00200
13.01100	 1931.00	 930	 17.26	 0.00300
13.03600	 1932.00	 930	 17.26	 0.00200
13.06100	 1933.00	 930	 17.26	 0.00200
13.08600	 1934.00	 931	 16.99	 0.00200
13.11100	 1935.00	 931	 16.99	 0.00200
13.13600	 1936.00	 931	 16.99	 0.00200
13.16100	 1937.00	 931	 16.99	 0.00200
13.18600	 1938.00	 932	 16.71	 0.00200
13.21100	 1939.00	 932	 16.71	 0.00200
13.23600	 1940.00	 932	 16.71	 0.00200
13.26100	 1941.00	 933	 16.44	 0.00200
13.28600	 1942.00	 934	 16.16	 0.00200
13.31200	 1943.00	 933	 16.44	 0.00200
13.33700	 1944.00	 934	 16.16	 0.00200
13.36200	 1945.00	 934	 16.16	 0.00200
13.38700	 1946.00	 934	 16.16	 0.00200
13.41200	 1947.00	 934	 16.16	 0.00200
13.43700	 1948.00	 935	 15.89	 0.00300
13.46200	 1949.00	 935	 15.89	 0.00200
13.48700	 1950.00	 935	 15.89	 0.00200
13.51200	 1951.00	 934	 16.16	 0.00200
13.53700	 1952.00	 936	 15.61	 0.00200
13.56200	 1953.00	 935	 15.89	 0.00200
13.58700	 1954.00	 935	 15.89	 0.00200
13.61200	 1955.00	 935	 15.89	 0.00200
13.63700	 1956.00	 936	 15.61	 0.00200
13.66200	 1957.00	 936	 15.61	 0.00200
13.68700	 1958.00	 936	 15.61	 0.00200
13.71200	 1959.00	 936	 15.61	 0.00200
13.73700	 1960.00	 937	 15.34	 0.00300
13.76200	 1961.00	 938	 15.06	 0.00200
13.78700	 1962.00	 937	 15.34	 0.00200
13.81200	 1963.00	 937	 15.34	 0.00200
13.83700	 1964.00	 937	 15.34	 0.00200
13.86200	 1965.00	 938	 15.06	 0.00200
13.88700	 1966.00	 938	 15.06	 0.00200
13.91200	 1967.00	 939	 14.79	 0.00200
13.93700	 1968.00	 939	 14.79	 0.00200
13.96200	 1969.00	 939	 14.79	 0.00200
13.98700	 1970.00	 939	 14.79	 0.00200
14.01200	 1971.00	 939	 14.79	 0.00200
14.03800	 1972.00	 940	 14.51	 0.00200
14.06300	 1973.00	 939	 14.79	 0.00200
14.08800	 1974.00	 940	 14.51	 0.00200
14.11300	 1975.00	 940	 14.51	 0.00200
14.13800	 1976.00	 940	 14.51	 0.00200
14.16300	 1977.00	 941	 14.24	 0.00300
14.18800	 1978.00	 941	 14.24	 0.00200
14.21300	 1979.00	 941	 14.24	 0.00200
14.23800	 1980.00	 942	 13.96	 0.00200
14.26300	 1981.00	 941	 14.24	 0.00200
14.28800	 1982.00	 942	 13.96	 0.00200
14.31300	 1983.00	 942	 13.96	 0.00200
14.33800	 1984.00	 941	 14.24	 0.00200
14.36300	 1985.00	 942	 13.96	 0.00200
14.38800	 1986.00	 943	 13.69	 0.00200
14.41300	 1987.00	 944	 13.41	 0.00200
14.43800	 1988.00	 944	 13.41	 0.00200
14.46400	 1989.00	 943	 13.69	 0.00200
14.48900	 1990.00	 943	 13.69	 0.00200
14.51400	 1991.00	 944	 13.41	 0.00200
14.53900	 1992.00	 895	 26.89	 0.00200
14.56400	 1993.00	 944	 13.41	 0.00200
14.58900	 1994.00	 945	 13.14	 0.00300
14.61400	 1995.00	 945	 13.14	 0.00200
14.63900	 1996.00	 945	 13.14	 0.00200
14.66400	 1997.00	 945	 13.14	 0.00200
14.68900	 1998.00	 945	 13.14	 0.00200
14.71400	 1999.00	 945	 13.14	 0.00200
14.73900	 2000.00	 947	 12.59	 0.00200
14.76400	 2001.00	 946	 12.86	 0.00200
14.78900	 2002.00	 946	 12.86	 0.00200
14.81400	 2003.00	 946	 12.86	 0.00200
14.83900	 2004.00	 947	 12.59	 0.00200
14.86400	 2005.00	 947	 12.59	 0.00200
14.88900	 2006.00	 947	 12.59	 0.00300
14.91400	 2007.00	 947	 12.59	 0.00200
14.93900	 2008.00	 948	 12.31	 0.00200
14.96400	 2009.00	 948	 12.31	 0.00200
14.98900	 2010.00	 948	 12.31	 0.00200
15.01400	 2011.00	 948	 12.31	 0.00200
15.03900	 2012.00	 948	 12.31	 0.00200
15.06400	 2013.00	 948	 12.31	 0.00200
15.08900	 2014.00	 949	 12.04	 0.00200
15.11400	 2015.00	 949	 12.04	 0.00200
15.13900	 2016.00	 949	 12.04	 0.00200
15.16400	 2017.00	 949	 12.04	 0.00200
15.19000	 2018.00	 949	 12.04	 0.00200
15.21500	 2019.00	 949	 12.04	 0.00200
15.24000	 2020.00	 893	 27.44	 0.00200
15.26500	 2021.00	 949	 12.04	 0.00200
15.29000	 2022.00	 949	 12.04	 0.00200
15.31500	 2023.00	 950	 11.76	 0.00300
15.34000	 2024.00	 893	 27.44	 0.00200
15.36500	 2025.00	 950	 11.76	 0.00200
15.39000	 2026.00	 950	 11.76	 0.00200
15.41500	 2027.00	 949	 12.04	 0.00200
15.44000	 2028.00	 894	 27.17	 0.00200
15.46500	 2029.00	 951	 11.49	 0.00200
15.49000	 2030.00	 951	 11.49	 0.00200
15.51500	 2031.00	 951	 11.49	 0.00200
15.54000	 2032.00	 899	 25.79	 0.00200
15.56500	 2033.00	 952	 11.21	 0.00200
15.59000	 2034.00	 953	 10.94	 0.00200
15.61600	 2035.00	 953	 10.94	 0.00200
15.64100	 2036.00	 953	 10.94	 0.00200
15.66600	 2037.00	 953	 10.94	 0.00200
15.69100	 2038.00	 953	 10.94	 0.00200
15.71600	 2039.00	 953	 10.94	 0.00200
15.74100	 2040.00	 953	 10.94	 0.00300
15.76600	 2041.00	 953	 10.94	 0.00200
15.79100	 2042.00	 952	 11.21	 0.00200
15.81600	 2043.00	 953	 10.94	 0.00200
15.84100	 2044.00	 954	 10.66	 0.00200
15.86600	 2045.00	 954	 10.66	 0.00200
15.89100	 2046.00	 954	 10.66	 0.00200
15.91600	 2047.00	 954	 10.66	 0.00200
15.94100	 2048.00	 896	 26.62	 0.00200
15.96600	 2049.00	 955	 10.39	 0.00200
15.99100	 2050.00	 955	 10.39	 0.00200
16.01600	 2051.00	 955	 10.39	 0.00200
16.04100	 2052.00	 956	 10.11	 0.00300
16.06600	 2053.00	 956	 10.11	 0.00200
16.09100	 2054.00	 956	 10.11	 0.00200
16.11600	 2055.00	 956	 10.11	 0.00200
16.14100	 2056.00	 898	 26.07	 0.00200
16.16600	 2057.00	 957	 9.84	 0.00200
16.19100	 2058.00	 957	 9.84	 0.00200
16.21600	 2059.00	 957	 9.84	 0.00200
16.24100	 2060.00	 900	 25.52	 0.00200
16.26600	 2061.00	 958	 9.56	 0.00200
16.29100	 2062.00	 958	 9.56	 0.00200
16.31600	 2063.00	 958	 9.56	 0.00200
16.34200	 2064.00	 958	 9.56	 0.00200
16.36700	 2065.00	 958	 9.56	 0.00200
16.39200	 2066.00	 958	 9.56	 0.00200
16.41700	 2067.00	 959	 9.29	 0.00200
16.44200	 2068.00	 957	 9.84	 0.00200
16.46700	 2069.00	 958	 9.56	 0.00300
16.49200	 2070.00	 958	 9.56	 0.00200
16.51700	 2071.00	 958	 9.56	 0.00200
16.54200	 2072.00	 958	 9.56	 0.00200
16.56700	 2073.00	 958	 9.56	 0.00200
16.59200	 2074.00	 959	 9.29	 0.00200
16.61700	 2075.00	 959	 9.29	 0.00200
16.64200	 2076.00	 952	 11.21	 0.00200
16.66700	 2077.00	 960	 9.01	 0.00200
16.69200	 2078.00	 959	 9.29	 0.00200
16.71700	 2079.00	 960	 9.01	 0.00200
16.74200	 2080.00	 958	 9.56	 0.00200
16.76800	 2081.00	 960	 9.01	 0.00200
16.79300	 2082.00	 962	 8.46	 0.00200
16.81800	 2083.00	 960	 9.01	 0.00200
16.84300	 2084.00	 960	 9.01	 0.00200
16.86800	 2085.00	 961	 8.74	 0.00200
16.89300	 2086.00	 961	 8.74	 0.00300
16.91800	 2087.00	 962	 8.46	 0.00200
16.94300	 2088.00	 961	 8.74	 0.00200
16.96800	 2089.00	 962	 8.46	 0.00200
16.99300	 2090.00	 962	 8.46	 0.00200
17.01800	 2091.00	 962	 8.46	 0.00200
17.04300	 2092.00	 962	 8.46	 0.00200
17.06800	 2093.00	 963	 8.19	 0.00200
17.09300	 2094.00	 963	 8.19	 0.00200
17.11800	 2095.00	 963	 8.19	 0.00200
17.14300	 2096.00	 964	 7.91	 0.00200
17.16800	 2097.00	 964	 7.91	 0.00200
17.19300	 2098.00	 964	 7.91	 0.00300
17.21800	 2099.00	 964	 7.91	 0.00200
17.24300	 2100.00	 964	 7.91	 0.00200
17.26800	 2101.00	 964	 7.91	 0.00200
17.29300	 2102.00	 964	 7.91	 0.00200
17.31800	 2103.00	 963	 8.19	 0.00200
17.34300	 2104.00	 964	 7.91	 0.00200
17.36800	 2105.00	 964	 7.91	 0.00200
17.39300	 2106.00	 964	 7.91	 0.00200
17.41800	 2107.00	 964	 7.91	 0.00200
17.44300	 2108.00	 964	 7.91	 0.00200
17.46800	 2109.00	 965	 7.64	 0.00200
17.49400	 2110.00	 965	 7.64	 0.00200
17.51900	 2111.00	 964	 7.91	 0.00200
17.54400	 2112.00	 966	 7.36	 0.00200
17.56900	 2113.00	 965	 7.64	 0.00200
17.59400	 2114.00	 965	 7.64	 0.00200
17.61900	 2115.00	 966	 7.36	 0.00300
17.64400	 2116.00	 966	 7.36	 0.00200
17.66900	 2117.00	 966	 7.36	 0.00200
17.69400	 2118.00	 966	 7.36	 0.00200
17.71900	 2119.00	 966	 7.36	 0.00200
17.74400	 2120.00	 966	 7.36	 0.00200
17.76900	 2121.00	 967	 7.09	 0.00200
17.79400	 2122.00	 967	 7.09	 0.00200
17.81900	 2123.00	 967	 7.09	 0.00200
17.84400	 2124.00	 967	 7.09	 0.00200
17.86900	 2125.00	 967	 7.09	 0.00200
17.89400	 2126.00	 967	 7.09	 0.00200
17.92000	 2127.00	 968	 6.81	 0.00200
17.94500	 2128.00	 967	 7.09	 0.00200
17.97000	 2129.00	 968	 6.81	 0.00200
17.99500	 2130.00	 968	 6.81	 0.00200
18.02000	 2131.00	 969	 6.54	 0.00200
18.04500	 2132.00	 969	 6.54	 0.00300
18.07000	 2133.00	 969	 6.54	 0.00200
18.09500	 2134.00	 969	 6.54	 0.00200
18.12000	 2135.00	 969	 6.54	 0.00200
18.14500	 2136.00	 969	 6.54	 0.00200
18.17000	 2137.00	 969	 6.54	 0.00200
18.19500	 2138.00	 969	 6.54	 0.00200
18.22000	 2139.00	 970	 6.26	 0.00200
18.24500	 2140.00	 970	 6.26	 0.00200
18.27000	 2141.00	 969	 6.54	 0.00200
18.29500	 2142.00	 970	 6.26	 0.00200
18.32000	 2143.00	 970	 6.26	 0.00200
18.34500	 2144.00	 971	 5.98	 0.00300
18.37000	 2145.00	 971	 5.98	 0.00200
18.39500	 2146.00	 971	 5.98	 0.00200
18.42000	 2147.00	 972	 5.71	 0.00200
18.44500	 2148.00	 971	 5.98	 0.00200
18.47000	 2149.00	 970	 6.26	 0.00200
18.49500	 2150.00	 971	 5.98	 0.00200
18.52000	 2151.00	 972	 5.71	 0.00200
18.54500	 2152.00	 971	 5.98	 0.00200
18.57000	 2153.00	 972	 5.71	 0.00200
18.59500	 2154.00	 971	 5.98	 0.00200
18.62000	 2155.00	 972	 5.71	 0.00200
18.64600	 2156.00	 972	 5.71	 0.00200
18.67100	 2157.00	 972	 5.71	 0.00200
18.69600	 2158.00	 972	 5.71	 0.00200
18.72100	 2159.00	 972	 5.71	 0.00200
18.74600	 2160.00	 972	 5.71	 0.00200
18.77100	 2161.00	 972	 5.71	 0.00300
18.79600	 2162.00	 973	 5.43	 0.00200
18.82100	 2163.00	 955	 10.39	 0.00200
18.84600	 2164.00	 973	 5.43	 0.00200
18.87100	 2165.00	 973	 5.43	 0.00200
18.89600	 2166.00	 973	 5.43	 0.00200
18.92100	 2167.00	 919	 20.29	 0.00200
18.94600	 2168.00	 974	 5.16	 0.00200
18.97100	 2169.00	 974	 5.16	 0.00200
18.99600	 2170.00	 974	 5.16	 0.00200
19.02100	 2171.00	 914	 21.67	 0.00200
19.04600	 2172.00	 974	 5.16	 0.00200
19.07200	 2173.00	 973	 5.43	 0.00200
19.09700	 2174.00	 974	 5.16	 0.00200
19.12200	 2175.00	 975	 4.88	 0.00200
19.14700	 2176.00	 975	 4.88	 0.00200
19.17200	 2177.00	 975	 4.88	 0.00200
19.19700	 2178.00	 975	 4.88	 0.00300
19.22200	 2179.00	 975	 4.88	 0.00200
19.24700	 2180.00	 975	 4.88	 0.00200
19.27200	 2181.00	 975	 4.88	 0.00200
19.29700	 2182.00	 975	 4.88	 0.00200
19.32200	 2183.00	 912	 22.22	 0.00200
19.34700	 2184.00	 975	 4.88	 0.00200
19.37200	 2185.00	 975	 4.88	 0.00200
19.39700	 2186.00	 976	 4.61	 0.00200
19.42200	 2187.00	 916	 21.12	 0.00200
19.44700	 2188.00	 976	 4.61	 0.00200
19.47200	 2189.00	 976	 4.61	 0.00200
19.49700	 2190.00	 977	 4.33	 0.00300
19.52200	 2191.00	 918	 20.57	 0.00200
19.54700	 2192.00	 977	 4.33	 0.00200
19.57200	 2193.00	 977	 4.33	 0.00200
19.59700	 2194.00	 977	 4.33	 0.00200
19.62200	 2195.00	 919	 20.29	 0.00200
19.64700	 2196.00	 978	 4.06	 0.00200
19.67200	 2197.00	 977	 4.33	 0.00200
19.69700	 2198.00	 978	 4.06	 0.00200
19.72200	 2199.00	 978	 4.06	 0.00200
19.74700	 2200.00	 978	 4.06	 0.00200
19.77200	 2201.00	 978	 4.06	 0.00200
19.79800	 2202.00	 979	 3.78	 0.00200
19.82300	 2203.00	 978	 4.06	 0.00200
19.84800	 2204.00	 979	 3.78	 0.00200
19.87300	 2205.00	 979	 3.78	 0.00200
19.89800	 2206.00	 979	 3.78	 0.00200
19.92300	 2207.00	 979	 3.78	 0.00300
19.94800	 2208.00	 979	 3.78	 0.00200
19.97300	 2209.00	 980	 3.51	 0.00200
19.99800	 2210.00	 980	 3.51	 0.00200
20.02300	 2211.00	 972	 5.71	 0.00200
20.04800	 2212.00	 980	 3.51	 0.00200
20.07300	 2213.00	 980	 3.51	 0.00200
20.09800	 2214.00	 980	 3.51	 0.00200
20.12300	 2215.00	 979	 3.78	 0.00200
20.14800	 2216.00	 980	 3.51	 0.00200
20.17300	 2217.00	 980	 3.51	 0.00200
20.19800	 2218.00	 981	 3.23	 0.00200
20.22400	 2219.00	 980	 3.51	 0.00200
20.24900	 2220.00	 981	 3.23	 0.00200
20.27400	 2221.00	 979	 3.78	 0.00200
20.29900	 2222.00	 981	 3.23	 0.00200
20.32400	 2223.00	 981	 3.23	 0.00200
20.34900	 2224.00	 981	 3.23	 0.00300
20.37400	 2225.00	 982	 2.96	 0.00200
20.39900	 2226.00	 982	 2.96	 0.00200
20.42400	 2227.00	 982	 2.96	 0.00200
20.44900	 2228.00	 982	 2.96	 0.00200
20.47400	 2229.00	 982	 2.96	 0.00200
20.49900	 2230.00	 982	 2.96	 0.00200
20.52400	 2231.00	 982	 2.96	 0.00200
20.54900	 2232.00	 982	 2.96	 0.00200
20.57400	 2233.00	 982	 2.96	 0.00200
20.59900	 2234.00	 983	 2.68	 0.00200
20.62400	 2235.00	 983	 2.68	 0.00200
20.64900	 2236.00	 984	 2.41	 0.00300
20.67400	 2237.00	 983	 2.68	 0.00200
20.69900	 2238.00	 983	 2.68	 0.00200
20.72400	 2239.00	 984	 2.41	 0.00200
20.74900	 2240.00	 983	 2.68	 0.00200
20.77400	 2241.00	 984	 2.41	 0.00200
20.79900	 2242.00	 984	 2.41	 0.00200
20.82400	 2243.00	 984	 2.41	 0.00200
20.84900	 2244.00	 984	 2.41	 0.00200
20.87400	 2245.00	 984	 2.41	 0.00200
20.89900	 2246.00	 985	 2.13	 0.00200
20.92400	 2247.00	 984	 2.41	 0.00200
20.95000	 2248.00	 984	 2.41	 0.00200
20.97500	 2249.00	 984	 2.41	 0.00200
21.00000	 2250.00	 984	 2.41	 0.00200
21.02500	 2251.00	 985	 2.13	 0.00200
21.05000	 2252.00	 985	 2.13	 0.00200
21.07500	 2253.00	 984	 2.41	 0.00300
21.10000	 2254.00	 985	 2.13	 0.00200
21.12500	 2255.00	 985	 2.13	 0.00200
21.15000	 2256.00	 985	 2.13	 0.00200
21.17500	 2257.00	 984	 2.41	 0.00200
21.20000	 2258.00	 985	 2.13	 0.00200
21.22500	 2259.00	 983	 2.68	 0.00200
21.25000	 2260.00	 985	 2.13	 0.00200
21.27500	 2261.00	 985	 2.13	 0.00200
21.30000	 2262.00	 985	 2.13	 0.00200
21.32500	 2263.00	 985	 2.13	 0.00200
21.35000	 2264.00	 985	 2.13	 0.00200
21.37600	 2265.00	 986	 1.86	 0.00200
21.40100	 2266.00	 985	 2.13	 0.00200
21.42600	 2267.00	 985	 2.13	 0.00200
21.45100	 2268.00	 986	 1.86	 0.00200
21.47600	 2269.00	 985	 2.13	 0.00200
21.50100	 2270.00	 991	 0.48	 0.00300
21.52600	 2271.00	 986	 1.86	 0.00200
21.55100	 2272.00	 984	 2.41	 0.00200
21.57600	 2273.00	 986	 1.86	 0.00200
21.60100	 2274.00	 986	 1.86	 0.00200
21.62600	 2275.00	 986	 1.86	 0.00200
21.65100	 2276.00	 986	 1.86	 0.00200
21.67600	 2277.00	 986	 1.86	 0.00200
21.70100	 2278.00	 986	 1.86	 0.00200
21.72600	 2279.00	 986	 1.86	 0.00200
21.75100	 2280.00	 987	 1.58	 0.00200
21.77600	 2281.00	 987	 1.58	 0.00200
21.80100	 2282.00	 987	 1.58	 0.00300
21.82600	 2283.00	 987	 1.58	 0.00200
21.85100	 2284.00	 987	 1.58	 0.00200
21.87600	 2285.00	 987	 1.58	 0.00200
21.90100	 2286.00	 987	 1.58	 0.00200
21.92600	 2287.00	 987	 1.58	 0.00200
21.95100	 2288.00	 987	 1.58	 0.00200
21.97600	 2289.00	 988	 1.31	 0.00200
22.00100	 2290.00	 988	 1.31	 0.00200
22.02600	 2291.00	 988	 1.31	 0.00200
22.05100	 2292.00	 988	 1.31	 0.00200
22.07600	 2293.00	 988	 1.31	 0.00200
22.10200	 2294.00	 989	 1.03	 0.00200
22.12700	 2295.00	 988	 1.31	 0.00200
22.15200	 2296.00	 988	 1.31	 0.00200
22.17700	 2297.00	 989	 1.03	 0.00200
22.20200	 2298.00	 967	 7.09	 0.00200
22.22700	 2299.00	 989	 1.03	 0.00300
22.25200	 2300.00	 989	 1.03	 0.00200
22.27700	 2301.00	 989	 1.03	 0.00200
22.30200	 2302.00	 933	 16.44	 0.00200
22.32700	 2303.00	 989	 1.03	 0.00200
22.35200	 2304.00	 989	 1.03	 0.00200
22.37700	 2305.00	 989	 1.03	 0.00200
22.40200	 2306.00	 989	 1.03	 0.00200
22.42700	 2307.00	 989	 1.03	 0.00200
22.45200	 2308.00	 990	 0.76	 0.00200
22.47700	 2309.00	 989	 1.03	 0.00200
22.50200	 2310.00	 991	 0.48	 0.00200
22.52800	 2311.00	 990	 0.76	 0.00200
22.55300	 2312.00	 989	 1.03	 0.00200
22.57800	 2313.00	 990	 0.76	 0.00200
22.60300	 2314.00	 990	 0.76	 0.00200
22.62800	 2315.00	 990	 0.76	 0.00200
22.65300	 2316.00	 990	 0.76	 0.00300
22.67800	 2317.00	 990	 0.76	 0.00200
22.70300	 2318.00	 990	 0.76	 0.00200
22.72800	 2319.00	 991	 0.48	 0.00200
22.75300	 2320.00	 990	 0.76	 0.00200
22.77800	 2321.00	 990	 0.76	 0.00200
22.80300	 2322.00	 929	 17.54	 0.00200
22.82800	 2323.00	 989	 1.03	 0.00200
22.85300	 2324.00	 990	 0.76	 0.00200
22.87800	 2325.00	 991	 0.48	 0.00200
22.90300	 2326.00	 991	 0.48	 0.00200
22.92800	 2327.00	 991	 0.48	 0.00200
22.95300	 2328.00	 991	 0.48	 0.00300
22.97800	 2329.00	 992	 0.21	 0.00200
23.00300	 2330.00	 931	 16.99	 0.00200
23.02800	 2331.00	 991	 0.48	 0.00200
23.05300	 2332.00	 992	 0.21	 0.00200
23.07800	 2333.00	 991	 0.48	 0.00200
23.10300	 2334.00	 990	 0.76	 0.00200
23.12800	 2335.00	 992	 0.21	 0.00200
23.15300	 2336.00	 992	 0.21	 0.00200
23.17800	 2337.00	 992	 0.21	 0.00200
23.20300	 2338.00	 992	 0.21	 0.00200
23.22800	 2339.00	 992	 0.21	 0.00200
23.25400	 2340.00	 992	 0.21	 0.00200
23.27900	 2341.00	 992	 0.21	 0.00200
23.30400	 2342.00	 991	 0.48	 0.00200
23.32900	 2343.00	 992	 0.21	 0.00200
23.35400	 2344.00	 992	 0.21	 0.00200
23.37900	 2345.00	 992	 0.21	 0.00300
23.40400	 2346.00	 992	 0.21	 0.00200
23.42900	 2347.00	 992	 0.21	 0.00200
23.45400	 2348.00	 992	 0.21	 0.00200
23.47900	 2349.00	 992	 0.21	 0.00200
23.50400	 2350.00	 991	 0.48	 0.00200
23.52900	 2350.00	 993	 -0.07	 0.00200
23.55400	 2349.00	 992	 0.21	 0.00200
23.57900	 2348.00	 992	 0.21	 0.00200
23.60400	 2347.00	 931	 16.99	 0.00200
23.62900	 2346.00	 992	 0.21	 0.00200
23.65400	 2345.00	 992	 0.21	 0.00200
23.68000	 2344.00	 992	 0.21	 0.00200
23.70500	 2343.00	 992	 0.21	 0.00200
23.73000	 2342.00	 992	 0.21	 0.00200
23.75500	 2341.00	 992	 0.21	 0.00200
23.78000	 2340.00	 992	 0.21	 0.00200
23.80500	 2339.00	 992	 0.21	 0.00300
23.83000	 2338.00	 992	 0.21	 0.00200
23.85500	 2337.00	 992	 0.21	 0.00200
23.88000	 2336.00	 993	 -0.07	 0.00200
23.90500	 2335.00	 992	 0.21	 0.00200
23.93000	 2334.00	 992	 0.21	 0.00200
23.95500	 2333.00	 992	 0.21	 0.00200
23.98000	 2332.00	 992	 0.21	 0.00200
24.00500	 2331.00	 992	 0.21	 0.00200
24.03000	 2330.00	 992	 0.21	 0.00200
24.05500	 2329.00	 992	 0.21	 0.00200
24.08000	 2328.00	 992	 0.21	 0.00200
24.10500	 2327.00	 992	 0.21	 0.00300
24.13000	 2326.00	 992	 0.21	 0.00200
24.15500	 2325.00	 992	 0.21	 0.00200
24.18000	 2324.00	 992	 0.21	 0.00200
24.20500	 2323.00	 992	 0.21	 0.00200
24.23000	 2322.00	 992	 0.21	 0.00200
24.25500	 2321.00	 992	 0.21	 0.00200
24.28000	 2320.00	 992	 0.21	 0.00200
24.30500	 2319.00	 992	 0.21	 0.00200
24.33000	 2318.00	 992	 0.21	 0.00200
24.35500	 2317.00	 992	 0.21	 0.00200
24.38000	 2316.00	 992	 0.21	 0.00200
24.40600	 2315.00	 991	 0.48	 0.00200
24.43100	 2314.00	 991	 0.48	 0.00200
24.45600	 2313.00	 991	 0.48	 0.00200
24.48100	 2312.00	 991	 0.48	 0.00200
24.50600	 2311.00	 991	 0.48	 0.00200
24.53100	 2310.00	 991	 0.48	 0.00300
24.55600	 2309.00	 991	 0.48	 0.00200
24.58100	 2308.00	 989	 1.03	 0.00200
24.60600	 2307.00	 990	 0.76	 0.00200
24.63100	 2306.00	 990	 0.76	 0.00200
24.65600	 2305.00	 989	 1.03	 0.00200
24.68100	 2304.00	 990	 0.76	 0.00200
24.70600	 2303.00	 990	 0.76	 0.00200
24.73100	 2302.00	 990	 0.76	 0.00200
24.75600	 2301.00	 990	 0.76	 0.00200
24.78100	 2300.00	 990	 0.76	 0.00200
24.80600	 2299.00	 990	 0.76	 0.00200
24.83200	 2298.00	 990	 0.76	 0.00200
24.85700	 2297.00	 989	 1.03	 0.00200
24.88200	 2296.00	 990	 0.76	 0.00200
24.90700	 2295.00	 989	 1.03	 0.00200
24.93200	 2294.00	 990	 0.76	 0.00200
24.95700	 2293.00	 989	 1.03	 0.00300
24.98200	 2292.00	 989	 1.03	 0.00200
25.00700	 2291.00	 989	 1.03	 0.00200
25.03200	 2290.00	 989	 1.03	 0.00200
25.05700	 2289.00	 989	 1.03	 0.00200
25.08200	 2288.00	 989	 1.03	 0.00200
25.10700	 2287.00	 989	 1.03	 0.00200
25.13200	 2286.00	 989	 1.03	 0.00200
25.15700	 2285.00	 989	 1.03	 0.00200
25.18200	 2284.00	 989	 1.03	 0.00200
25.20700	 2283.00	 987	 1.58	 0.00200
25.23200	 2282.00	 988	 1.31	 0.00200
25.25700	 2281.00	 988	 1.31	 0.00300
25.28200	 2280.00	 989	 1.03	 0.00200
25.30700	 2279.00	 988	 1.31	 0.00200
25.33200	 2278.00	 987	 1.58	 0.00200
25.35700	 2277.00	 987	 1.58	 0.00200
25.38200	 2276.00	 987	 1.58	 0.00200
25.40700	 2275.00	 987	 1.58	 0.00200
25.43200	 2274.00	 987	 1.58	 0.00200
25.45700	 2273.00	 987	 1.58	 0.00200
25.48200	 2272.00	 987	 1.58	 0.00200
25.50700	 2271.00	 987	 1.58	 0.00200
25.53200	 2270.00	 986	 1.86	 0.00200
25.55800	 2269.00	 986	 1.86	 0.00200
25.58300	 2268.00	 943	 13.69	 0.00200
25.60800	 2267.00	 986	 1.86	 0.00200
25.63300	 2266.00	 986	 1.86	 0.00200
25.65800	 2265.00	 986	 1.86	 0.00200
25.68300	 2264.00	 925	 18.64	 0.00300
25.70800	 2263.00	 986	 1.86	 0.00200
25.73300	 2262.00	 986	 1.86	 0.00200
25.75800	 2261.00	 986	 1.86	 0.00200
25.78300	 2260.00	 985	 2.13	 0.00200
25.80800	 2259.00	 985	 2.13	 0.00200
25.83300	 2258.00	 985	 2.13	 0.00200
25.85800	 2257.00	 985	 2.13	 0.00200
25.88300	 2256.00	 985	 2.13	 0.00200
25.90800	 2255.00	 985	 2.13	 0.00200
25.93300	 2254.00	 985	 2.13	 0.00200
25.95800	 2253.00	 985	 2.13	 0.00200
25.98400	 2252.00	 924	 18.91	 0.00200
26.00900	 2251.00	 985	 2.13	 0.00200
26.03400	 2250.00	 985	 2.13	 0.00200
26.05900	 2249.00	 985	 2.13	 0.00200
26.08400	 2248.00	 984	 2.41	 0.00200
26.10900	 2247.00	 985	 2.13	 0.00300
26.13400	 2246.00	 984	 2.41	 0.00200
26.15900	 2245.00	 985	 2.13	 0.00200
26.18400	 2244.00	 984	 2.41	 0.00200
26.20900	 2243.00	 984	 2.41	 0.00200
26.23400	 2242.00	 984	 2.41	 0.00200
26.25900	 2241.00	 984	 2.41	 0.00200
26.28400	 2240.00	 984	 2.41	 0.00200
26.30900	 2239.00	 984	 2.41	 0.00200
26.33400	 2238.00	 984	 2.41	 0.00200
26.35900	 2237.00	 984	 2.41	 0.00200
26.38400	 2236.00	 923	 19.19	 0.00200
26.40900	 2235.00	 984	 2.41	 0.00300
26.43400	 2234.00	 983	 2.68	 0.00200
26.45900	 2233.00	 983	 2.68	 0.00200
26.48400	 2232.00	 983	 2.68	 0.00200
26.50900	 2231.00	 984	 2.41	 0.00200
26.53400	 2230.00	 983	 2.68	 0.00200
26.55900	 2229.00	 983	 2.68	 0.00200
26.58400	 2228.00	 983	 2.68	 0.00200
26.60900	 2227.00	 983	 2.68	 0.00200
26.63400	 2226.00	 982	 2.96	 0.00200
26.65900	 2225.00	 982	 2.96	 0.00200
26.68400	 2224.00	 921	 19.74	 0.00200
26.71000	 2223.00	 981	 3.23	 0.00200
26.73500	 2222.00	 981	 3.23	 0.00200
26.76000	 2221.00	 981	 3.23	 0.00200
26.78500	 2220.00	 980	 3.51	 0.00200
26.81000	 2219.00	 981	 3.23	 0.00200
26.83500	 2218.00	 980	 3.51	 0.00300
26.86000	 2217.00	 981	 3.23	 0.00200
26.88500	 2216.00	 981	 3.23	 0.00200
26.91000	 2215.00	 981	 3.23	 0.00200
26.93500	 2214.00	 981	 3.23	 0.00200
26.96000	 2213.00	 980	 3.51	 0.00200
26.98500	 2212.00	 896	 26.62	 0.00200
27.01000	 2211.00	 980	 3.51	 0.00200
27.03500	 2210.00	 980	 3.51	 0.00200
27.06000	 2209.00	 980	 3.51	 0.00200
27.08500	 2208.00	 977	 4.33	 0.00200
27.11000	 2207.00	 981	 3.23	 0.00200
27.13600	 2206.00	 980	 3.51	 0.00200
27.16100	 2205.00	 980	 3.51	 0.00200
27.18600	 2204.00	 980	 3.51	 0.00200
27.21100	 2203.00	 979	 3.78	 0.00200
27.23600	 2202.00	 979	 3.78	 0.00200
27.26100	 2201.00	 979	 3.78	 0.00300
27.28600	 2200.00	 979	 3.78	 0.00200
27.31100	 2199.00	 979	 3.78	 0.00200
27.33600	 2198.00	 979	 3.78	 0.00200
27.36100	 2197.00	 978	 4.06	 0.00200
27.38600	 2196.00	 978	 4.06	 0.00200
27.41100	 2195.00	 979	 3.78	 0.00200
27.43600	 2194.00	 977	 4.33	 0.00200
27.46100	 2193.00	 978	 4.06	 0.00200
27.48600	 2192.00	 978	 4.06	 0.00200
27.51100	 2191.00	 978	 4.06	 0.00200
27.53600	 2190.00	 978	 4.06	 0.00200
27.56100	 2189.00	 978	 4.06	 0.00300
27.58600	 2188.00	 977	 4.33	 0.00200
27.61100	 2187.00	 977	 4.33	 0.00200
27.63600	 2186.00	 975	 4.88	 0.00200
27.66100	 2185.00	 976	 4.61	 0.00200
27.68600	 2184.00	 976	 4.61	 0.00200
27.71100	 2183.00	 976	 4.61	 0.00200
27.73600	 2182.00	 976	 4.61	 0.00200
27.76100	 2181.00	 976	 4.61	 0.00200
27.78600	 2180.00	 975	 4.88	 0.00200
27.81100	 2179.00	 976	 4.61	 0.00200
27.83600	 2178.00	 975	 4.88	 0.00200
27.86200	 2177.00	 976	 4.61	 0.00200
27.88700	 2176.00	 975	 4.88	 0.00200
27.91200	 2175.00	 975	 4.88	 0.00200
27.93700	 2174.00	 975	 4.88	 0.00200
27.96200	 2173.00	 975	 4.88	 0.00200
27.98700	 2172.00	 975	 4.88	 0.00300
28.01200	 2171.00	 974	 5.16	 0.00200
28.03700	 2170.00	 974	 5.16	 0.00200
28.06200	 2169.00	 974	 5.16	 0.00200
28.08700	 2168.00	 974	 5.16	 0.00200
28.11200	 2167.00	 974	 5.16	 0.00200
28.13700	 2166.00	 974	 5.16	 0.00200
28.16200	 2165.00	 974	 5.16	 0.00200
28.18700	 2164.00	 974	 5.16	 0.00200
28.21200	 2163.00	 974	 5.16	 0.00200
28.23700	 2162.00	 974	 5.16	 0.00200
28.26200	 2161.00	 973	 5.43	 0.00200
28.28800	 2160.00	 973	 5.43	 0.00200
28.31300	 2159.00	 973	 5.43	 0.00200
28.33800	 2158.00	 973	 5.43	 0.00200
28.36300	 2157.00	 973	 5.43	 0.00200
28.38800	 2156.00	 973	 5.43	 0.00200
28.41300	 2155.00	 972	 5.71	 0.00300
28.43800	 2154.00	 972	 5.71	 0.00200
28.46300	 2153.00	 972	 5.71	 0.00200
28.48800	 2152.00	 972	 5.71	 0.00200
28.51300	 2151.00	 971	 5.98	 0.00200
28.53800	 2150.00	 972	 5.71	 0.00200
28.56300	 2149.00	 972	 5.71	 0.00200
28.58800	 2148.00	 972	 5.71	 0.00200
28.61300	 2147.00	 971	 5.98	 0.00200
28.63800	 2146.00	 972	 5.71	 0.00200
28.66300	 2145.00	 971	 5.98	 0.00200
28.68800	 2144.00	 971	 5.98	 0.00200
28.71300	 2143.00	 971	 5.98	 0.00300
28.73800	 2142.00	 971	 5.98	 0.00200
28.76300	 2141.00	 971	 5.98	 0.00200
28.78800	 2140.00	 971	 5.98	 0.00200
28.81300	 2139.00	 970	 6.26	 0.00200
28.83800	 2138.00	 970	 6.26	 0.00200
28.86300	 2137.00	 970	 6.26	 0.00200
28.88800	 2136.00	 970	 6.26	 0.00200
28.91300	 2135.00	 970	 6.26	 0.00200
28.93800	 2134.00	 970	 6.26	 0.00200
28.96300	 2133.00	 970	 6.26	 0.00200
28.98800	 2132.00	 970	 6.26	 0.00200
29.01400	 2131.00	 969	 6.54	 0.00200
29.03900	 2130.00	 969	 6.54	 0.00200
29.06400	 2129.00	 969	 6.54	 0.00200
29.08900	 2128.00	 969	 6.54	 0.00200
29.11400	 2127.00	 969	 6.54	 0.00200
29.13900	 2126.00	 969	 6.54	 0.00300
29.16400	 2125.00	 969	 6.54	 0.00200
29.18900	 2124.00	 968	 6.81	 0.00200
29.21400	 2123.00	 968	 6.81	 0.00200
29.23900	 2122.00	 967	 7.09	 0.00200
29.26400	 2121.00	 967	 7.09	 0.00200
29.28900	 2120.00	 967	 7.09	 0.00200
29.31400	 2119.00	 967	 7.09	 0.00200
29.33900	 2118.00	 967	 7.09	 0.00200
29.36400	 2117.00	 967	 7.09	 0.00200
29.38900	 2116.00	 966	 7.36	 0.00200
29.41400	 2115.00	 967	 7.09	 0.00200
29.44000	 2114.00	 966	 7.36	 0.00200
29.46500	 2113.00	 965	 7.64	 0.00200
29.49000	 2112.00	 966	 7.36	 0.00200
29.51500	 2111.00	 966	 7.36	 0.00200
29.54000	 2110.00	 966	 7.36	 0.00200
29.56500	 2109.00	 907	 23.59	 0.00300
29.59000	 2108.00	 965	 7.64	 0.00200
29.61500	 2107.00	 965	 7.64	 0.00200
29.64000	 2106.00	 965	 7.64	 0.00200
29.66500	 2105.00	 905	 24.14	 0.00200
29.69000	 2104.00	 965	 7.64	 0.00200
29.71500	 2103.00	 965	 7.64	 0.00200
29.74000	 2102.00	 964	 7.91	 0.00200
29.76500	 2101.00	 904	 24.42	 0.00200
29.79000	 2100.00	 964	 7.91	 0.00200
29.81500	 2099.00	 964	 7.91	 0.00200
29.84000	 2098.00	 964	 7.91	 0.00200
29.86500	 2097.00	 906	 23.87	 0.00300
29.89000	 2096.00	 964	 7.91	 0.00200
29.91500	 2095.00	 963	 8.19	 0.00200
29.94000	 2094.00	 964	 7.91	 0.00200
29.96500	 2093.00	 904	 24.42	 0.00200
29.99000	 2092.00	 963	 8.19	 0.00200
30.01500	 2091.00	 963	 8.19	 0.00200
30.04000	 2090.00	 963	 8.19	 0.00200
30.06500	 2089.00	 963	 8.19	 0.00200
30.09000	 2088.00	 963	 8.19	 0.00200
30.11500	 2087.00	 962	 8.46	 0.00200
30.14000	 2086.00	 962	 8.46	 0.00200
30.16600	 2085.00	 903	 24.69	 0.00200
30.19100	 2084.00	 962	 8.46	 0.00200
30.21600	 2083.00	 962	 8.46	 0.00200
30.24100	 2082.00	 962	 8.46	 0.00200
30.26600	 2081.00	 961	 8.74	 0.00200
30.29100	 2080.00	 961	 8.74	 0.00300
30.31600	 2079.00	 961	 8.74	 0.00200
30.34100	 2078.00	 961	 8.74	 0.00200
30.36600	 2077.00	 957	 9.84	 0.00200
30.39100	 2076.00	 960	 9.01	 0.00200
30.41600	 2075.00	 960	 9.01	 0.00200
30.44100	 2074.00	 960	 9.01	 0.00200
30.46600	 2073.00	 901	 25.24	 0.00200
30.49100	 2072.00	 960	 9.01	 0.00200
30.51600	 2071.00	 960	 9.01	 0.00200
30.54100	 2070.00	 959	 9.29	 0.00200
30.56600	 2069.00	 959	 9.29	 0.00200
30.59200	 2068.00	 959	 9.29	 0.00200
30.61700	 2067.00	 959	 9.29	 0.00200
30.64200	 2066.00	 959	 9.29	 0.00200
30.66700	 2065.00	 959	 9.29	 0.00200
30.69200	 2064.00	 959	 9.29	 0.00200
30.71700	 2063.00	 959	 9.29	 0.00300
30.74200	 2062.00	 958	 9.56	 0.00200
30.76700	 2061.00	 958	 9.56	 0.00200
30.79200	 2060.00	 958	 9.56	 0.00200
30.81700	 2059.00	 958	 9.56	 0.00200
30.84200	 2058.00	 958	 9.56	 0.00200
30.86700	 2057.00	 957	 9.84	 0.00200
30.89200	 2056.00	 957	 9.84	 0.00200
30.91700	 2055.00	 956	 10.11	 0.00200
30.94200	 2054.00	 957	 9.84	 0.00200
30.96700	 2053.00	 957	 9.84	 0.00200
30.99200	 2052.00	 957	 9.84	 0.00200
31.01700	 2051.00	 957	 9.84	 0.00300
31.04200	 2050.00	 956	 10.11	 0.00200
31.06700	 2049.00	 956	 10.11	 0.00200
31.09200	 2048.00	 956	 10.11	 0.00200
31.11700	 2047.00	 955	 10.39	 0.00200
31.14200	 2046.00	 955	 10.39	 0.00200
31.16700	 2045.00	 955	 10.39	 0.00200
31.19200	 2044.00	 954	 10.66	 0.00200
31.21700	 2043.00	 955	 10.39	 0.00200
31.24200	 2042.00	 955	 10.39	 0.00200
31.26700	 2041.00	 954	 10.66	 0.00200
31.29200	 2040.00	 954	 10.66	 0.00200
31.31800	 2039.00	 954	 10.66	 0.00200
31.34300	 2038.00	 954	 10.66	 0.00200
31.36800	 2037.00	 953	 10.94	 0.00200
31.39300	 2036.00	 954	 10.66	 0.00200
31.41800	 2035.00	 953	 10.94	 0.00200
31.44300	 2034.00	 954	 10.66	 0.00300
31.46800	 2033.00	 953	 10.94	 0.00200
31.49300	 2032.00	 953	 10.94	 0.00200
31.51800	 2031.00	 953	 10.94	 0.00200
31.54300	 2030.00	 953	 10.94	 0.00200
31.56800	 2029.00	 953	 10.94	 0.00200
31.59300	 2028.00	 952	 11.21	 0.00200
31.61800	 2027.00	 952	 11.21	 0.00200
31.64300	 2026.00	 952	 11.21	 0.00200
31.66800	 2025.00	 952	 11.21	 0.00200
31.69300	 2024.00	 951	 11.49	 0.00200
31.71800	 2023.00	 951	 11.49	 0.00200
31.74400	 2022.00	 951	 11.49	 0.00200
31.76900	 2021.00	 951	 11.49	 0.00200
31.79400	 2020.00	 951	 11.49	 0.00200
31.81900	 2019.00	 949	 12.04	 0.00200
31.84400	 2018.00	 950	 11.76	 0.00200
31.86900	 2017.00	 949	 12.04	 0.00300
31.89400	 2016.00	 950	 11.76	 0.00200
31.91900	 2015.00	 949	 12.04	 0.00200
31.94400	 2014.00	 950	 11.76	 0.00200
31.96900	 2013.00	 950	 11.76	 0.00200
31.99400	 2012.00	 949	 12.04	 0.00200
32.01900	 2011.00	 949	 12.04	 0.00200
32.04400	 2010.00	 949	 12.04	 0.00200
32.06900	 2009.00	 949	 12.04	 0.00200
32.09400	 2008.00	 949	 12.04	 0.00200
32.11900	 2007.00	 949	 12.04	 0.00200
32.14400	 2006.00	 948	 12.31	 0.00200
32.16900	 2005.00	 948	 12.31	 0.00300
32.19400	 2004.00	 948	 12.31	 0.00200
32.21900	 2003.00	 948	 12.31	 0.00200
32.24400	 2002.00	 948	 12.31	 0.00200
32.26900	 2001.00	 947	 12.59	 0.00200
32.29400	 2000.00	 947	 12.59	 0.00200
32.31900	 1999.00	 947	 12.59	 0.00200
32.34400	 1998.00	 947	 12.59	 0.00200
32.36900	 1997.00	 947	 12.59	 0.00200
32.39400	 1996.00	 946	 12.86	 0.00200
32.41900	 1995.00	 946	 12.86	 0.00200
32.44400	 1994.00	 947	 12.59	 0.00200
32.47000	 1993.00	 946	 12.86	 0.00200
32.49500	 1992.00	 946	 12.86	 0.00200
32.52000	 1991.00	 945	 13.14	 0.00200
32.54500	 1990.00	 945	 13.14	 0.00200
32.57000	 1989.00	 945	 13.14	 0.00200
32.59500	 1988.00	 945	 13.14	 0.00300
32.62000	 1987.00	 945	 13.14	 0.00200
32.64500	 1986.00	 944	 13.41	 0.00200
32.67000	 1985.00	 944	 13.41	 0.00200
32.69500	 1984.00	 944	 13.41	 0.00200
32.72000	 1983.00	 944	 13.41	 0.00200
32.74500	 1982.00	 935	 15.89	 0.00200
32.77000	 1981.00	 943	 13.69	 0.00200
32.79500	 1980.00	 943	 13.69	 0.00200
32.82000	 1979.00	 942	 13.96	 0.00200
32.84500	 1978.00	 942	 13.96	 0.00200
32.87000	 1977.00	 942	 13.96	 0.00200
32.89600	 1976.00	 942	 13.96	 0.00200
32.92100	 1975.00	 941	 14.24	 0.00200
32.94600	 1974.00	 884	 29.92	 0.00200
32.97100	 1973.00	 942	 13.96	 0.00200
32.99600	 1972.00	 941	 14.24	 0.00200
33.02100	 1971.00	 940	 14.51	 0.00300
33.04600	 1970.00	 940	 14.51	 0.00200
33.07100	 1969.00	 940	 14.51	 0.00200
33.09600	 1968.00	 939	 14.79	 0.00200
33.12100	 1967.00	 940	 14.51	 0.00200
33.14600	 1966.00	 882	 30.47	 0.00200
33.17100	 1965.00	 939	 14.79	 0.00200
33.19600	 1964.00	 939	 14.79	 0.00200
33.22100	 1963.00	 938	 15.06	 0.00200
33.24600	 1962.00	 939	 14.79	 0.00200
33.27100	 1961.00	 939	 14.79	 0.00200
33.29600	 1960.00	 938	 15.06	 0.00200
33.32100	 1959.00	 938	 15.06	 0.00300
33.34600	 1958.00	 936	 15.61	 0.00200
33.37100	 1957.00	 937	 15.34	 0.00200
33.39600	 1956.00	 937	 15.34	 0.00200
33.42100	 1955.00	 937	 15.34	 0.00200
33.44600	 1954.00	 937	 15.34	 0.00200
33.47100	 1953.00	 936	 15.61	 0.00200
33.49600	 1952.00	 935	 15.89	 0.00200
33.52100	 1951.00	 936	 15.61	 0.00200
33.54600	 1950.00	 879	 31.29	 0.00200
33.57100	 1949.00	 936	 15.61	 0.00200
33.59600	 1948.00	 935	 15.89	 0.00200
33.62200	 1947.00	 935	 15.89	 0.00200
33.64700	 1946.00	 931	 16.99	 0.00200
33.67200	 1945.00	 935	 15.89	 0.00200
33.69700	 1944.00	 935	 15.89	 0.00200
33.72200	 1943.00	 935	 15.89	 0.00200
33.74700	 1942.00	 934	 16.16	 0.00300
33.77200	 1941.00	 934	 16.16	 0.00200
33.79700	 1940.00	 935	 15.89	 0.00200
33.82200	 1939.00	 934	 16.16	 0.00200
33.84700	 1938.00	 934	 16.16	 0.00200
33.87200	 1937.00	 933	 16.44	 0.00200
33.89700	 1936.00	 934	 16.16	 0.00200
33.92200	 1935.00	 933	 16.44	 0.00200
33.94700	 1934.00	 933	 16.44	 0.00200
33.97200	 1933.00	 931	 16.99	 0.00200
33.99700	 1932.00	 932	 16.71	 0.00200
34.02200	 1931.00	 932	 16.71	 0.00200
34.04800	 1930.00	 932	 16.71	 0.00200
34.07300	 1929.00	 931	 16.99	 0.00200
34.09800	 1928.00	 932	 16.71	 0.00200
34.12300	 1927.00	 931	 16.99	 0.00200
34.14800	 1926.00	 931	 16.99	 0.00200
34.17300	 1925.00	 930	 17.26	 0.00300
34.19800	 1924.00	 930	 17.26	 0.00200
34.22300	 1923.00	 930	 17.26	 0.00200
34.24800	 1922.00	 930	 17.26	 0.00200
34.27300	 1921.00	 930	 17.26	 0.00200
34.29800	 1920.00	 929	 17.54	 0.00200
34.32300	 1919.00	 929	 17.54	 0.00200
34.34800	 1918.00	 929	 17.54	 0.00200
34.37300	 1917.00	 929	 17.54	 0.00200
34.39800	 1916.00	 929	 17.54	 0.00200
34.42300	 1915.00	 929	 17.54	 0.00200
34.44800	 1914.00	 928	 17.81	 0.00200
34.47300	 1913.00	 929	 17.54	 0.00300
34.49800	 1912.00	 928	 17.81	 0.00200
34.52300	 1911.00	 928	 17.81	 0.00200
34.54800	 1910.00	 928	 17.81	 0.00200
34.57300	 1909.00	 928	 17.81	 0.00200
34.59800	 1908.00	 928	 17.81	 0.00200
34.62300	 1907.00	 927	 18.09	 0.00200
34.64800	 1906.00	 927	 18.09	 0.00200
34.67300	 1905.00	 927	 18.09	 0.00200
34.69800	 1904.00	 926	 18.36	 0.00200
34.72300	 1903.00	 926	 18.36	 0.00200
34.74800	 1902.00	 926	 18.36	 0.00200
34.77400	 1901.00	 925	 18.64	 0.00200
34.79900	 1900.00	 925	 18.64	 0.00200
34.82400	 1899.00	 924	 18.91	 0.00200
34.84900	 1898.00	 924	 18.91	 0.00200
34.87400	 1897.00	 923	 19.19	 0.00200
34.89900	 1896.00	 923	 19.19	 0.00300
34.92400	 1895.00	 924	 18.91	 0.00200
34.94900	 1894.00	 923	 19.19	 0.00200
34.97400	 1893.00	 923	 19.19	 0.00200
34.99900	 1892.00	 923	 19.19	 0.00200
35.02400	 1891.00	 923	 19.19	 0.00200
35.04900	 1890.00	 922	 19.46	 0.00200
35.07400	 1889.00	 923	 19.19	 0.00200
35.09900	 1888.00	 922	 19.46	 0.00200
35.12400	 1887.00	 923	 19.19	 0.00200
35.14900	 1886.00	 923	 19.19	 0.00200
35.17400	 1885.00	 922	 19.46	 0.00200
35.20000	 1884.00	 922	 19.46	 0.00200
35.22500	 1883.00	 922	 19.46	 0.00200
35.25000	 1882.00	 921	 19.74	 0.00200
35.27500	 1881.00	 921	 19.74	 0.00200
35.30000	 1880.00	 921	 19.74	 0.00200
35.32500	 1879.00	 920	 20.01	 0.00300
35.35000	 1878.00	 920	 20.01	 0.00200
35.37500	 1877.00	 920	 20.01	 0.00200
35.40000	 1876.00	 920	 20.01	 0.00200
35.42500	 1875.00	 920	 20.01	 0.00200
35.45000	 1874.00	 920	 20.01	 0.00200
35.47500	 1873.00	 919	 20.29	 0.00200
35.50000	 1872.00	 919	 20.29	 0.00200
35.52500	 1871.00	 919	 20.29	 0.00200
35.55000	 1870.00	 919	 20.29	 0.00200
35.57500	 1869.00	 918	 20.57	 0.00200
35.60000	 1868.00	 919	 20.29	 0.00200
35.62500	 1867.00	 918	 20.57	 0.00300
35.65000	 1866.00	 918	 20.57	 0.00200
35.67500	 1865.00	 917	 20.84	 0.00200
35.70000	 1864.00	 916	 21.12	 0.00200
35.72500	 1863.00	 917	 20.84	 0.00200
35.75000	 1862.00	 916	 21.12	 0.00200
35.77500	 1861.00	 915	 21.39	 0.00200
35.80000	 1860.00	 916	 21.12	 0.00200
35.82500	 1859.00	 916	 21.12	 0.00200
35.85000	 1858.00	 916	 21.12	 0.00200
35.87500	 1857.00	 916	 21.12	 0.00200
35.90000	 1856.00	 915	 21.39	 0.00200
35.92600	 1855.00	 915	 21.39	 0.00200
35.95100	 1854.00	 915	 21.39	 0.00200
35.97600	 1853.00	 915	 21.39	 0.00200
36.00100	 1852.00	 915	 21.39	 0.00200
36.02600	 1851.00	 914	 21.67	 0.00200
36.05100	 1850.00	 913	 21.94	 0.00300
36.07600	 1849.00	 914	 21.67	 0.00200
36.10100	 1848.00	 914	 21.67	 0.00200
36.12600	 1847.00	 914	 21.67	 0.00200
36.15100	 1846.00	 914	 21.67	 0.00200
36.17600	 1845.00	 912	 22.22	 0.00200
36.20100	 1844.00	 913	 21.94	 0.00200
36.22600	 1843.00	 913	 21.94	 0.00200
36.25100	 1842.00	 912	 22.22	 0.00200
36.27600	 1841.00	 912	 22.22	 0.00200
36.30100	 1840.00	 912	 22.22	 0.00200
36.32600	 1839.00	 912	 22.22	 0.00200
36.35200	 1838.00	 912	 22.22	 0.00200
36.37700	 1837.00	 912	 22.22	 0.00200
36.40200	 1836.00	 911	 22.49	 0.00200
36.42700	 1835.00	 858	 37.07	 0.00200
36.45200	 1834.00	 910	 22.77	 0.00200
36.47700	 1833.00	 910	 22.77	 0.00300
36.50200	 1832.00	 910	 22.77	 0.00200
36.52700	 1831.00	 856	 37.62	 0.00200
36.55200	 1830.00	 909	 23.04	 0.00200
36.57700	 1829.00	 909	 23.04	 0.00200
36.60200	 1828.00	 909	 23.04	 0.00200
36.62700	 1827.00	 909	 23.04	 0.00200
36.65200	 1826.00	 909	 23.04	 0.00200
36.67700	 1825.00	 909	 23.04	 0.00200
36.70200	 1824.00	 908	 23.32	 0.00200
36.72700	 1823.00	 908	 23.32	 0.00200
36.75200	 1822.00	 907	 23.59	 0.00200
36.77700	 1821.00	 908	 23.32	 0.00300
36.80200	 1820.00	 907	 23.59	 0.00200
36.82700	 1819.00	 907	 23.59	 0.00200
36.85200	 1818.00	 907	 23.59	 0.00200
36.87700	 1817.00	 907	 23.59	 0.00200
36.90200	 1816.00	 906	 23.87	 0.00200
36.92700	 1815.00	 906	 23.87	 0.00200
36.95200	 1814.00	 906	 23.87	 0.00200
36.97700	 1813.00	 906	 23.87	 0.00200
37.00200	 1812.00	 906	 23.87	 0.00200
37.02700	 1811.00	 905	 24.14	 0.00200
37.05200	 1810.00	 905	 24.14	 0.00200
37.07800	 1809.00	 905	 24.14	 0.00200
37.10300	 1808.00	 905	 24.14	 0.00200
37.12800	 1807.00	 903	 24.69	 0.00200
37.15300	 1806.00	 905	 24.14	 0.00200
37.17800	 1805.00	 904	 24.42	 0.00200
37.20300	 1804.00	 904	 24.42	 0.00300
37.22800	 1803.00	 904	 24.42	 0.00200
37.25300	 1802.00	 904	 24.42	 0.00200
37.27800	 1801.00	 903	 24.69	 0.00200
37.30300	 1800.00	 903	 24.69	 0.00200
37.32800	 1799.00	 901	 25.24	 0.00200
37.35300	 1798.00	 902	 24.97	 0.00200
37.37800	 1797.00	 902	 24.97	 0.00200
37.40300	 1796.00	 901	 25.24	 0.00200
37.42800	 1795.00	 849	 39.55	 0.00200
37.45300	 1794.00	 902	 24.97	 0.00200
37.47800	 1793.00	 901	 25.24	 0.00200
37.50400	 1792.00	 901	 25.24	 0.00200
37.52900	 1791.00	 900	 25.52	 0.00200
37.55400	 1790.00	 901	 25.24	 0.00200
37.57900	 1789.00	 900	 25.52	 0.00200
37.60400	 1788.00	 900	 25.52	 0.00200
37.62900	 1787.00	 899	 25.79	 0.00300
37.65400	 1786.00	 898	 26.07	 0.00200
37.67900	 1785.00	 898	 26.07	 0.00200
37.70400	 1784.00	 898	 26.07	 0.00200
37.72900	 1783.00	 898	 26.07	 0.00200
37.75400	 1782.00	 898	 26.07	 0.00200
37.77900	 1781.00	 898	 26.07	 0.00200
37.80400	 1780.00	 896	 26.62	 0.00200
37.82900	 1779.00	 897	 26.34	 0.00200
37.85400	 1778.00	 897	 26.34	 0.00200
37.87900	 1777.00	 897	 26.34	 0.00200
37.90400	 1776.00	 897	 26.34	 0.00200
37.92900	 1775.00	 897	 26.34	 0.00300
37.95400	 1774.00	 897	 26.34	 0.00200
37.97900	 1773.00	 897	 26.34	 0.00200
38.00400	 1772.00	 896	 26.62	 0.00200
38.02900	 1771.00	 896	 26.62	 0.00200
38.05400	 1770.00	 896	 26.62	 0.00200
38.07900	 1769.00	 896	 26.62	 0.00200
38.10400	 1768.00	 895	 26.89	 0.00200
38.12900	 1767.00	 895	 26.89	 0.00200
38.15400	 1766.00	 895	 26.89	 0.00200
38.17900	 1765.00	 895	 26.89	 0.00200
38.20400	 1764.00	 894	 27.17	 0.00200
38.23000	 1763.00	 894	 27.17	 0.00200
38.25500	 1762.00	 894	 27.17	 0.00200
38.28000	 1761.00	 894	 27.17	 0.00200
38.30500	 1760.00	 894	 27.17	 0.00200
38.33000	 1759.00	 893	 27.44	 0.00200
38.35500	 1758.00	 893	 27.44	 0.00300
38.38000	 1757.00	 893	 27.44	 0.00200
38.40500	 1756.00	 893	 27.44	 0.00200
38.43000	 1755.00	 893	 27.44	 0.00200
38.45500	 1754.00	 892	 27.72	 0.00200
38.48000	 1753.00	 892	 27.72	 0.00200
38.50500	 1752.00	 892	 27.72	 0.00200
38.53000	 1751.00	 891	 27.99	 0.00200
38.55500	 1750.00	 891	 27.99	 0.00200
38.58000	 1749.00	 891	 27.99	 0.00200
38.60500	 1748.00	 891	 27.99	 0.00200
38.63000	 1747.00	 891	 27.99	 0.00200
38.65600	 1746.00	 891	 27.99	 0.00200
38.68100	 1745.00	 889	 28.54	 0.00200
38.70600	 1744.00	 890	 28.27	 0.00200
38.73100	 1743.00	 889	 28.54	 0.00200
38.75600	 1742.00	 890	 28.27	 0.00200
38.78100	 1741.00	 889	 28.54	 0.00300
38.80600	 1740.00	 888	 28.82	 0.00200
38.83100	 1739.00	 888	 28.82	 0.00200
38.85600	 1738.00	 888	 28.82	 0.00200
38.88100	 1737.00	 887	 29.09	 0.00200
38.90600	 1736.00	 888	 28.82	 0.00200
38.93100	 1735.00	 887	 29.09	 0.00200
38.95600	 1734.00	 887	 29.09	 0.00200
38.98100	 1733.00	 887	 29.09	 0.00200
39.00600	 1732.00	 887	 29.09	 0.00200
39.03100	 1731.00	 886	 29.37	 0.00200
39.05600	 1730.00	 886	 29.37	 0.00200
39.08100	 1729.00	 886	 29.37	 0.00300
39.10600	 1728.00	 886	 29.37	 0.00200
39.13100	 1727.00	 885	 29.64	 0.00200
39.15600	 1726.00	 885	 29.64	 0.00200
39.18100	 1725.00	 884	 29.92	 0.00200
39.20600	 1724.00	 884	 29.92	 0.00200
39.23100	 1723.00	 884	 29.92	 0.00200
39.25600	 1722.00	 884	 29.92	 0.00200
39.28100	 1721.00	 883	 30.19	 0.00200
39.30600	 1720.00	 884	 29.92	 0.00200
39.33100	 1719.00	 883	 30.19	 0.00200
39.35600	 1718.00	 883	 30.19	 0.00200
39.38200	 1717.00	 883	 30.19	 0.00200
39.40700	 1716.00	 883	 30.19	 0.00200
39.43200	 1715.00	 883	 30.19	 0.00200
39.45700	 1714.00	 883	 30.19	 0.00200
39.48200	 1713.00	 883	 30.19	 0.00200
39.50700	 1712.00	 883	 30.19	 0.00300
39.53200	 1711.00	 882	 30.47	 0.00200
39.55700	 1710.00	 882	 30.47	 0.00200
39.58200	 1709.00	 882	 30.47	 0.00200
39.60700	 1708.00	 882	 30.47	 0.00200
39.63200	 1707.00	 881	 30.74	 0.00200
39.65700	 1706.00	 881	 30.74	 0.00200
39.68200	 1705.00	 881	 30.74	 0.00200
39.70700	 1704.00	 880	 31.02	 0.00200
39.73200	 1703.00	 880	 31.02	 0.00200
39.75700	 1702.00	 880	 31.02	 0.00200
39.78200	 1701.00	 880	 31.02	 0.00200
39.80800	 1700.00	 879	 31.29	 0.00200
39.83300	 1699.00	 879	 31.29	 0.00200
39.85800	 1698.00	 879	 31.29	 0.00200
39.88300	 1697.00	 879	 31.29	 0.00200
39.90800	 1696.00	 879	 31.29	 0.00200
39.93300	 1695.00	 878	 31.57	 0.00300
39.95800	 1694.00	 877	 31.84	 0.00200
39.98300	 1693.00	 878	 31.57	 0.00200
40.00800	 1692.00	 878	 31.57	 0.00200
40.03300	 1691.00	 877	 31.84	 0.00200
40.05800	 1690.00	 877	 31.84	 0.00200
40.08300	 1689.00	 877	 31.84	 0.00200
40.10800	 1688.00	 877	 31.84	 0.00200
40.13300	 1687.00	 877	 31.84	 0.00200
40.15800	 1686.00	 876	 32.12	 0.00200
40.18300	 1685.00	 876	 32.12	 0.00200
40.20800	 1684.00	 876	 32.12	 0.00200
40.23300	 1683.00	 875	 32.39	 0.00300
40.25800	 1682.00	 875	 32.39	 0.00200
40.28300	 1681.00	 875	 32.39	 0.00200
40.30800	 1680.00	 874	 32.67	 0.00200
40.33300	 1679.00	 875	 32.39	 0.00200
40.35800	 1678.00	 875	 32.39	 0.00200
40.38300	 1677.00	 874	 32.67	 0.00200
40.40800	 1676.00	 874	 32.67	 0.00200
40.43300	 1675.00	 873	 32.94	 0.00200
40.45800	 1674.00	 874	 32.67	 0.00200
40.48300	 1673.00	 873	 32.94	 0.00200
40.50800	 1672.00	 873	 32.94	 0.00200
40.53400	 1671.00	 873	 32.94	 0.00200
40.55900	 1670.00	 872	 33.22	 0.00200
40.58400	 1669.00	 872	 33.22	 0.00200
40.60900	 1668.00	 871	 33.49	 0.00200
40.63400	 1667.00	 872	 33.22	 0.00200
40.65900	 1666.00	 872	 33.22	 0.00300
40.68400	 1665.00	 872	 33.22	 0.00200
40.70900	 1664.00	 871	 33.49	 0.00200
40.73400	 1663.00	 871	 33.49	 0.00200
40.75900	 1662.00	 871	 33.49	 0.00200
40.78400	 1661.00	 871	 33.49	 0.00200
40.80900	 1660.00	 800	 53.03	 0.00200
40.83400	 1659.00	 870	 33.77	 0.00200
40.85900	 1658.00	 870	 33.77	 0.00200
40.88400	 1657.00	 870	 33.77	 0.00200
40.90900	 1656.00	 869	 34.05	 0.00200
40.93400	 1655.00	 869	 34.05	 0.00200
40.96000	 1654.00	 869	 34.05	 0.00200
40.98500	 1653.00	 869	 34.05	 0.00200
41.01000	 1652.00	 867	 34.60	 0.00200
41.03500	 1651.00	 867	 34.60	 0.00200
41.06000	 1650.00	 868	 34.32	 0.00200
41.08500	 1650.00	 866	 34.87	 0.00300
41.11000	 1650.00	 866	 34.87	 0.00200
41.13500	 1650.00	 865	 35.15	 0.00200
41.16000	 1650.00	 866	 34.87	 0.00200
41.18500	 1650.00	 866	 34.87	 0.00200
41.21000	 1650.00	 865	 35.15	 0.00200
41.23500	 1650.00	 865	 35.15	 0.00200
41.26000	 1650.00	 866	 34.87	 0.00200
41.28500	 1650.00	 865	 35.15	 0.00200
41.31000	 1650.00	 865	 35.15	 0.00200
41.33500	 1650.00	 866	 34.87	 0.00200
41.36000	 1650.00	 865	 35.15	 0.00200
41.38500	 1650.00	 865	 35.15	 0.00300
41.41000	 1650.00	 865	 35.15	 0.00200
41.43500	 1650.00	 865	 35.15	 0.00200
41.46000	 1650.00	 865	 35.15	 0.00200
41.48500	 1650.00	 865	 35.15	 0.00200
41.51000	 1650.00	 864	 35.42	 0.00200
41.53500	 1650.00	 865	 35.15	 0.00200
41.56000	 1650.00	 866	 34.87	 0.00200
41.58500	 1650.00	 866	 34.87	 0.00200
41.61000	 1650.00	 865	 35.15	 0.00200
41.63500	 1650.00	 865	 35.15	 0.00200
41.66000	 1650.00	 865	 35.15	 0.00200
41.68600	 1650.00	 866	 34.87	 0.00200
41.71100	 1650.00	 866	 34.87	 0.00200
41.73600	 1650.00	 866	 34.87	 0.00200
41.76100	 1650.00	 865	 35.15	 0.00200
41.78600	 1650.00	 865	 35.15	 0.00200
41.81100	 1650.00	 865	 35.15	 0.00300
41.83600	 1650.00	 866	 34.87	 0.00200
41.86100	 1650.00	 865	 35.15	 0.00200
41.88600	 1650.00	 866	 34.87	 0.00200
41.91100	 1650.00	 865	 35.15	 0.00200
41.93600	 1650.00	 866	 34.87	 0.00200
41.96100	 1650.00	 865	 35.15	 0.00200
41.98600	 1650.00	 865	 35.15	 0.00200
42.01100	 1650.00	 865	 35.15	 0.00200
42.03600	 1650.00	 866	 34.87	 0.00200
42.06100	 1650.00	 865	 35.15	 0.00200
42.08600	 1650.00	 866	 34.87	 0.00200
42.11200	 1650.00	 865	 35.15	 0.00200
42.13700	 1650.00	 866	 34.87	 0.00200
42.16200	 1650.00	 865	 35.15	 0.00200
42.18700	 1650.00	 866	 34.87	 0.00200
42.21200	 1650.00	 865	 35.15	 0.00200
42.23700	 1650.00	 866	 34.87	 0.00300
42.26200	 1650.00	 865	 35.15	 0.00200
42.28700	 1650.00	 866	 34.87	 0.00200
42.31200	 1650.00	 865	 35.15	 0.00200
42.33700	 1650.00	 866	 34.87	 0.00200
42.36200	 1650.00	 865	 35.15	 0.00200
42.38700	 1650.00	 866	 34.87	 0.00200
42.41200	 1650.00	 866	 34.87	 0.00200
42.43700	 1650.00	 866	 34.87	 0.00200
42.46200	 1650.00	 865	 35.15	 0.00200
42.48700	 1650.00	 866	 34.87	 0.00200
42.51200	 1650.00	 865	 35.15	 0.00200
42.53700	 1650.00	 866	 34.87	 0.00300
42.56200	 1650.00	 865	 35.15	 0.00200
42.58700	 1650.00	 866	 34.87	 0.00200
42.61200	 1650.00	 865	 35.15	 0.00200
42.63700	 1650.00	 866	 34.87	 0.00200
42.66200	 1650.00	 865	 35.15	 0.00200
42.68700	 1650.00	 865	 35.15	 0.00200
42.71200	 1650.00	 865	 35.15	 0.00200
42.73700	 1650.00	 865	 35.15	 0.00200
42.76200	 1650.00	 866	 34.87	 0.00200
42.78700	 1650.00	 865	 35.15	 0.00200
42.81200	 1650.00	 865	 35.15	 0.00200
42.83800	 1650.00	 866	 34.87	 0.00200
42.86300	 1650.00	 866	 34.87	 0.00200
42.88800	 1650.00	 866	 34.87	 0.00200
42.91300	 1650.00	 866	 34.87	 0.00200
42.93800	 1650.00	 865	 35.15	 0.00200
42.96300	 1650.00	 865	 35.15	 0.00300
42.98800	 1650.00	 865	 35.15	 0.00200
43.01300	 1650.00	 865	 35.15	 0.00200
43.03800	 1650.00	 866	 34.87	 0.00200
43.06300	 1650.00	 865	 35.15	 0.00200
43.08800	 1650.00	 865	 35.15	 0.00200
43.11300	 1650.00	 866	 34.87	 0.00200
43.13800	 1650.00	 865	 35.15	 0.00200
43.16300	 1650.00	 865	 35.15	 0.00200
43.18800	 1650.00	 866	 34.87	 0.00200
43.21300	 1650.00	 865	 35.15	 0.00200
43.23800	 1650.00	 866	 34.87	 0.00200
43.26400	 1650.00	 866	 34.87	 0.00200
43.28900	 1650.00	 866	 34.87	 0.00200
43.31400	 1650.00	 866	 34.87	 0.00200
43.33900	 1650.00	 865	 35.15	 0.00200
43.36400	 1650.00	 865	 35.15	 0.00200
43.38900	 1650.00	 866	 34.87	 0.00300
43.41400	 1650.00	 865	 35.15	 0.00200
43.43900	 1650.00	 865	 35.15	 0.00200
43.46400	 1650.00	 866	 34.87	 0.00200
43.48900	 1650.00	 866	 34.87	 0.00200
43.51400	 1650.00	 866	 34.87	 0.00200
43.53900	 1650.00	 865	 35.15	 0.00200
43.56400	 1650.00	 865	 35.15	 0.00200
43.58900	 1650.00	 866	 34.87	 0.00200
43.61400	 1650.00	 866	 34.87	 0.00200
43.63900	 1650.00	 864	 35.42	 0.00200
43.66400	 1650.00	 866	 34.87	 0.00200
43.68900	 1650.00	 865	 35.15	 0.00300
43.71400	 1650.00	 865	 35.15	 0.00200
43.73900	 1650.00	 866	 34.87	 0.00200
43.76400	 1650.00	 866	 34.87	 0.00200
43.78900	 1650.00	 865	 35.15	 0.00200
43.81400	 1650.00	 866	 34.87	 0.00200
43.83900	 1650.00	 866	 34.87	 0.00200
43.86400	 1650.00	 866	 34.87	 0.00200
43.88900	 1650.00	 866	 34.87	 0.00200
43.91400	 1650.00	 866	 34.87	 0.00200
43.93900	 1650.00	 866	 34.87	 0.00200
43.96400	 1650.00	 865	 35.15	 0.00200
43.99000	 1650.00	 865	 35.15	 0.00200
44.01500	 1650.00	 865	 35.15	 0.00200
44.04000	 1650.00	 865	 35.15	 0.00200
44.06500	 1650.00	 865	 35.15	 0.00200
44.09000	 1650.00	 866	 34.87	 0.00200
44.11500	 1650.00	 866	 34.87	 0.00300
44.14000	 1650.00	 866	 34.87	 0.00200
44.16500	 1650.00	 865	 35.15	 0.00200
44.19000	 1650.00	 864	 35.42	 0.00200
44.21500	 1650.00	 865	 35.15	 0.00200
44.24000	 1650.00	 865	 35.15	 0.00200
44.26500	 1650.00	 866	 34.87	 0.00200
44.29000	 1650.00	 865	 35.15	 0.00200
44.31500	 1650.00	 865	 35.15	 0.00200
44.34000	 1650.00	 865	 35.15	 0.00200
44.36500	 1650.00	 865	 35.15	 0.00200
44.39000	 1650.00	 865	 35.15	 0.00200
44.41600	 1650.00	 866	 34.87	 0.00200
44.44100	 1650.00	 865	 35.15	 0.00200
44.46600	 1650.00	 866	 34.87	 0.00200
44.49100	 1650.00	 865	 35.15	 0.00200
44.51600	 1650.00	 866	 34.87	 0.00200
44.54100	 1650.00	 865	 35.15	 0.00300
44.56600	 1650.00	 866	 34.87	 0.00200
44.59100	 1650.00	 865	 35.15	 0.00200
44.61600	 1650.00	 866	 34.87	 0.00200
44.64100	 1650.00	 865	 35.15	 0.00200
44.66600	 1650.00	 865	 35.15	 0.00200
44.69100	 1650.00	 865	 35.15	 0.00200
44.71600	 1650.00	 865	 35.15	 0.00200
44.74100	 1650.00	 866	 34.87	 0.00200
44.76600	 1650.00	 865	 35.15	 0.00200
44.79100	 1650.00	 866	 34.87	 0.00200
44.81600	 1650.00	 865	 35.15	 0.00200
44.84100	 1650.00	 866	 34.87	 0.00300
44.86600	 1650.00	 865	 35.15	 0.00200
44.89100	 1650.00	 866	 34.87	 0.00200
44.91600	 1650.00	 866	 34.87	 0.00200
44.94100	 1650.00	 866	 34.87	 0.00200
44.96600	 1650.00	 866	 34.87	 0.00200
44.99100	 1650.00	 865	 35.15	 0.00200
45.01600	 1650.00	 866	 34.87	 0.00200
45.04100	 1650.00	 865	 35.15	 0.00200
45.06600	 1650.00	 866	 34.87	 0.00200
45.09100	 1650.00	 866	 34.87	 0.00200
45.11600	 1650.00	 865	 35.15	 0.00200
45.14200	 1650.00	 865	 35.15	 0.00200
45.16700	 1650.00	 866	 34.87	 0.00200
45.19200	 1650.00	 865	 35.15	 0.00200
45.21700	 1650.00	 866	 34.87	 0.00200
45.24200	 1650.00	 865	 35.15	 0.00200
45.26700	 1650.00	 866	 34.87	 0.00300
45.29200	 1650.00	 865	 35.15	 0.00200
45.31700	 1650.00	 866	 34.87	 0.00200
45.34200	 1650.00	 866	 34.87	 0.00200
45.36700	 1650.00	 865	 35.15	 0.00200
45.39200	 1650.00	 865	 35.15	 0.00200
45.41700	 1650.00	 866	 34.87	 0.00200
45.44200	 1650.00	 865	 35.15	 0.00200
45.46700	 1650.00	 866	 34.87	 0.00200
45.49200	 1650.00	 865	 35.15	 0.00200
45.51700	 1650.00	 866	 34.87	 0.00200
45.54200	 1650.00	 865	 35.15	 0.00200
45.56800	 1650.00	 865	 35.15	 0.00200
45.59300	 1650.00	 866	 34.87	 0.00200
45.61800	 1650.00	 865	 35.15	 0.00200
45.64300	 1650.00	 866	 34.87	 0.00200
45.66800	 1650.00	 866	 34.87	 0.00200
45.69300	 1650.00	 865	 35.15	 0.00300
45.71800	 1650.00	 866	 34.87	 0.00200
45.74300	 1650.00	 866	 34.87	 0.00200
45.76800	 1650.00	 866	 34.87	 0.00200
45.79300	 1650.00	 866	 34.87	 0.00200
45.81800	 1650.00	 865	 35.15	 0.00200
45.84300	 1650.00	 866	 34.87	 0.00200
45.86800	 1650.00	 865	 35.15	 0.00200
45.89300	 1650.00	 865	 35.15	 0.00200
45.91800	 1650.00	 865	 35.15	 0.00200
45.94300	 1650.00	 866	 34.87	 0.00200
45.96800	 1650.00	 865	 35.15	 0.00200
45.99300	 1650.00	 865	 35.15	 0.00300
46.01800	 1650.00	 865	 35.15	 0.00200
46.04300	 1650.00	 865	 35.15	 0.00200
46.06800	 1650.00	 866	 34.87	 0.00200
46.09300	 1650.00	 865	 35.15	 0.00200
46.11800	 1650.00	 866	 34.87	 0.00200
46.14300	 1650.00	 865	 35.15	 0.00200
46.16800	 1650.00	 866	 34.87	 0.00200
46.19300	 1650.00	 866	 34.87	 0.00200
46.21800	 1650.00	 866	 34.87	 0.00200
46.24300	 1650.00	 865	 35.15	 0.00200
46.26800	 1650.00	 866	 34.87	 0.00200
46.29400	 1650.00	 865	 35.15	 0.00200
46.31900	 1650.00	 865	 35.15	 0.00200
46.34400	 1650.00	 866	 34.87	 0.00200
46.36900	 1650.00	 865	 35.15	 0.00200
46.39400	 1650.00	 864	 35.42	 0.00200
46.41900	 1650.00	 865	 35.15	 0.00300
46.44400	 1650.00	 866	 34.87	 0.00200
46.46900	 1650.00	 866	 34.87	 0.00200
46.49400	 1650.00	 865	 35.15	 0.00200
46.51900	 1650.00	 864	 35.42	 0.00200
46.54400	 1650.00	 865	 35.15	 0.00200
46.56900	 1650.00	 866	 34.87	 0.00200
46.59400	 1650.00	 866	 34.87	 0.00200
46.61900	 1650.00	 866	 34.87	 0.00200
46.64400	 1650.00	 866	 34.87	 0.00200
46.66900	 1650.00	 865	 35.15	 0.00200
46.69400	 1650.00	 866	 34.87	 0.00200
46.72000	 1650.00	 865	 35.15	 0.00200
46.74500	 1650.00	 866	 34.87	 0.00200
46.77000	 1650.00	 865	 35.15	 0.00200
46.79500	 1650.00	 865	 35.15	 0.00200
46.82000	 1650.00	 865	 35.15	 0.00200
46.84500	 1650.00	 866	 34.87	 0.00300
46.87000	 1650.00	 865	 35.15	 0.00200
46.89500	 1650.00	 865	 35.15	 0.00200
46.92000	 1650.00	 865	 35.15	 0.00200
46.94500	 1650.00	 865	 35.15	 0.00200
46.97000	 1650.00	 865	 35.15	 0.00200
46.99500	 1650.00	 866	 34.87	 0.00200
47.02000	 1650.00	 865	 35.15	 0.00200
47.04500	 1650.00	 865	 35.15	 0.00200
47.07000	 1650.00	 865	 35.15	 0.00200
47.09500	 1650.00	 866	 34.87	 0.00200
47.12000	 1650.00	 865	 35.15	 0.00200
47.14500	 1650.00	 865	 35.15	 0.00300
47.17000	 1650.00	 865	 35.15	 0.00200
47.19500	 1650.00	 865	 35.15	 0.00200
47.22000	 1650.00	 866	 34.87	 0.00200
47.24500	 1650.00	 866	 34.87	 0.00200
47.27000	 1650.00	 865	 35.15	 0.00200
47.29500	 1650.00	 866	 34.87	 0.00200
47.32000	 1650.00	 865	 35.15	 0.00200
47.34500	 1650.00	 866	 34.87	 0.00200
47.37000	 1650.00	 865	 35.15	 0.00200
47.39500	 1650.00	 866	 34.87	 0.00200
47.42000	 1650.00	 866	 34.87	 0.00200
47.44600	 1650.00	 866	 34.87	 0.00200
47.47100	 1650.00	 864	 35.42	 0.00200
47.49600	 1650.00	 865	 35.15	 0.00200
47.52100	 1650.00	 865	 35.15	 0.00200
47.54600	 1650.00	 866	 34.87	 0.00200
47.57100	 1650.00	 866	 34.87	 0.00300
47.59600	 1650.00	 865	 35.15	 0.00200
47.62100	 1650.00	 865	 35.15	 0.00200
47.64600	 1650.00	 866	 34.87	 0.00200
47.67100	 1650.00	 865	 35.15	 0.00200
47.69600	 1650.00	 866	 34.87	 0.00200
47.72100	 1650.00	 865	 35.15	 0.00200
47.74600	 1650.00	 866	 34.87	 0.00200
47.77100	 1650.00	 865	 35.15	 0.00200
47.79600	 1650.00	 865	 35.15	 0.00200
47.82100	 1650.00	 865	 35.15	 0.00200
47.84600	 1650.00	 865	 35.15	 0.00200
47.87200	 1650.00	 865	 35.15	 0.00200
47.89700	 1650.00	 866	 34.87	 0.00200
47.92200	 1650.00	 865	 35.15	 0.00200
47.94700	 1650.00	 865	 35.15	 0.00200
47.97200	 1650.00	 865	 35.15	 0.00200
47.99700	 1650.00	 866	 34.87	 0.00300
48.02200	 1650.00	 865	 35.15	 0.00200
48.04700	 1650.00	 865	 35.15	 0.00200
48.07200	 1650.00	 865	 35.15	 0.00200
48.09700	 1650.00	 865	 35.15	 0.00200
48.12200	 1650.00	 865	 35.15	 0.00200
48.14700	 1650.00	 865	 35.15	 0.00200
48.17200	 1650.00	 866	 34.87	 0.00200
48.19700	 1650.00	 865	 35.15	 0.00200
48.22200	 1650.00	 865	 35.15	 0.00200
48.24700	 1650.00	 866	 34.87	 0.00200
48.27200	 1650.00	 865	 35.15	 0.00200
48.29700	 1650.00	 866	 34.87	 0.00300
48.32200	 1650.00	 865	 35.15	 0.00200
48.34700	 1650.00	 865	 35.15	 0.00200
48.37200	 1650.00	 865	 35.15	 0.00200
48.39700	 1650.00	 865	 35.15	 0.00200
48.42200	 1650.00	 866	 34.87	 0.00200
48.44700	 1650.00	 865	 35.15	 0.00200
48.47200	 1650.00	 865	 35.15	 0.00200
48.49700	 1650.00	 865	 35.15	 0.00200
48.52200	 1650.00	 865	 35.15	 0.00200
48.54700	 1650.00	 865	 35.15	 0.00200
48.57200	 1650.00	 865	 35.15	 0.00200
48.59800	 1650.00	 866	 34.87	 0.00200
48.62300	 1650.00	 865	 35.15	 0.00200
48.64800	 1650.00	 866	 34.87	 0.00200
48.67300	 1650.00	 865	 35.15	 0.00200
48.69800	 1650.00	 865	 35.15	 0.00200
48.72300	 1650.00	 865	 35.15	 0.00300
48.74800	 1650.00	 866	 34.87	 0.00200
48.77300	 1650.00	 865	 35.15	 0.00200
48.79800	 1650.00	 865	 35.15	 0.00200
48.82300	 1650.00	 866	 34.87	 0.00200
48.84800	 1650.00	 866	 34.87	 0.00200
48.87300	 1650.00	 866	 34.87	 0.00200
48.89800	 1650.00	 866	 34.87	 0.00200
48.92300	 1650.00	 865	 35.15	 0.00200
48.94800	 1650.00	 865	 35.15	 0.00200
48.97300	 1650.00	 865	 35.15	 0.00200
48.99800	 1650.00	 866	 34.87	 0.00200
49.02400	 1650.00	 865	 35.15	 0.00200
49.04900	 1650.00	 866	 34.87	 0.00200
49.07400	 1650.00	 866	 34.87	 0.00200
49.09900	 1650.00	 866	 34.87	 0.00200
49.12400	 1650.00	 866	 34.87	 0.00200
49.14900	 1650.00	 866	 34.87	 0.00300
49.17400	 1650.00	 865	 35.15	 0.00200
49.19900	 1650.00	 866	 34.87	 0.00200
49.22400	 1650.00	 865	 35.15	 0.00200
49.24900	 1650.00	 866	 34.87	 0.00200
49.27400	 1650.00	 865	 35.15	 0.00200
49.29900	 1650.00	 866	 34.87	 0.00200
49.32400	 1650.00	 866	 34.87	 0.00200
49.34900	 1650.00	 865	 35.15	 0.00200
49.37400	 1650.00	 865	 35.15	 0.00200
49.39900	 1650.00	 866	 34.87	 0.00200
49.42400	 1650.00	 865	 35.15	 0.00200
49.44900	 1650.00	 865	 35.15	 0.00300
49.47400	 1650.00	 865	 35.15	 0.00200
49.49900	 1650.00	 865	 35.15	 0.00200
49.52400	 1650.00	 865	 35.15	 0.00200
49.54900	 1650.00	 866	 34.87	 0.00200
49.57400	 1650.00	 865	 35.15	 0.00200
49.59900	 1650.00	 866	 34.87	 0.00200
49.62400	 1650.00	 866	 34.87	 0.00200
49.64900	 1650.00	 866	 34.87	 0.00200
49.67400	 1650.00	 865	 35.15	 0.00200
49.69900	 1650.00	 865	 35.15	 0.00200
49.72400	 1650.00	 866	 34.87	 0.00200
49.75000	 1650.00	 866	 34.87	 0.00200
49.77500	 1650.00	 865	 35.15	 0.00200
49.80000	 1650.00	 865	 35.15	 0.00200
49.82500	 1650.00	 866	 34.87	 0.00200
49.85000	 1650.00	 865	 35.15	 0.00200
49.87500	 1650.00	 865	 35.15	 0.00300
49.90000	 1650.00	 866	 34.87	 0.00200
49.92500	 1650.00	 866	 34.87	 0.00200
49.95000	 1650.00	 866	 34.87	 0.00200
49.97500	 1650.00	 865	 35.15	 0.00200
50.00000	 1650.00	 865	 35.15	 0.00200
50.02500	 1650.00	 866	 34.87	 0.00200
50.05000	 1650.00	 866	 34.87	 0.00200
50.07500	 1650.00	 866	 34.87	 0.00200
50.10000	 1650.00	 865	 35.15	 0.00200
50.12500	 1650.00	 866	 34.87	 0.00200
50.15000	 1650.00	 866	 34.87	 0.00200
50.17600	 1650.00	 865	 35.15	 0.00200
50.20100	 1650.00	 865	 35.15	 0.00200
50.22600	 1650.00	 866	 34.87	 0.00200
50.25100	 1650.00	 865	 35.15	 0.00200
50.27600	 1650.00	 865	 35.15	 0.00200
50.30100	 1650.00	 865	 35.15	 0.00300
50.32600	 1650.00	 865	 35.15	 0.00200
50.35100	 1650.00	 865	 35.15	 0.00200
50.37600	 1650.00	 865	 35.15	 0.00200
50.40100	 1650.00	 865	 35.15	 0.00200
50.42600	 1650.00	 865	 35.15	 0.00200
50.45100	 1650.00	 865	 35.15	 0.00200
50.47600	 1650.00	 865	 35.15	 0.00200
50.50100	 1650.00	 865	 35.15	 0.00200
50.52600	 1650.00	 866	 34.87	 0.00200
50.55100	 1650.00	 865	 35.15	 0.00200
50.57600	 1650.00	 865	 35.15	 0.00200
50.60100	 1650.00	 866	 34.87	 0.00300
50.62600	 1650.00	 866	 34.87	 0.00200
50.65100	 1650.00	 865	 35.15	 0.00200
50.67600	 1650.00	 866	 34.87	 0.00200
50.70100	 1650.00	 865	 35.15	 0.00200
50.72600	 1650.00	 866	 34.87	 0.00200
50.75100	 1650.00	 865	 35.15	 0.00200
50.77600	 1650.00	 865	 35.15	 0.00200
50.80100	 1650.00	 865	 35.15	 0.00200
50.82600	 1650.00	 866	 34.87	 0.00200
50.85100	 1650.00	 865	 35.15	 0.00200
50.87600	 1650.00	 865	 35.15	 0.00200
50.90200	 1650.00	 865	 35.15	 0.00200
50.92700	 1650.00	 866	 34.87	 0.00200
50.95200	 1650.00	 816	 48.63	 0.00200
50.97700	 1650.00	 865	 35.15	 0.00200
51.00200	 1650.00	 865	 35.15	 0.00200
51.02700	 1650.00	 865	 35.15	 0.00300
51.05200	 1650.00	 865	 35.15	 0.00200
51.07700	 1650.00	 866	 34.87	 0.00200
51.10200	 1650.00	 866	 34.87	 0.00200
51.12700	 1650.00	 865	 35.15	 0.00200
51.15200	 1650.00	 865	 35.15	 0.00200
51.17700	 1650.00	 866	 34.87	 0.00200
51.20200	 1650.00	 866	 34.87	 0.00200
51.22700	 1650.00	 866	 34.87	 0.00200
51.25200	 1650.00	 865	 35.15	 0.00200
51.27700	 1650.00	 866	 34.87	 0.00200
51.30200	 1650.00	 866	 34.87	 0.00200
51.32800	 1650.00	 865	 35.15	 0.00200
51.35300	 1650.00	 865	 35.15	 0.00200
51.37800	 1650.00	 866	 34.87	 0.00200
51.40300	 1650.00	 865	 35.15	 0.00200
51.42800	 1650.00	 866	 34.87	 0.00200
51.45300	 1650.00	 865	 35.15	 0.00300
51.47800	 1650.00	 866	 34.87	 0.00200
51.50300	 1650.00	 865	 35.15	 0.00200
51.52800	 1650.00	 866	 34.87	 0.00200
51.55300	 1650.00	 866	 34.87	 0.00200
51.57800	 1650.00	 865	 35.15	 0.00200
51.60300	 1650.00	 865	 35.15	 0.00200
51.62800	 1650.00	 866	 34.87	 0.00200
51.65300	 1650.00	 865	 35.15	 0.00200
51.67800	 1650.00	 865	 35.15	 0.00200
51.70300	 1650.00	 865	 35.15	 0.00200
51.72800	 1650.00	 865	 35.15	 0.00200
51.75300	 1650.00	 866	 34.87	 0.00300
51.77800	 1650.00	 866	 34.87	 0.00200
51.80300	 1650.00	 865	 35.15	 0.00200
51.82800	 1650.00	 865	 35.15	 0.00200
51.85300	 1650.00	 865	 35.15	 0.00200
51.87800	 1650.00	 865	 35.15	 0.00200
51.90300	 1650.00	 865	 35.15	 0.00200
51.92800	 1650.00	 865	 35.15	 0.00200
51.95300	 1650.00	 866	 34.87	 0.00200
51.97800	 1650.00	 865	 35.15	 0.00200
52.00300	 1650.00	 865	 35.15	 0.00200
52.02800	 1650.00	 865	 35.15	 0.00200
52.05400	 1650.00	 865	 35.15	 0.00200
52.07900	 1650.00	 866	 34.87	 0.00200
52.10400	 1650.00	 865	 35.15	 0.00200
52.12900	 1650.00	 866	 34.87	 0.00200
52.15400	 1650.00	 865	 35.15	 0.00200
52.17900	 1650.00	 866	 34.87	 0.00300
52.20400	 1650.00	 865	 35.15	 0.00200
52.22900	 1650.00	 866	 34.87	 0.00200
52.25400	 1650.00	 865	 35.15	 0.00200
52.27900	 1650.00	 865	 35.15	 0.00200
52.30400	 1650.00	 865	 35.15	 0.00200
52.32900	 1650.00	 865	 35.15	 0.00200
52.35400	 1650.00	 866	 34.87	 0.00200
52.37900	 1650.00	 866	 34.87	 0.00200
52.40400	 1650.00	 865	 35.15	 0.00200
52.42900	 1650.00	 865	 35.15	 0.00200
52.45400	 1650.00	 865	 35.15	 0.00200
52.48000	 1650.00	 865	 35.15	 0.00200
52.50500	 1650.00	 865	 35.15	 0.00200
52.53000	 1650.00	 866	 34.87	 0.00200
52.55500	 1650.00	 865	 35.15	 0.00200
52.58000	 1650.00	 866	 34.87	 0.00200
52.60500	 1650.00	 865	 35.15	 0.00300
52.63000	 1650.00	 866	 34.87	 0.00200
52.65500	 1650.00	 865	 35.15	 0.00200
52.68000	 1650.00	 865	 35.15	 0.00200
52.70500	 1650.00	 866	 34.87	 0.00200
52.73000	 1650.00	 865	 35.15	 0.00200
52.75500	 1650.00	 865	 35.15	 0.00200
52.78000	 1650.00	 865	 35.15	 0.00200
52.80500	 1650.00	 865	 35.15	 0.00200
52.83000	 1650.00	 866	 34.87	 0.00200
52.85500	 1650.00	 865	 35.15	 0.00200
52.88000	 1650.00	 865	 35.15	 0.00200
52.90500	 1650.00	 866	 34.87	 0.00300
52.93000	 1650.00	 866	 34.87	 0.00200
52.95500	 1650.00	 866	 34.87	 0.00200
52.98000	 1650.00	 866	 34.87	 0.00200
53.00500	 1650.00	 866	 34.87	 0.00200
53.03000	 1650.00	 866	 34.87	 0.00200
53.05500	 1650.00	 865	 35.15	 0.00200
53.08000	 1650.00	 865	 35.15	 0.00200
53.10500	 1650.00	 866	 34.87	 0.00200
53.13000	 1650.00	 866	 34.87	 0.00200
53.15500	 1650.00	 865	 35.15	 0.00200
53.18000	 1650.00	 865	 35.15	 0.00200
53.20600	 1650.00	 865	 35.15	 0.00200
53.23100	 1650.00	 865	 35.15	 0.00200
53.25600	 1650.00	 865	 35.15	 0.00200
53.28100	 1650.00	 865	 35.15	 0.00200
53.30600	 1650.00	 865	 35.15	 0.00200
53.33100	 1650.00	 865	 35.15	 0.00300
53.35600	 1650.00	 866	 34.87	 0.00200
53.38100	 1650.00	 865	 35.15	 0.00200
53.40600	 1650.00	 866	 34.87	 0.00200
53.43100	 1650.00	 866	 34.87	 0.00200
53.45600	 1650.00	 865	 35.15	 0.00200
53.48100	 1650.00	 865	 35.15	 0.00200
53.50600	 1650.00	 866	 34.87	 0.00200
