3.99900	 1651.00	 867	 34.60	 0.00200
4.02400	 1652.00	 867	 34.60	 0.00200
4.04900	 1653.00	 866	 34.87	 0.00200
4.07400	 1654.00	 866	 34.87	 0.00200
4.09900	 1655.00	 867	 34.60	 0.00200
4.12400	 1656.00	 867	 34.60	 0.00200
4.14900	 1657.00	 867	 34.60	 0.00200
4.17400	 1658.00	 868	 34.32	 0.00200
4.19900	 1659.00	 867	 34.60	 0.00200
4.22400	 1660.00	 867	 34.60	 0.00200
4.24900	 1661.00	 868	 34.32	 0.00200
4.27400	 1662.00	 868	 34.32	 0.00200
4.29900	 1663.00	 868	 34.32	 0.00200
4.32400	 1664.00	 868	 34.32	 0.00200
4.34900	 1665.00	 868	 34.32	 0.00300
4.37400	 1666.00	 868	 34.32	 0.00200
4.39900	 1667.00	 869	 34.05	 0.00200
4.42400	 1668.00	 869	 34.05	 0.00200
4.44900	 1669.00	 868	 34.32	 0.00200
4.47400	 1670.00	 870	 33.77	 0.00200
4.49900	 1671.00	 869	 34.05	 0.00200
4.52400	 1672.00	 870	 33.77	 0.00200
4.54900	 1673.00	 870	 33.77	 0.00200
4.57400	 1674.00	 870	 33.77	 0.00200
4.59900	 1675.00	 871	 33.49	 0.00200
4.62400	 1676.00	 870	 33.77	 0.00200
4.64900	 1677.00	 871	 33.49	 0.00300
4.67400	 1678.00	 871	 33.49	 0.00200
4.69900	 1679.00	 871	 33.49	 0.00200
4.72400	 1680.00	 871	 33.49	 0.00200
4.74900	 1681.00	 871	 33.49	 0.00200
4.77400	 1682.00	 872	 33.22	 0.00200
4.79900	 1683.00	 872	 33.22	 0.00200
4.82400	 1684.00	 872	 33.22	 0.00200
4.84900	 1685.00	 872	 33.22	 0.00200
4.87400	 1686.00	 873	 32.94	 0.00200
4.89900	 1687.00	 872	 33.22	 0.00200
4.92400	 1688.00	 873	 32.94	 0.00200
4.95000	 1689.00	 873	 32.94	 0.00200
4.97500	 1690.00	 874	 32.67	 0.00200
5.00000	 1691.00	 873	 32.94	 0.00200
5.02500	 1692.00	 874	 32.67	 0.00200
5.05000	 1693.00	 874	 32.67	 0.00200
5.07500	 1694.00	 875	 32.39	 0.00300
5.10000	 1695.00	 874	 32.67	 0.00200
5.12500	 1696.00	 876	 32.12	 0.00200
5.15000	 1697.00	 875	 32.39	 0.00200
5.17500	 1698.00	 875	 32.39	 0.00200
5.20000	 1699.00	 875	 32.39	 0.00200
5.22500	 1700.00	 876	 32.12	 0.00200
5.25000	 1701.00	 876	 32.12	 0.00200
5.27500	 1702.00	 876	 32.12	 0.00200
5.30000	 1703.00	 876	 32.12	 0.00200
5.32500	 1704.00	 877	 31.84	 0.00200
5.35000	 1705.00	 877	 31.84	 0.00200
5.37600	 1706.00	 878	 31.57	 0.00200
5.40100	 1707.00	 878	 31.57	 0.00200
5.42600	 1708.00	 877	 31.84	 0.00200
5.45100	 1709.00	 878	 31.57	 0.00200
5.47600	 1710.00	 855	 37.90	 0.00200
5.50100	 1711.00	 879	 31.29	 0.00300
5.52600	 1712.00	 879	 31.29	 0.00200
5.55100	 1713.00	 879	 31.29	 0.00200
5.57600	 1714.00	 830	 44.77	 0.00200
5.60100	 1715.00	 880	 31.02	 0.00200
5.62600	 1716.00	 878	 31.57	 0.00200
5.65100	 1717.00	 880	 31.02	 0.00200
5.67600	 1718.00	 881	 30.74	 0.00200
5.70100	 1719.00	 880	 31.02	 0.00200
5.72600	 1720.00	 881	 30.74	 0.00200
5.75100	 1721.00	 881	 30.74	 0.00200
5.77600	 1722.00	 883	 30.19	 0.00200
5.80100	 1723.00	 882	 30.47	 0.00300
5.82600	 1724.00	 882	 30.47	 0.00200
5.85100	 1725.00	 882	 30.47	 0.00200
5.87600	 1726.00	 835	 43.40	 0.00200
5.90100	 1727.00	 883	 30.19	 0.00200
5.92600	 1728.00	 883	 30.19	 0.00200
5.95100	 1729.00	 883	 30.19	 0.00200
5.97600	 1730.00	 883	 30.19	 0.00200
6.00100	 1731.00	 883	 30.19	 0.00200
6.02600	 1732.00	 884	 29.92	 0.00200
6.05100	 1733.00	 884	 29.92	 0.00200
6.07600	 1734.00	 884	 29.92	 0.00200
6.10200	 1735.00	 884	 29.92	 0.00200
6.12700	 1736.00	 884	 29.92	 0.00200
6.15200	 1737.00	 885	 29.64	 0.00200
6.17700	 1738.00	 884	 29.92	 0.00200
6.20200	 1739.00	 885	 29.64	 0.00200
6.22700	 1740.00	 885	 29.64	 0.00300
6.25200	 1741.00	 886	 29.37	 0.00200
6.27700	 1742.00	 835	 43.40	 0.00200
6.30200	 1743.00	 887	 29.09	 0.00200
6.32700	 1744.00	 887	 29.09	 0.00200
6.35200	 1745.00	 887	 29.09	 0.00200
6.37700	 1746.00	 837	 42.85	 0.00200
6.40200	 1747.00	 888	 28.82	 0.00200
6.42700	 1748.00	 888	 28.82	 0.00200
6.45200	 1749.00	 888	 28.82	 0.00200
6.47700	 1750.00	 888	 28.82	 0.00200
6.50200	 1751.00	 889	 28.54	 0.00200
6.52800	 1752.00	 889	 28.54	 0.00200
6.55300	 1753.00	 890	 28.27	 0.00200
6.57800	 1754.00	 891	 27.99	 0.00200
6.60300	 1755.00	 892	 27.72	 0.00200
6.62800	 1756.00	 891	 27.99	 0.00200
6.65300	 1757.00	 891	 27.99	 0.00300
6.67800	 1758.00	 888	 28.82	 0.00200
6.70300	 1759.00	 892	 27.72	 0.00200
6.72800	 1760.00	 892	 27.72	 0.00200
6.75300	 1761.00	 893	 27.44	 0.00200
6.77800	 1762.00	 892	 27.72	 0.00200
6.80300	 1763.00	 891	 27.99	 0.00200
6.82800	 1764.00	 892	 27.72	 0.00200
6.85300	 1765.00	 893	 27.44	 0.00200
6.87800	 1766.00	 842	 41.47	 0.00200
6.90300	 1767.00	 893	 27.44	 0.00200
6.92800	 1768.00	 894	 27.17	 0.00200
6.95300	 1769.00	 894	 27.17	 0.00300
6.97800	 1770.00	 894	 27.17	 0.00200
7.00300	 1771.00	 894	 27.17	 0.00200
7.02800	 1772.00	 894	 27.17	 0.00200
7.05300	 1773.00	 895	 26.89	 0.00200
7.07800	 1774.00	 894	 27.17	 0.00200
7.10300	 1775.00	 896	 26.62	 0.00200
7.12800	 1776.00	 896	 26.62	 0.00200
7.15300	 1777.00	 896	 26.62	 0.00200
7.17800	 1778.00	 846	 40.37	 0.00200
7.20300	 1779.00	 897	 26.34	 0.00200
7.22800	 1780.00	 897	 26.34	 0.00200
7.25400	 1781.00	 897	 26.34	 0.00200
7.27900	 1782.00	 897	 26.34	 0.00200
7.30400	 1783.00	 897	 26.34	 0.00200
7.32900	 1784.00	 897	 26.34	 0.00200
7.35400	 1785.00	 897	 26.34	 0.00200
7.37900	 1786.00	 898	 26.07	 0.00300
7.40400	 1787.00	 898	 26.07	 0.00200
7.42900	 1788.00	 898	 26.07	 0.00200
7.45400	 1789.00	 899	 25.79	 0.00200
7.47900	 1790.00	 899	 25.79	 0.00200
7.50400	 1791.00	 899	 25.79	 0.00200
7.52900	 1792.00	 899	 25.79	 0.00200
7.55400	 1793.00	 899	 25.79	 0.00200
7.57900	 1794.00	 900	 25.52	 0.00200
7.60400	 1795.00	 900	 25.52	 0.00200
7.62900	 1796.00	 901	 25.24	 0.00200
7.65400	 1797.00	 901	 25.24	 0.00200
7.68000	 1798.00	 901	 25.24	 0.00200
7.70500	 1799.00	 902	 24.97	 0.00200
7.73000	 1800.00	 902	 24.97	 0.00200
7.75500	 1801.00	 902	 24.97	 0.00200
7.78000	 1802.00	 902	 24.97	 0.00200
7.80500	 1803.00	 903	 24.69	 0.00300
7.83000	 1804.00	 903	 24.69	 0.00200
7.85500	 1805.00	 903	 24.69	 0.00200
7.88000	 1806.00	 903	 24.69	 0.00200
7.90500	 1807.00	 902	 24.97	 0.00200
7.93000	 1808.00	 904	 24.42	 0.00200
7.95500	 1809.00	 904	 24.42	 0.00200
7.98000	 1810.00	 904	 24.42	 0.00200
8.00500	 1811.00	 904	 24.42	 0.00200
8.03000	 1812.00	 904	 24.42	 0.00200
8.05500	 1813.00	 905	 24.14	 0.00200
8.08000	 1814.00	 904	 24.42	 0.00200
8.10500	 1815.00	 905	 24.14	 0.00300
8.13000	 1816.00	 905	 24.14	 0.00200
8.15500	 1817.00	 905	 24.14	 0.00200
8.18000	 1818.00	 906	 23.87	 0.00200
8.20500	 1819.00	 905	 24.14	 0.00200
8.23000	 1820.00	 906	 23.87	 0.00200
8.25500	 1821.00	 906	 23.87	 0.00200
8.28000	 1822.00	 906	 23.87	 0.00200
8.30500	 1823.00	 907	 23.59	 0.00200
8.33000	 1824.00	 907	 23.59	 0.00200
8.35500	 1825.00	 907	 23.59	 0.00200
8.38000	 1826.00	 908	 23.32	 0.00200
8.40600	 1827.00	 907	 23.59	 0.00200
8.43100	 1828.00	 908	 23.32	 0.00200
8.45600	 1829.00	 908	 23.32	 0.00200
8.48100	 1830.00	 908	 23.32	 0.00200
8.50600	 1831.00	 908	 23.32	 0.00200
8.53100	 1832.00	 909	 23.04	 0.00300
8.55600	 1833.00	 909	 23.04	 0.00200
8.58100	 1834.00	 909	 23.04	 0.00200
8.60600	 1835.00	 909	 23.04	 0.00200
8.63100	 1836.00	 909	 23.04	 0.00200
8.65600	 1837.00	 910	 22.77	 0.00200
8.68100	 1838.00	 910	 22.77	 0.00200
8.70600	 1839.00	 910	 22.77	 0.00200
8.73100	 1840.00	 911	 22.49	 0.00200
8.75600	 1841.00	 911	 22.49	 0.00200
8.78100	 1842.00	 911	 22.49	 0.00200
8.80600	 1843.00	 911	 22.49	 0.00200
8.83200	 1844.00	 912	 22.22	 0.00200
8.85700	 1845.00	 912	 22.22	 0.00200
8.88200	 1846.00	 913	 21.94	 0.00200
8.90700	 1847.00	 912	 22.22	 0.00200
8.93200	 1848.00	 914	 21.67	 0.00200
8.95700	 1849.00	 913	 21.94	 0.00300
8.98200	 1850.00	 913	 21.94	 0.00200
9.00700	 1851.00	 913	 21.94	 0.00200
9.03200	 1852.00	 914	 21.67	 0.00200
9.05700	 1853.00	 914	 21.67	 0.00200
9.08200	 1854.00	 914	 21.67	 0.00200
9.10700	 1855.00	 914	 21.67	 0.00200
9.13200	 1856.00	 914	 21.67	 0.00200
9.15700	 1857.00	 893	 27.44	 0.00200
9.18200	 1858.00	 914	 21.67	 0.00200
9.20700	 1859.00	 915	 21.39	 0.00200
9.23200	 1860.00	 915	 21.39	 0.00200
9.25700	 1861.00	 863	 35.70	 0.00300
9.28200	 1862.00	 915	 21.39	 0.00200
9.30700	 1863.00	 915	 21.39	 0.00200
9.33200	 1864.00	 915	 21.39	 0.00200
9.35700	 1865.00	 915	 21.39	 0.00200
9.38200	 1866.00	 916	 21.12	 0.00200
9.40700	 1867.00	 916	 21.12	 0.00200
9.43200	 1868.00	 917	 20.84	 0.00200
9.45700	 1869.00	 917	 20.84	 0.00200
9.48200	 1870.00	 917	 20.84	 0.00200
9.50700	 1871.00	 918	 20.57	 0.00200
9.53200	 1872.00	 918	 20.57	 0.00200
9.55800	 1873.00	 919	 20.29	 0.00200
9.58300	 1874.00	 918	 20.57	 0.00200
9.60800	 1875.00	 919	 20.29	 0.00200
9.63300	 1876.00	 919	 20.29	 0.00200
9.65800	 1877.00	 919	 20.29	 0.00200
9.68300	 1878.00	 919	 20.29	 0.00300
9.70800	 1879.00	 919	 20.29	 0.00200
9.73300	 1880.00	 920	 20.01	 0.00200
9.75800	 1881.00	 919	 20.29	 0.00200
9.78300	 1882.00	 920	 20.01	 0.00200
9.80800	 1883.00	 920	 20.01	 0.00200
9.83300	 1884.00	 920	 20.01	 0.00200
9.85800	 1885.00	 921	 19.74	 0.00200
9.88300	 1886.00	 920	 20.01	 0.00200
9.90800	 1887.00	 921	 19.74	 0.00200
9.93300	 1888.00	 922	 19.46	 0.00200
9.95800	 1889.00	 922	 19.46	 0.00200
9.98400	 1890.00	 922	 19.46	 0.00200
10.00900	 1891.00	 922	 19.46	 0.00200
10.03400	 1892.00	 923	 19.19	 0.00200
10.05900	 1893.00	 918	 20.57	 0.00200
10.08400	 1894.00	 923	 19.19	 0.00200
10.10900	 1895.00	 923	 19.19	 0.00300
10.13400	 1896.00	 923	 19.19	 0.00200
10.15900	 1897.00	 923	 19.19	 0.00200
10.18400	 1898.00	 923	 19.19	 0.00200
10.20900	 1899.00	 923	 19.19	 0.00200
10.23400	 1900.00	 923	 19.19	 0.00200
10.25900	 1901.00	 870	 33.77	 0.00200
10.28400	 1902.00	 923	 19.19	 0.00200
10.30900	 1903.00	 924	 18.91	 0.00200
10.33400	 1904.00	 924	 18.91	 0.00200
10.35900	 1905.00	 917	 20.84	 0.00200
10.38400	 1906.00	 925	 18.64	 0.00200
10.40900	 1907.00	 925	 18.64	 0.00300
10.43400	 1908.00	 925	 18.64	 0.00200
10.45900	 1909.00	 871	 33.49	 0.00200
10.48400	 1910.00	 925	 18.64	 0.00200
10.50900	 1911.00	 925	 18.64	 0.00200
10.53400	 1912.00	 926	 18.36	 0.00200
10.55900	 1913.00	 927	 18.09	 0.00200
10.58400	 1914.00	 927	 18.09	 0.00200
10.60900	 1915.00	 927	 18.09	 0.00200
10.63400	 1916.00	 928	 17.81	 0.00200
10.65900	 1917.00	 917	 20.84	 0.00200
10.68400	 1918.00	 928	 17.81	 0.00200
10.71000	 1919.00	 928	 17.81	 0.00200
10.73500	 1920.00	 929	 17.54	 0.00200
10.76000	 1921.00	 929	 17.54	 0.00200
10.78500	 1922.00	 929	 17.54	 0.00200
10.81000	 1923.00	 928	 17.81	 0.00200
10.83500	 1924.00	 930	 17.26	 0.00300
10.86000	 1925.00	 929	 17.54	 0.00200
10.88500	 1926.00	 930	 17.26	 0.00200
10.91000	 1927.00	 930	 17.26	 0.00200
10.93500	 1928.00	 930	 17.26	 0.00200
10.96000	 1929.00	 930	 17.26	 0.00200
10.98500	 1930.00	 930	 17.26	 0.00200
11.01000	 1931.00	 931	 16.99	 0.00200
11.03500	 1932.00	 931	 16.99	 0.00200
11.06000	 1933.00	 928	 17.81	 0.00200
11.08500	 1934.00	 931	 16.99	 0.00200
11.11000	 1935.00	 932	 16.71	 0.00200
11.13600	 1936.00	 932	 16.71	 0.00200
11.16100	 1937.00	 931	 16.99	 0.00200
11.18600	 1938.00	 932	 16.71	 0.00200
11.21100	 1939.00	 932	 16.71	 0.00200
11.23600	 1940.00	 933	 16.44	 0.00200
11.26100	 1941.00	 933	 16.44	 0.00300
11.28600	 1942.00	 933	 16.44	 0.00200
11.31100	 1943.00	 933	 16.44	 0.00200
11.33600	 1944.00	 934	 16.16	 0.00200
11.36100	 1945.00	 934	 16.16	 0.00200
11.38600	 1946.00	 934	 16.16	 0.00200
11.41100	 1947.00	 933	 16.44	 0.00200
11.43600	 1948.00	 933	 16.44	 0.00200
11.46100	 1949.00	 934	 16.16	 0.00200
11.48600	 1950.00	 935	 15.89	 0.00200
11.51100	 1951.00	 935	 15.89	 0.00200
11.53600	 1952.00	 935	 15.89	 0.00200
11.56100	 1953.00	 935	 15.89	 0.00300
11.58600	 1954.00	 935	 15.89	 0.00200
11.61100	 1955.00	 935	 15.89	 0.00200
11.63600	 1956.00	 936	 15.61	 0.00200
11.66100	 1957.00	 935	 15.89	 0.00200
11.68600	 1958.00	 936	 15.61	 0.00200
11.71100	 1959.00	 936	 15.61	 0.00200
11.73600	 1960.00	 936	 15.61	 0.00200
11.76100	 1961.00	 937	 15.34	 0.00200
11.78600	 1962.00	 937	 15.34	 0.00200
11.81100	 1963.00	 937	 15.34	 0.00200
11.83600	 1964.00	 938	 15.06	 0.00200
11.86200	 1965.00	 938	 15.06	 0.00200
11.88700	 1966.00	 939	 14.79	 0.00200
11.91200	 1967.00	 939	 14.79	 0.00200
11.93700	 1968.00	 940	 14.51	 0.00200
11.96200	 1969.00	 939	 14.79	 0.00200
11.98700	 1970.00	 939	 14.79	 0.00300
12.01200	 1971.00	 939	 14.79	 0.00200
12.03700	 1972.00	 939	 14.79	 0.00200
12.06200	 1973.00	 939	 14.79	 0.00200
12.08700	 1974.00	 940	 14.51	 0.00200
12.11200	 1975.00	 940	 14.51	 0.00200
12.13700	 1976.00	 940	 14.51	 0.00200
12.16200	 1977.00	 941	 14.24	 0.00200
12.18700	 1978.00	 941	 14.24	 0.00200
12.21200	 1979.00	 941	 14.24	 0.00200
12.23700	 1980.00	 940	 14.51	 0.00200
12.26200	 1981.00	 941	 14.24	 0.00200
12.28800	 1982.00	 941	 14.24	 0.00200
12.31300	 1983.00	 941	 14.24	 0.00200
12.33800	 1984.00	 940	 14.51	 0.00200
12.36300	 1985.00	 942	 13.96	 0.00200
12.38800	 1986.00	 942	 13.96	 0.00200
12.41300	 1987.00	 941	 14.24	 0.00300
12.43800	 1988.00	 943	 13.69	 0.00200
12.46300	 1989.00	 943	 13.69	 0.00200
12.48800	 1990.00	 944	 13.41	 0.00200
12.51300	 1991.00	 944	 13.41	 0.00200
12.53800	 1992.00	 927	 18.09	 0.00200
12.56300	 1993.00	 944	 13.41	 0.00200
12.58800	 1994.00	 944	 13.41	 0.00200
12.61300	 1995.00	 945	 13.14	 0.00200
12.63800	 1996.00	 946	 12.86	 0.00200
12.66300	 1997.00	 946	 12.86	 0.00200
12.68800	 1998.00	 945	 13.14	 0.00200
12.71300	 1999.00	 946	 12.86	 0.00300
12.73800	 2000.00	 946	 12.86	 0.00200
12.76300	 2001.00	 946	 12.86	 0.00200
12.78800	 2002.00	 946	 12.86	 0.00200
12.81300	 2003.00	 947	 12.59	 0.00200
12.83800	 2004.00	 947	 12.59	 0.00200
12.86300	 2005.00	 947	 12.59	 0.00200
12.88800	 2006.00	 947	 12.59	 0.00200
12.91300	 2007.00	 948	 12.31	 0.00200
12.93800	 2008.00	 948	 12.31	 0.00200
12.96300	 2009.00	 948	 12.31	 0.00200
12.98800	 2010.00	 948	 12.31	 0.00200
13.01400	 2011.00	 948	 12.31	 0.00200
13.03900	 2012.00	 948	 12.31	 0.00200
13.06400	 2013.00	 948	 12.31	 0.00200
13.08900	 2014.00	 949	 12.04	 0.00200
13.11400	 2015.00	 949	 12.04	 0.00200
13.13900	 2016.00	 892	 27.72	 0.00300
13.16400	 2017.00	 949	 12.04	 0.00200
13.18900	 2018.00	 949	 12.04	 0.00200
13.21400	 2019.00	 949	 12.04	 0.00200
13.23900	 2020.00	 906	 23.87	 0.00200
13.26400	 2021.00	 949	 12.04	 0.00200
13.28900	 2022.00	 950	 11.76	 0.00200
13.31400	 2023.00	 949	 12.04	 0.00200
13.33900	 2024.00	 893	 27.44	 0.00200
13.36400	 2025.00	 950	 11.76	 0.00200
13.38900	 2026.00	 950	 11.76	 0.00200
13.41400	 2027.00	 950	 11.76	 0.00200
13.44000	 2028.00	 893	 27.44	 0.00200
13.46500	 2029.00	 951	 11.49	 0.00200
13.49000	 2030.00	 951	 11.49	 0.00200
13.51500	 2031.00	 952	 11.21	 0.00200
13.54000	 2032.00	 895	 26.89	 0.00200
13.56500	 2033.00	 952	 11.21	 0.00300
13.59000	 2034.00	 952	 11.21	 0.00200
13.61500	 2035.00	 952	 11.21	 0.00200
13.64000	 2036.00	 952	 11.21	 0.00200
13.66500	 2037.00	 953	 10.94	 0.00200
13.69000	 2038.00	 953	 10.94	 0.00200
13.71500	 2039.00	 953	 10.94	 0.00200
13.74000	 2040.00	 895	 26.89	 0.00200
13.76500	 2041.00	 953	 10.94	 0.00200
13.79000	 2042.00	 954	 10.66	 0.00200
13.81500	 2043.00	 954	 10.66	 0.00200
13.84000	 2044.00	 952	 11.21	 0.00200
13.86500	 2045.00	 954	 10.66	 0.00300
13.89000	 2046.00	 953	 10.94	 0.00200
13.91500	 2047.00	 955	 10.39	 0.00200
13.94000	 2048.00	 954	 10.66	 0.00200
13.96500	 2049.00	 954	 10.66	 0.00200
13.99000	 2050.00	 955	 10.39	 0.00200
14.01500	 2051.00	 955	 10.39	 0.00200
14.04000	 2052.00	 956	 10.11	 0.00200
14.06500	 2053.00	 955	 10.39	 0.00200
14.09000	 2054.00	 956	 10.11	 0.00200
14.11500	 2055.00	 956	 10.11	 0.00200
14.14000	 2056.00	 899	 25.79	 0.00200
14.16600	 2057.00	 957	 9.84	 0.00200
14.19100	 2058.00	 957	 9.84	 0.00200
14.21600	 2059.00	 958	 9.56	 0.00200
14.24100	 2060.00	 957	 9.84	 0.00200
14.26600	 2061.00	 958	 9.56	 0.00200
14.29100	 2062.00	 958	 9.56	 0.00300
14.31600	 2063.00	 956	 10.11	 0.00200
14.34100	 2064.00	 896	 26.62	 0.00200
14.36600	 2065.00	 958	 9.56	 0.00200
14.39100	 2066.00	 959	 9.29	 0.00200
14.41600	 2067.00	 958	 9.56	 0.00200
14.44100	 2068.00	 957	 9.84	 0.00200
14.46600	 2069.00	 958	 9.56	 0.00200
14.49100	 2070.00	 958	 9.56	 0.00200
14.51600	 2071.00	 958	 9.56	 0.00200
14.54100	 2072.00	 959	 9.29	 0.00200
14.56600	 2073.00	 959	 9.29	 0.00200
14.59200	 2074.00	 959	 9.29	 0.00200
14.61700	 2075.00	 960	 9.01	 0.00200
14.64200	 2076.00	 959	 9.29	 0.00200
14.66700	 2077.00	 959	 9.29	 0.00200
14.69200	 2078.00	 959	 9.29	 0.00200
14.71700	 2079.00	 960	 9.01	 0.00300
14.74200	 2080.00	 960	 9.01	 0.00200
14.76700	 2081.00	 960	 9.01	 0.00200
14.79200	 2082.00	 960	 9.01	 0.00200
14.81700	 2083.00	 960	 9.01	 0.00200
14.84200	 2084.00	 961	 8.74	 0.00200
14.86700	 2085.00	 960	 9.01	 0.00200
14.89200	 2086.00	 961	 8.74	 0.00200
14.91700	 2087.00	 961	 8.74	 0.00200
14.94200	 2088.00	 961	 8.74	 0.00200
14.96700	 2089.00	 962	 8.46	 0.00200
14.99200	 2090.00	 962	 8.46	 0.00200
15.01700	 2091.00	 962	 8.46	 0.00300
15.04200	 2092.00	 962	 8.46	 0.00200
15.06700	 2093.00	 962	 8.46	 0.00200
15.09200	 2094.00	 963	 8.19	 0.00200
15.11700	 2095.00	 963	 8.19	 0.00200
15.14200	 2096.00	 963	 8.19	 0.00200
15.16700	 2097.00	 963	 8.19	 0.00200
15.19200	 2098.00	 963	 8.19	 0.00200
15.21700	 2099.00	 963	 8.19	 0.00200
15.24200	 2100.00	 964	 7.91	 0.00200
15.26700	 2101.00	 963	 8.19	 0.00200
15.29200	 2102.00	 962	 8.46	 0.00200
15.31800	 2103.00	 964	 7.91	 0.00200
15.34300	 2104.00	 964	 7.91	 0.00200
15.36800	 2105.00	 964	 7.91	 0.00200
15.39300	 2106.00	 964	 7.91	 0.00200
15.41800	 2107.00	 964	 7.91	 0.00200
15.44300	 2108.00	 964	 7.91	 0.00300
15.46800	 2109.00	 964	 7.91	 0.00200
15.49300	 2110.00	 965	 7.64	 0.00200
15.51800	 2111.00	 965	 7.64	 0.00200
15.54300	 2112.00	 965	 7.64	 0.00200
15.56800	 2113.00	 965	 7.64	 0.00200
15.59300	 2114.00	 966	 7.36	 0.00200
15.61800	 2115.00	 966	 7.36	 0.00200
15.64300	 2116.00	 965	 7.64	 0.00200
15.66800	 2117.00	 966	 7.36	 0.00200
15.69300	 2118.00	 966	 7.36	 0.00200
15.71800	 2119.00	 966	 7.36	 0.00200
15.74400	 2120.00	 966	 7.36	 0.00200
15.76900	 2121.00	 966	 7.36	 0.00200
15.79400	 2122.00	 966	 7.36	 0.00200
15.81900	 2123.00	 967	 7.09	 0.00200
15.84400	 2124.00	 967	 7.09	 0.00200
15.86900	 2125.00	 967	 7.09	 0.00300
15.89400	 2126.00	 967	 7.09	 0.00200
15.91900	 2127.00	 967	 7.09	 0.00200
15.94400	 2128.00	 967	 7.09	 0.00200
15.96900	 2129.00	 967	 7.09	 0.00200
15.99400	 2130.00	 968	 6.81	 0.00200
16.01900	 2131.00	 968	 6.81	 0.00200
16.04400	 2132.00	 968	 6.81	 0.00200
16.06900	 2133.00	 968	 6.81	 0.00200
16.09400	 2134.00	 968	 6.81	 0.00200
16.11900	 2135.00	 969	 6.54	 0.00200
16.14400	 2136.00	 968	 6.81	 0.00200
16.16900	 2137.00	 969	 6.54	 0.00300
16.19400	 2138.00	 969	 6.54	 0.00200
16.21900	 2139.00	 970	 6.26	 0.00200
16.24400	 2140.00	 970	 6.26	 0.00200
16.26900	 2141.00	 970	 6.26	 0.00200
16.29400	 2142.00	 970	 6.26	 0.00200
16.31900	 2143.00	 970	 6.26	 0.00200
16.34400	 2144.00	 970	 6.26	 0.00200
16.36900	 2145.00	 970	 6.26	 0.00200
16.39400	 2146.00	 970	 6.26	 0.00200
16.41900	 2147.00	 971	 5.98	 0.00200
16.44400	 2148.00	 970	 6.26	 0.00200
16.47000	 2149.00	 971	 5.98	 0.00200
16.49500	 2150.00	 971	 5.98	 0.00200
16.52000	 2151.00	 971	 5.98	 0.00200
16.54500	 2152.00	 970	 6.26	 0.00200
16.57000	 2153.00	 972	 5.71	 0.00200
16.59500	 2154.00	 972	 5.71	 0.00300
16.62000	 2155.00	 972	 5.71	 0.00200
16.64500	 2156.00	 972	 5.71	 0.00200
16.67000	 2157.00	 972	 5.71	 0.00200
16.69500	 2158.00	 972	 5.71	 0.00200
16.72000	 2159.00	 972	 5.71	 0.00200
16.74500	 2160.00	 972	 5.71	 0.00200
16.77000	 2161.00	 972	 5.71	 0.00200
16.79500	 2162.00	 973	 5.43	 0.00200
16.82000	 2163.00	 973	 5.43	 0.00200
16.84500	 2164.00	 973	 5.43	 0.00200
16.87000	 2165.00	 973	 5.43	 0.00200
16.89600	 2166.00	 973	 5.43	 0.00200
16.92100	 2167.00	 973	 5.43	 0.00200
16.94600	 2168.00	 973	 5.43	 0.00200
16.97100	 2169.00	 974	 5.16	 0.00200
16.99600	 2170.00	 974	 5.16	 0.00200
17.02100	 2171.00	 974	 5.16	 0.00300
17.04600	 2172.00	 974	 5.16	 0.00200
17.07100	 2173.00	 974	 5.16	 0.00200
17.09600	 2174.00	 974	 5.16	 0.00200
17.12100	 2175.00	 974	 5.16	 0.00200
17.14600	 2176.00	 975	 4.88	 0.00200
17.17100	 2177.00	 974	 5.16	 0.00200
17.19600	 2178.00	 974	 5.16	 0.00200
17.22100	 2179.00	 916	 21.12	 0.00200
17.24600	 2180.00	 975	 4.88	 0.00200
17.27100	 2181.00	 975	 4.88	 0.00200
17.29600	 2182.00	 975	 4.88	 0.00200
17.32100	 2183.00	 917	 20.84	 0.00300
17.34600	 2184.00	 976	 4.61	 0.00200
17.37100	 2185.00	 976	 4.61	 0.00200
17.39600	 2186.00	 976	 4.61	 0.00200
17.42100	 2187.00	 916	 21.12	 0.00200
17.44600	 2188.00	 976	 4.61	 0.00200
17.47100	 2189.00	 976	 4.61	 0.00200
17.49600	 2190.00	 976	 4.61	 0.00200
17.52100	 2191.00	 917	 20.84	 0.00200
17.54600	 2192.00	 977	 4.33	 0.00200
17.57100	 2193.00	 977	 4.33	 0.00200
17.59600	 2194.00	 977	 4.33	 0.00200
17.62200	 2195.00	 977	 4.33	 0.00200
17.64700	 2196.00	 977	 4.33	 0.00200
17.67200	 2197.00	 978	 4.06	 0.00200
17.69700	 2198.00	 977	 4.33	 0.00200
17.72200	 2199.00	 978	 4.06	 0.00200
17.74700	 2200.00	 978	 4.06	 0.00300
17.77200	 2201.00	 978	 4.06	 0.00200
17.79700	 2202.00	 979	 3.78	 0.00200
17.82200	 2203.00	 978	 4.06	 0.00200
17.84700	 2204.00	 978	 4.06	 0.00200
17.87200	 2205.00	 978	 4.06	 0.00200
17.89700	 2206.00	 979	 3.78	 0.00200
17.92200	 2207.00	 979	 3.78	 0.00200
17.94700	 2208.00	 979	 3.78	 0.00200
17.97200	 2209.00	 979	 3.78	 0.00200
17.99700	 2210.00	 979	 3.78	 0.00200
18.02200	 2211.00	 980	 3.51	 0.00200
18.04800	 2212.00	 979	 3.78	 0.00200
18.07300	 2213.00	 980	 3.51	 0.00200
18.09800	 2214.00	 980	 3.51	 0.00200
18.12300	 2215.00	 980	 3.51	 0.00200
18.14800	 2216.00	 980	 3.51	 0.00200
18.17300	 2217.00	 980	 3.51	 0.00300
18.19800	 2218.00	 980	 3.51	 0.00200
18.22300	 2219.00	 980	 3.51	 0.00200
18.24800	 2220.00	 980	 3.51	 0.00200
18.27300	 2221.00	 981	 3.23	 0.00200
18.29800	 2222.00	 981	 3.23	 0.00200
18.32300	 2223.00	 980	 3.51	 0.00200
18.34800	 2224.00	 981	 3.23	 0.00200
18.37300	 2225.00	 981	 3.23	 0.00200
18.39800	 2226.00	 981	 3.23	 0.00200
18.42300	 2227.00	 981	 3.23	 0.00200
18.44800	 2228.00	 981	 3.23	 0.00200
18.47300	 2229.00	 981	 3.23	 0.00300
18.49800	 2230.00	 982	 2.96	 0.00200
18.52300	 2231.00	 980	 3.51	 0.00200
18.54800	 2232.00	 981	 3.23	 0.00200
18.57300	 2233.00	 981	 3.23	 0.00200
18.59800	 2234.00	 982	 2.96	 0.00200
18.62300	 2235.00	 982	 2.96	 0.00200
18.64800	 2236.00	 982	 2.96	 0.00200
18.67300	 2237.00	 982	 2.96	 0.00200
18.69800	 2238.00	 983	 2.68	 0.00200
18.72300	 2239.00	 983	 2.68	 0.00200
18.74800	 2240.00	 983	 2.68	 0.00200
18.77400	 2241.00	 984	 2.41	 0.00200
18.79900	 2242.00	 983	 2.68	 0.00200
18.82400	 2243.00	 984	 2.41	 0.00200
18.84900	 2244.00	 984	 2.41	 0.00200
18.87400	 2245.00	 984	 2.41	 0.00200
18.89900	 2246.00	 984	 2.41	 0.00300
18.92400	 2247.00	 984	 2.41	 0.00200
18.94900	 2248.00	 984	 2.41	 0.00200
18.97400	 2249.00	 984	 2.41	 0.00200
18.99900	 2250.00	 984	 2.41	 0.00200
19.02400	 2251.00	 984	 2.41	 0.00200
19.04900	 2252.00	 984	 2.41	 0.00200
19.07400	 2253.00	 984	 2.41	 0.00200
19.09900	 2254.00	 984	 2.41	 0.00200
19.12400	 2255.00	 984	 2.41	 0.00200
19.14900	 2256.00	 984	 2.41	 0.00200
19.17400	 2257.00	 984	 2.41	 0.00200
19.20000	 2258.00	 985	 2.13	 0.00200
19.22500	 2259.00	 985	 2.13	 0.00200
19.25000	 2260.00	 984	 2.41	 0.00200
19.27500	 2261.00	 985	 2.13	 0.00200
19.30000	 2262.00	 984	 2.41	 0.00200
19.32500	 2263.00	 985	 2.13	 0.00300
19.35000	 2264.00	 985	 2.13	 0.00200
19.37500	 2265.00	 985	 2.13	 0.00200
19.40000	 2266.00	 985	 2.13	 0.00200
19.42500	 2267.00	 985	 2.13	 0.00200
19.45000	 2268.00	 985	 2.13	 0.00200
19.47500	 2269.00	 985	 2.13	 0.00200
19.50000	 2270.00	 985	 2.13	 0.00200
19.52500	 2271.00	 985	 2.13	 0.00200
19.55000	 2272.00	 985	 2.13	 0.00200
19.57500	 2273.00	 984	 2.41	 0.00200
19.60000	 2274.00	 986	 1.86	 0.00200
19.62500	 2275.00	 986	 1.86	 0.00300
19.65000	 2276.00	 986	 1.86	 0.00200
19.67500	 2277.00	 986	 1.86	 0.00200
19.70000	 2278.00	 986	 1.86	 0.00200
19.72500	 2279.00	 986	 1.86	 0.00200
19.75000	 2280.00	 986	 1.86	 0.00200
19.77500	 2281.00	 986	 1.86	 0.00200
19.80000	 2282.00	 987	 1.58	 0.00200
19.82500	 2283.00	 987	 1.58	 0.00200
19.85000	 2284.00	 986	 1.86	 0.00200
19.87500	 2285.00	 987	 1.58	 0.00200
19.90000	 2286.00	 987	 1.58	 0.00200
19.92600	 2287.00	 987	 1.58	 0.00200
19.95100	 2288.00	 986	 1.86	 0.00200
19.97600	 2289.00	 987	 1.58	 0.00200
20.00100	 2290.00	 987	 1.58	 0.00200
20.02600	 2291.00	 987	 1.58	 0.00200
20.05100	 2292.00	 987	 1.58	 0.00300
20.07600	 2293.00	 988	 1.31	 0.00200
20.10100	 2294.00	 988	 1.31	 0.00200
20.12600	 2295.00	 988	 1.31	 0.00200
20.15100	 2296.00	 988	 1.31	 0.00200
20.17600	 2297.00	 988	 1.31	 0.00200
20.20100	 2298.00	 989	 1.03	 0.00200
20.22600	 2299.00	 988	 1.31	 0.00200
20.25100	 2300.00	 989	 1.03	 0.00200
20.27600	 2301.00	 989	 1.03	 0.00200
20.30100	 2302.00	 989	 1.03	 0.00200
20.32600	 2303.00	 989	 1.03	 0.00200
20.35200	 2304.00	 989	 1.03	 0.00200
20.37700	 2305.00	 988	 1.31	 0.00200
20.40200	 2306.00	 989	 1.03	 0.00200
20.42700	 2307.00	 989	 1.03	 0.00200
20.45200	 2308.00	 989	 1.03	 0.00200
20.47700	 2309.00	 989	 1.03	 0.00300
20.50200	 2310.00	 989	 1.03	 0.00200
20.52700	 2311.00	 989	 1.03	 0.00200
20.55200	 2312.00	 989	 1.03	 0.00200
20.57700	 2313.00	 989	 1.03	 0.00200
20.60200	 2314.00	 928	 17.81	 0.00200
20.62700	 2315.00	 989	 1.03	 0.00200
20.65200	 2316.00	 989	 1.03	 0.00200
20.67700	 2317.00	 989	 1.03	 0.00200
20.70200	 2318.00	 990	 0.76	 0.00200
20.72700	 2319.00	 989	 1.03	 0.00200
20.75200	 2320.00	 990	 0.76	 0.00200
20.77700	 2321.00	 990	 0.76	 0.00300
20.80200	 2322.00	 990	 0.76	 0.00200
20.82700	 2323.00	 990	 0.76	 0.00200
20.85200	 2324.00	 990	 0.76	 0.00200
20.87700	 2325.00	 990	 0.76	 0.00200
20.90200	 2326.00	 990	 0.76	 0.00200
20.92700	 2327.00	 990	 0.76	 0.00200
20.95200	 2328.00	 991	 0.48	 0.00200
20.97700	 2329.00	 990	 0.76	 0.00200
21.00200	 2330.00	 991	 0.48	 0.00200
21.02700	 2331.00	 990	 0.76	 0.00200
21.05200	 2332.00	 990	 0.76	 0.00200
21.07800	 2333.00	 991	 0.48	 0.00200
21.10300	 2334.00	 991	 0.48	 0.00200
21.12800	 2335.00	 990	 0.76	 0.00200
21.15300	 2336.00	 990	 0.76	 0.00200
21.17800	 2337.00	 991	 0.48	 0.00200
21.20300	 2338.00	 988	 1.31	 0.00300
21.22800	 2339.00	 992	 0.21	 0.00200
21.25300	 2340.00	 991	 0.48	 0.00200
21.27800	 2341.00	 991	 0.48	 0.00200
21.30300	 2342.00	 991	 0.48	 0.00200
21.32800	 2343.00	 991	 0.48	 0.00200
21.35300	 2344.00	 992	 0.21	 0.00200
21.37800	 2345.00	 991	 0.48	 0.00200
21.40300	 2346.00	 931	 16.99	 0.00200
21.42800	 2347.00	 992	 0.21	 0.00200
21.45300	 2348.00	 992	 0.21	 0.00200
21.47800	 2349.00	 992	 0.21	 0.00200
21.50400	 2350.00	 992	 0.21	 0.00200
21.52900	 2350.00	 992	 0.21	 0.00200
21.55400	 2349.00	 992	 0.21	 0.00200
21.57900	 2348.00	 993	 -0.07	 0.00200
21.60400	 2347.00	 992	 0.21	 0.00200
21.62900	 2346.00	 992	 0.21	 0.00300
21.65400	 2345.00	 992	 0.21	 0.00200
21.67900	 2344.00	 991	 0.48	 0.00200
21.70400	 2343.00	 992	 0.21	 0.00200
21.72900	 2342.00	 992	 0.21	 0.00200
21.75400	 2341.00	 992	 0.21	 0.00200
21.77900	 2340.00	 992	 0.21	 0.00200
21.80400	 2339.00	 984	 2.41	 0.00200
21.82900	 2338.00	 992	 0.21	 0.00200
21.85400	 2337.00	 992	 0.21	 0.00200
21.87900	 2336.00	 992	 0.21	 0.00200
21.90400	 2335.00	 992	 0.21	 0.00200
21.92900	 2334.00	 992	 0.21	 0.00300
21.95400	 2333.00	 992	 0.21	 0.00200
21.97900	 2332.00	 991	 0.48	 0.00200
22.00400	 2331.00	 992	 0.21	 0.00200
22.02900	 2330.00	 992	 0.21	 0.00200
22.05400	 2329.00	 992	 0.21	 0.00200
22.07900	 2328.00	 992	 0.21	 0.00200
22.10400	 2327.00	 984	 2.41	 0.00200
22.12900	 2326.00	 991	 0.48	 0.00200
22.15400	 2325.00	 991	 0.48	 0.00200
22.17900	 2324.00	 991	 0.48	 0.00200
22.20400	 2323.00	 990	 0.76	 0.00200
22.23000	 2322.00	 991	 0.48	 0.00200
22.25500	 2321.00	 991	 0.48	 0.00200
22.28000	 2320.00	 991	 0.48	 0.00200
22.30500	 2319.00	 991	 0.48	 0.00200
22.33000	 2318.00	 991	 0.48	 0.00200
22.35500	 2317.00	 991	 0.48	 0.00300
22.38000	 2316.00	 991	 0.48	 0.00200
22.40500	 2315.00	 991	 0.48	 0.00200
22.43000	 2314.00	 990	 0.76	 0.00200
22.45500	 2313.00	 991	 0.48	 0.00200
22.48000	 2312.00	 990	 0.76	 0.00200
22.50500	 2311.00	 991	 0.48	 0.00200
22.53000	 2310.00	 990	 0.76	 0.00200
22.55500	 2309.00	 991	 0.48	 0.00200
22.58000	 2308.00	 990	 0.76	 0.00200
22.60500	 2307.00	 990	 0.76	 0.00200
22.63000	 2306.00	 990	 0.76	 0.00200
22.65600	 2305.00	 989	 1.03	 0.00200
22.68100	 2304.00	 990	 0.76	 0.00200
22.70600	 2303.00	 990	 0.76	 0.00200
22.73100	 2302.00	 989	 1.03	 0.00200
22.75600	 2301.00	 989	 1.03	 0.00200
22.78100	 2300.00	 989	 1.03	 0.00300
22.80600	 2299.00	 989	 1.03	 0.00200
22.83100	 2298.00	 988	 1.31	 0.00200
22.85600	 2297.00	 989	 1.03	 0.00200
22.88100	 2296.00	 989	 1.03	 0.00200
22.90600	 2295.00	 989	 1.03	 0.00200
22.93100	 2294.00	 989	 1.03	 0.00200
22.95600	 2293.00	 989	 1.03	 0.00200
22.98100	 2292.00	 989	 1.03	 0.00200
23.00600	 2291.00	 989	 1.03	 0.00200
23.03100	 2290.00	 989	 1.03	 0.00200
23.05600	 2289.00	 989	 1.03	 0.00200
23.08100	 2288.00	 989	 1.03	 0.00300
23.10600	 2287.00	 989	 1.03	 0.00200
23.13100	 2286.00	 989	 1.03	 0.00200
23.15600	 2285.00	 988	 1.31	 0.00200
23.18100	 2284.00	 988	 1.31	 0.00200
23.20600	 2283.00	 988	 1.31	 0.00200
23.23100	 2282.00	 988	 1.31	 0.00200
23.25600	 2281.00	 988	 1.31	 0.00200
23.28100	 2280.00	 987	 1.58	 0.00200
23.30600	 2279.00	 988	 1.31	 0.00200
23.33100	 2278.00	 987	 1.58	 0.00200
23.35600	 2277.00	 987	 1.58	 0.00200
23.38200	 2276.00	 987	 1.58	 0.00200
23.40700	 2275.00	 987	 1.58	 0.00200
23.43200	 2274.00	 986	 1.86	 0.00200
23.45700	 2273.00	 986	 1.86	 0.00200
23.48200	 2272.00	 986	 1.86	 0.00200
23.50700	 2271.00	 986	 1.86	 0.00300
23.53200	 2270.00	 986	 1.86	 0.00200
23.55700	 2269.00	 986	 1.86	 0.00200
23.58200	 2268.00	 986	 1.86	 0.00200
23.60700	 2267.00	 986	 1.86	 0.00200
23.63200	 2266.00	 985	 2.13	 0.00200
23.65700	 2265.00	 986	 1.86	 0.00200
23.68200	 2264.00	 986	 1.86	 0.00200
23.70700	 2263.00	 984	 2.41	 0.00200
23.73200	 2262.00	 986	 1.86	 0.00200
23.75700	 2261.00	 985	 2.13	 0.00200
23.78200	 2260.00	 985	 2.13	 0.00200
23.80800	 2259.00	 985	 2.13	 0.00200
23.83300	 2258.00	 985	 2.13	 0.00200
23.85800	 2257.00	 985	 2.13	 0.00200
23.88300	 2256.00	 985	 2.13	 0.00200
23.90800	 2255.00	 985	 2.13	 0.00200
23.93300	 2254.00	 984	 2.41	 0.00300
23.95800	 2253.00	 984	 2.41	 0.00200
23.98300	 2252.00	 984	 2.41	 0.00200
24.00800	 2251.00	 985	 2.13	 0.00200
24.03300	 2250.00	 984	 2.41	 0.00200
24.05800	 2249.00	 984	 2.41	 0.00200
24.08300	 2248.00	 984	 2.41	 0.00200
24.10800	 2247.00	 984	 2.41	 0.00200
24.13300	 2246.00	 984	 2.41	 0.00200
24.15800	 2245.00	 984	 2.41	 0.00200
24.18300	 2244.00	 922	 19.46	 0.00200
24.20800	 2243.00	 984	 2.41	 0.00200
24.23300	 2242.00	 984	 2.41	 0.00300
24.25800	 2241.00	 984	 2.41	 0.00200
24.28300	 2240.00	 984	 2.41	 0.00200
24.30800	 2239.00	 984	 2.41	 0.00200
24.33300	 2238.00	 984	 2.41	 0.00200
24.35800	 2237.00	 984	 2.41	 0.00200
24.38300	 2236.00	 923	 19.19	 0.00200
24.40800	 2235.00	 983	 2.68	 0.00200
24.43300	 2234.00	 984	 2.41	 0.00200
24.45800	 2233.00	 983	 2.68	 0.00200
24.48300	 2232.00	 983	 2.68	 0.00200
24.50800	 2231.00	 983	 2.68	 0.00200
24.53400	 2230.00	 982	 2.96	 0.00200
24.55900	 2229.00	 982	 2.96	 0.00200
24.58400	 2228.00	 982	 2.96	 0.00200
24.60900	 2227.00	 982	 2.96	 0.00200
24.63400	 2226.00	 981	 3.23	 0.00200
24.65900	 2225.00	 982	 2.96	 0.00300
24.68400	 2224.00	 923	 19.19	 0.00200
24.70900	 2223.00	 981	 3.23	 0.00200
24.73400	 2222.00	 982	 2.96	 0.00200
24.75900	 2221.00	 981	 3.23	 0.00200
24.78400	 2220.00	 981	 3.23	 0.00200
24.80900	 2219.00	 981	 3.23	 0.00200
24.83400	 2218.00	 981	 3.23	 0.00200
24.85900	 2217.00	 981	 3.23	 0.00200
24.88400	 2216.00	 921	 19.74	 0.00200
24.90900	 2215.00	 980	 3.51	 0.00200
24.93400	 2214.00	 980	 3.51	 0.00200
24.96000	 2213.00	 980	 3.51	 0.00200
24.98500	 2212.00	 979	 3.78	 0.00200
25.01000	 2211.00	 980	 3.51	 0.00200
25.03500	 2210.00	 980	 3.51	 0.00200
25.06000	 2209.00	 980	 3.51	 0.00200
25.08500	 2208.00	 980	 3.51	 0.00300
25.11000	 2207.00	 979	 3.78	 0.00200
25.13500	 2206.00	 980	 3.51	 0.00200
25.16000	 2205.00	 979	 3.78	 0.00200
25.18500	 2204.00	 979	 3.78	 0.00200
25.21000	 2203.00	 979	 3.78	 0.00200
25.23500	 2202.00	 979	 3.78	 0.00200
25.26000	 2201.00	 979	 3.78	 0.00200
25.28500	 2200.00	 978	 4.06	 0.00200
25.31000	 2199.00	 979	 3.78	 0.00200
25.33500	 2198.00	 978	 4.06	 0.00200
25.36000	 2197.00	 978	 4.06	 0.00200
25.38500	 2196.00	 978	 4.06	 0.00300
25.41000	 2195.00	 978	 4.06	 0.00200
25.43500	 2194.00	 978	 4.06	 0.00200
25.46000	 2193.00	 978	 4.06	 0.00200
25.48500	 2192.00	 976	 4.61	 0.00200
25.51000	 2191.00	 977	 4.33	 0.00200
25.53500	 2190.00	 978	 4.06	 0.00200
25.56000	 2189.00	 977	 4.33	 0.00200
25.58500	 2188.00	 977	 4.33	 0.00200
25.61000	 2187.00	 977	 4.33	 0.00200
25.63500	 2186.00	 977	 4.33	 0.00200
25.66000	 2185.00	 976	 4.61	 0.00200
25.68600	 2184.00	 976	 4.61	 0.00200
25.71100	 2183.00	 976	 4.61	 0.00200
25.73600	 2182.00	 976	 4.61	 0.00200
25.76100	 2181.00	 976	 4.61	 0.00200
25.78600	 2180.00	 976	 4.61	 0.00200
25.81100	 2179.00	 975	 4.88	 0.00300
25.83600	 2178.00	 976	 4.61	 0.00200
25.86100	 2177.00	 975	 4.88	 0.00200
25.88600	 2176.00	 975	 4.88	 0.00200
25.91100	 2175.00	 975	 4.88	 0.00200
25.93600	 2174.00	 975	 4.88	 0.00200
25.96100	 2173.00	 975	 4.88	 0.00200
25.98600	 2172.00	 974	 5.16	 0.00200
26.01100	 2171.00	 974	 5.16	 0.00200
26.03600	 2170.00	 974	 5.16	 0.00200
26.06100	 2169.00	 974	 5.16	 0.00200
26.08600	 2168.00	 974	 5.16	 0.00200
26.11200	 2167.00	 973	 5.43	 0.00200
26.13700	 2166.00	 974	 5.16	 0.00200
26.16200	 2165.00	 974	 5.16	 0.00200
26.18700	 2164.00	 974	 5.16	 0.00200
26.21200	 2163.00	 973	 5.43	 0.00200
26.23700	 2162.00	 973	 5.43	 0.00300
26.26200	 2161.00	 973	 5.43	 0.00200
26.28700	 2160.00	 973	 5.43	 0.00200
26.31200	 2159.00	 973	 5.43	 0.00200
26.33700	 2158.00	 973	 5.43	 0.00200
26.36200	 2157.00	 972	 5.71	 0.00200
26.38700	 2156.00	 972	 5.71	 0.00200
26.41200	 2155.00	 972	 5.71	 0.00200
26.43700	 2154.00	 972	 5.71	 0.00200
26.46200	 2153.00	 972	 5.71	 0.00200
26.48700	 2152.00	 972	 5.71	 0.00200
26.51200	 2151.00	 972	 5.71	 0.00200
26.53700	 2150.00	 972	 5.71	 0.00300
26.56200	 2149.00	 972	 5.71	 0.00200
26.58700	 2148.00	 971	 5.98	 0.00200
26.61200	 2147.00	 972	 5.71	 0.00200
26.63700	 2146.00	 971	 5.98	 0.00200
26.66200	 2145.00	 970	 6.26	 0.00200
26.68700	 2144.00	 971	 5.98	 0.00200
26.71200	 2143.00	 971	 5.98	 0.00200
26.73700	 2142.00	 971	 5.98	 0.00200
26.76200	 2141.00	 970	 6.26	 0.00200
26.78700	 2140.00	 970	 6.26	 0.00200
26.81200	 2139.00	 970	 6.26	 0.00200
26.83800	 2138.00	 970	 6.26	 0.00200
26.86300	 2137.00	 969	 6.54	 0.00200
26.88800	 2136.00	 970	 6.26	 0.00200
26.91300	 2135.00	 969	 6.54	 0.00200
26.93800	 2134.00	 969	 6.54	 0.00200
26.96300	 2133.00	 919	 20.29	 0.00300
26.98800	 2132.00	 969	 6.54	 0.00200
27.01300	 2131.00	 969	 6.54	 0.00200
27.03800	 2130.00	 969	 6.54	 0.00200
27.06300	 2129.00	 969	 6.54	 0.00200
27.08800	 2128.00	 968	 6.81	 0.00200
27.11300	 2127.00	 968	 6.81	 0.00200
27.13800	 2126.00	 968	 6.81	 0.00200
27.16300	 2125.00	 968	 6.81	 0.00200
27.18800	 2124.00	 968	 6.81	 0.00200
27.21300	 2123.00	 967	 7.09	 0.00200
27.23800	 2122.00	 967	 7.09	 0.00200
27.26400	 2121.00	 919	 20.29	 0.00200
27.28900	 2120.00	 966	 7.36	 0.00200
27.31400	 2119.00	 967	 7.09	 0.00200
27.33900	 2118.00	 967	 7.09	 0.00200
27.36400	 2117.00	 966	 7.36	 0.00200
27.38900	 2116.00	 966	 7.36	 0.00300
27.41400	 2115.00	 966	 7.36	 0.00200
27.43900	 2114.00	 966	 7.36	 0.00200
27.46400	 2113.00	 907	 23.59	 0.00200
27.48900	 2112.00	 966	 7.36	 0.00200
27.51400	 2111.00	 966	 7.36	 0.00200
27.53900	 2110.00	 966	 7.36	 0.00200
27.56400	 2109.00	 927	 18.09	 0.00200
27.58900	 2108.00	 965	 7.64	 0.00200
27.61400	 2107.00	 965	 7.64	 0.00200
27.63900	 2106.00	 965	 7.64	 0.00200
27.66400	 2105.00	 907	 23.59	 0.00200
27.68900	 2104.00	 964	 7.91	 0.00300
27.71400	 2103.00	 964	 7.91	 0.00200
27.73900	 2102.00	 964	 7.91	 0.00200
27.76400	 2101.00	 964	 7.91	 0.00200
27.78900	 2100.00	 964	 7.91	 0.00200
27.81400	 2099.00	 964	 7.91	 0.00200
27.83900	 2098.00	 963	 8.19	 0.00200
27.86400	 2097.00	 943	 13.69	 0.00200
27.88900	 2096.00	 963	 8.19	 0.00200
27.91400	 2095.00	 964	 7.91	 0.00200
27.93900	 2094.00	 964	 7.91	 0.00200
27.96400	 2093.00	 907	 23.59	 0.00200
27.99000	 2092.00	 964	 7.91	 0.00200
28.01500	 2091.00	 963	 8.19	 0.00200
28.04000	 2090.00	 963	 8.19	 0.00200
28.06500	 2089.00	 952	 11.21	 0.00200
28.09000	 2088.00	 962	 8.46	 0.00200
28.11500	 2087.00	 962	 8.46	 0.00300
28.14000	 2086.00	 962	 8.46	 0.00200
28.16500	 2085.00	 903	 24.69	 0.00200
28.19000	 2084.00	 962	 8.46	 0.00200
28.21500	 2083.00	 961	 8.74	 0.00200
28.24000	 2082.00	 961	 8.74	 0.00200
28.26500	 2081.00	 903	 24.69	 0.00200
28.29000	 2080.00	 961	 8.74	 0.00200
28.31500	 2079.00	 961	 8.74	 0.00200
28.34000	 2078.00	 960	 9.01	 0.00200
28.36500	 2077.00	 960	 9.01	 0.00200
28.39000	 2076.00	 960	 9.01	 0.00200
28.41600	 2075.00	 961	 8.74	 0.00200
28.44100	 2074.00	 960	 9.01	 0.00200
28.46600	 2073.00	 960	 9.01	 0.00200
28.49100	 2072.00	 960	 9.01	 0.00200
28.51600	 2071.00	 960	 9.01	 0.00200
28.54100	 2070.00	 959	 9.29	 0.00300
28.56600	 2069.00	 959	 9.29	 0.00200
28.59100	 2068.00	 959	 9.29	 0.00200
28.61600	 2067.00	 959	 9.29	 0.00200
28.64100	 2066.00	 959	 9.29	 0.00200
28.66600	 2065.00	 958	 9.56	 0.00200
28.69100	 2064.00	 957	 9.84	 0.00200
28.71600	 2063.00	 958	 9.56	 0.00200
28.74100	 2062.00	 958	 9.56	 0.00200
28.76600	 2061.00	 955	 10.39	 0.00200
28.79100	 2060.00	 958	 9.56	 0.00200
28.81600	 2059.00	 958	 9.56	 0.00200
28.84100	 2058.00	 958	 9.56	 0.00300
28.86600	 2057.00	 957	 9.84	 0.00200
28.89100	 2056.00	 957	 9.84	 0.00200
28.91600	 2055.00	 957	 9.84	 0.00200
28.94100	 2054.00	 957	 9.84	 0.00200
28.96600	 2053.00	 956	 10.11	 0.00200
28.99100	 2052.00	 956	 10.11	 0.00200
29.01600	 2051.00	 957	 9.84	 0.00200
29.04100	 2050.00	 956	 10.11	 0.00200
29.06600	 2049.00	 956	 10.11	 0.00200
29.09100	 2048.00	 956	 10.11	 0.00200
29.11600	 2047.00	 954	 10.66	 0.00200
29.14200	 2046.00	 955	 10.39	 0.00200
29.16700	 2045.00	 954	 10.66	 0.00200
29.19200	 2044.00	 955	 10.39	 0.00200
29.21700	 2043.00	 954	 10.66	 0.00200
29.24200	 2042.00	 954	 10.66	 0.00200
29.26700	 2041.00	 954	 10.66	 0.00300
29.29200	 2040.00	 955	 10.39	 0.00200
29.31700	 2039.00	 954	 10.66	 0.00200
29.34200	 2038.00	 954	 10.66	 0.00200
29.36700	 2037.00	 953	 10.94	 0.00200
29.39200	 2036.00	 953	 10.94	 0.00200
29.41700	 2035.00	 953	 10.94	 0.00200
29.44200	 2034.00	 953	 10.94	 0.00200
29.46700	 2033.00	 953	 10.94	 0.00200
29.49200	 2032.00	 953	 10.94	 0.00200
29.51700	 2031.00	 952	 11.21	 0.00200
29.54200	 2030.00	 952	 11.21	 0.00200
29.56800	 2029.00	 952	 11.21	 0.00200
29.59300	 2028.00	 952	 11.21	 0.00200
29.61800	 2027.00	 952	 11.21	 0.00200
29.64300	 2026.00	 953	 10.94	 0.00200
29.66800	 2025.00	 951	 11.49	 0.00200
29.69300	 2024.00	 952	 11.21	 0.00300
29.71800	 2023.00	 951	 11.49	 0.00200
29.74300	 2022.00	 951	 11.49	 0.00200
29.76800	 2021.00	 950	 11.76	 0.00200
29.79300	 2020.00	 949	 12.04	 0.00200
29.81800	 2019.00	 950	 11.76	 0.00200
29.84300	 2018.00	 950	 11.76	 0.00200
29.86800	 2017.00	 950	 11.76	 0.00200
29.89300	 2016.00	 950	 11.76	 0.00200
29.91800	 2015.00	 949	 12.04	 0.00200
29.94300	 2014.00	 949	 12.04	 0.00200
29.96800	 2013.00	 949	 12.04	 0.00200
29.99300	 2012.00	 949	 12.04	 0.00300
30.01800	 2011.00	 948	 12.31	 0.00200
30.04300	 2010.00	 948	 12.31	 0.00200
30.06800	 2009.00	 948	 12.31	 0.00200
30.09300	 2008.00	 949	 12.04	 0.00200
30.11800	 2007.00	 948	 12.31	 0.00200
30.14300	 2006.00	 948	 12.31	 0.00200
30.16800	 2005.00	 948	 12.31	 0.00200
30.19300	 2004.00	 947	 12.59	 0.00200
30.21800	 2003.00	 947	 12.59	 0.00200
30.24300	 2002.00	 947	 12.59	 0.00200
30.26800	 2001.00	 947	 12.59	 0.00200
30.29400	 2000.00	 947	 12.59	 0.00200
30.31900	 1999.00	 946	 12.86	 0.00200
30.34400	 1998.00	 947	 12.59	 0.00200
30.36900	 1997.00	 946	 12.86	 0.00200
30.39400	 1996.00	 946	 12.86	 0.00200
30.41900	 1995.00	 946	 12.86	 0.00300
30.44400	 1994.00	 946	 12.86	 0.00200
30.46900	 1993.00	 945	 13.14	 0.00200
30.49400	 1992.00	 945	 13.14	 0.00200
30.51900	 1991.00	 945	 13.14	 0.00200
30.54400	 1990.00	 945	 13.14	 0.00200
30.56900	 1989.00	 945	 13.14	 0.00200
30.59400	 1988.00	 945	 13.14	 0.00200
30.61900	 1987.00	 944	 13.41	 0.00200
30.64400	 1986.00	 945	 13.14	 0.00200
30.66900	 1985.00	 943	 13.69	 0.00200
30.69400	 1984.00	 944	 13.41	 0.00200
30.72000	 1983.00	 944	 13.41	 0.00200
30.74500	 1982.00	 887	 29.09	 0.00200
30.77000	 1981.00	 942	 13.96	 0.00200
30.79500	 1980.00	 943	 13.69	 0.00200
30.82000	 1979.00	 942	 13.96	 0.00200
30.84500	 1978.00	 885	 29.64	 0.00300
30.87000	 1977.00	 940	 14.51	 0.00200
30.89500	 1976.00	 942	 13.96	 0.00200
30.92000	 1975.00	 941	 14.24	 0.00200
30.94500	 1974.00	 886	 29.37	 0.00200
30.97000	 1973.00	 940	 14.51	 0.00200
30.99500	 1972.00	 941	 14.24	 0.00200
31.02000	 1971.00	 940	 14.51	 0.00200
31.04500	 1970.00	 940	 14.51	 0.00200
31.07000	 1969.00	 939	 14.79	 0.00200
31.09500	 1968.00	 940	 14.51	 0.00200
31.12000	 1967.00	 939	 14.79	 0.00200
31.14500	 1966.00	 883	 30.19	 0.00300
31.17000	 1965.00	 939	 14.79	 0.00200
31.19500	 1964.00	 939	 14.79	 0.00200
31.22000	 1963.00	 938	 15.06	 0.00200
31.24500	 1962.00	 937	 15.34	 0.00200
31.27000	 1961.00	 938	 15.06	 0.00200
31.29500	 1960.00	 938	 15.06	 0.00200
31.32000	 1959.00	 937	 15.34	 0.00200
31.34500	 1958.00	 937	 15.34	 0.00200
31.37000	 1957.00	 937	 15.34	 0.00200
31.39500	 1956.00	 936	 15.61	 0.00200
31.42000	 1955.00	 936	 15.61	 0.00200
31.44600	 1954.00	 882	 30.47	 0.00200
31.47100	 1953.00	 936	 15.61	 0.00200
31.49600	 1952.00	 936	 15.61	 0.00200
31.52100	 1951.00	 936	 15.61	 0.00200
31.54600	 1950.00	 881	 30.74	 0.00200
31.57100	 1949.00	 935	 15.89	 0.00300
31.59600	 1948.00	 935	 15.89	 0.00200
31.62100	 1947.00	 935	 15.89	 0.00200
31.64600	 1946.00	 935	 15.89	 0.00200
31.67100	 1945.00	 935	 15.89	 0.00200
31.69600	 1944.00	 934	 16.16	 0.00200
31.72100	 1943.00	 934	 16.16	 0.00200
31.74600	 1942.00	 935	 15.89	 0.00200
31.77100	 1941.00	 934	 16.16	 0.00200
31.79600	 1940.00	 934	 16.16	 0.00200
31.82100	 1939.00	 934	 16.16	 0.00200
31.84600	 1938.00	 878	 31.57	 0.00200
31.87200	 1937.00	 934	 16.16	 0.00200
31.89700	 1936.00	 933	 16.44	 0.00200
31.92200	 1935.00	 932	 16.71	 0.00200
31.94700	 1934.00	 932	 16.71	 0.00200
31.97200	 1933.00	 932	 16.71	 0.00200
31.99700	 1932.00	 931	 16.99	 0.00300
32.02200	 1931.00	 931	 16.99	 0.00200
32.04700	 1930.00	 931	 16.99	 0.00200
32.07200	 1929.00	 932	 16.71	 0.00200
32.09700	 1928.00	 931	 16.99	 0.00200
32.12200	 1927.00	 931	 16.99	 0.00200
32.14700	 1926.00	 930	 17.26	 0.00200
32.17200	 1925.00	 930	 17.26	 0.00200
32.19700	 1924.00	 930	 17.26	 0.00200
32.22200	 1923.00	 930	 17.26	 0.00200
32.24700	 1922.00	 930	 17.26	 0.00200
32.27200	 1921.00	 929	 17.54	 0.00200
32.29700	 1920.00	 929	 17.54	 0.00300
32.32200	 1919.00	 929	 17.54	 0.00200
32.34700	 1918.00	 929	 17.54	 0.00200
32.37200	 1917.00	 929	 17.54	 0.00200
32.39700	 1916.00	 929	 17.54	 0.00200
32.42200	 1915.00	 929	 17.54	 0.00200
32.44700	 1914.00	 927	 18.09	 0.00200
32.47200	 1913.00	 928	 17.81	 0.00200
32.49700	 1912.00	 928	 17.81	 0.00200
32.52200	 1911.00	 928	 17.81	 0.00200
32.54700	 1910.00	 927	 18.09	 0.00200
32.57200	 1909.00	 927	 18.09	 0.00200
32.59800	 1908.00	 927	 18.09	 0.00200
32.62300	 1907.00	 927	 18.09	 0.00200
32.64800	 1906.00	 927	 18.09	 0.00200
32.67300	 1905.00	 927	 18.09	 0.00200
32.69800	 1904.00	 926	 18.36	 0.00200
32.72300	 1903.00	 925	 18.64	 0.00300
32.74800	 1902.00	 924	 18.91	 0.00200
32.77300	 1901.00	 925	 18.64	 0.00200
32.79800	 1900.00	 924	 18.91	 0.00200
32.82300	 1899.00	 923	 19.19	 0.00200
32.84800	 1898.00	 925	 18.64	 0.00200
32.87300	 1897.00	 923	 19.19	 0.00200
32.89800	 1896.00	 923	 19.19	 0.00200
32.92300	 1895.00	 923	 19.19	 0.00200
32.94800	 1894.00	 924	 18.91	 0.00200
32.97300	 1893.00	 923	 19.19	 0.00200
32.99800	 1892.00	 923	 19.19	 0.00200
33.02400	 1891.00	 923	 19.19	 0.00200
33.04900	 1890.00	 922	 19.46	 0.00200
33.07400	 1889.00	 922	 19.46	 0.00200
33.09900	 1888.00	 922	 19.46	 0.00200
33.12400	 1887.00	 923	 19.19	 0.00200
33.14900	 1886.00	 922	 19.46	 0.00300
33.17400	 1885.00	 921	 19.74	 0.00200
33.19900	 1884.00	 922	 19.46	 0.00200
33.22400	 1883.00	 921	 19.74	 0.00200
33.24900	 1882.00	 921	 19.74	 0.00200
33.27400	 1881.00	 920	 20.01	 0.00200
33.29900	 1880.00	 921	 19.74	 0.00200
33.32400	 1879.00	 921	 19.74	 0.00200
33.34900	 1878.00	 920	 20.01	 0.00200
33.37400	 1877.00	 920	 20.01	 0.00200
33.39900	 1876.00	 920	 20.01	 0.00200
33.42400	 1875.00	 919	 20.29	 0.00200
33.44900	 1874.00	 919	 20.29	 0.00300
33.47400	 1873.00	 920	 20.01	 0.00200
33.49900	 1872.00	 919	 20.29	 0.00200
33.52400	 1871.00	 919	 20.29	 0.00200
33.54900	 1870.00	 918	 20.57	 0.00200
33.57400	 1869.00	 919	 20.29	 0.00200
33.59900	 1868.00	 918	 20.57	 0.00200
33.62400	 1867.00	 917	 20.84	 0.00200
33.64900	 1866.00	 917	 20.84	 0.00200
33.67400	 1865.00	 918	 20.57	 0.00200
33.69900	 1864.00	 917	 20.84	 0.00200
33.72400	 1863.00	 917	 20.84	 0.00200
33.75000	 1862.00	 917	 20.84	 0.00200
33.77500	 1861.00	 917	 20.84	 0.00200
33.80000	 1860.00	 915	 21.39	 0.00200
33.82500	 1859.00	 891	 27.99	 0.00200
33.85000	 1858.00	 916	 21.12	 0.00200
33.87500	 1857.00	 915	 21.39	 0.00300
33.90000	 1856.00	 914	 21.67	 0.00200
33.92500	 1855.00	 915	 21.39	 0.00200
33.95000	 1854.00	 915	 21.39	 0.00200
33.97500	 1853.00	 914	 21.67	 0.00200
34.00000	 1852.00	 914	 21.67	 0.00200
34.02500	 1851.00	 915	 21.39	 0.00200
34.05000	 1850.00	 914	 21.67	 0.00200
34.07500	 1849.00	 914	 21.67	 0.00200
34.10000	 1848.00	 914	 21.67	 0.00200
34.12500	 1847.00	 895	 26.89	 0.00200
34.15000	 1846.00	 912	 22.22	 0.00200
34.17600	 1845.00	 913	 21.94	 0.00200
34.20100	 1844.00	 913	 21.94	 0.00200
34.22600	 1843.00	 912	 22.22	 0.00200
34.25100	 1842.00	 913	 21.94	 0.00200
34.27600	 1841.00	 912	 22.22	 0.00200
34.30100	 1840.00	 913	 21.94	 0.00300
34.32600	 1839.00	 857	 37.35	 0.00200
34.35100	 1838.00	 911	 22.49	 0.00200
34.37600	 1837.00	 912	 22.22	 0.00200
34.40100	 1836.00	 910	 22.77	 0.00200
34.42600	 1835.00	 856	 37.62	 0.00200
34.45100	 1834.00	 911	 22.49	 0.00200
34.47600	 1833.00	 910	 22.77	 0.00200
34.50100	 1832.00	 909	 23.04	 0.00200
34.52600	 1831.00	 862	 35.97	 0.00200
34.55100	 1830.00	 909	 23.04	 0.00200
34.57600	 1829.00	 909	 23.04	 0.00200
34.60100	 1828.00	 908	 23.32	 0.00300
34.62600	 1827.00	 854	 38.17	 0.00200
34.65100	 1826.00	 909	 23.04	 0.00200
34.67600	 1825.00	 908	 23.32	 0.00200
34.70100	 1824.00	 907	 23.59	 0.00200
34.72600	 1823.00	 908	 23.32	 0.00200
34.75100	 1822.00	 906	 23.87	 0.00200
34.77600	 1821.00	 907	 23.59	 0.00200
34.80100	 1820.00	 907	 23.59	 0.00200
34.82600	 1819.00	 861	 36.25	 0.00200
34.85100	 1818.00	 905	 24.14	 0.00200
34.87600	 1817.00	 906	 23.87	 0.00200
34.90200	 1816.00	 907	 23.59	 0.00200
34.92700	 1815.00	 906	 23.87	 0.00200
34.95200	 1814.00	 905	 24.14	 0.00200
34.97700	 1813.00	 905	 24.14	 0.00200
35.00200	 1812.00	 906	 23.87	 0.00200
35.02700	 1811.00	 905	 24.14	 0.00300
35.05200	 1810.00	 905	 24.14	 0.00200
35.07700	 1809.00	 905	 24.14	 0.00200
35.10200	 1808.00	 905	 24.14	 0.00200
35.12700	 1807.00	 851	 39.00	 0.00200
35.15200	 1806.00	 905	 24.14	 0.00200
35.17700	 1805.00	 905	 24.14	 0.00200
35.20200	 1804.00	 904	 24.42	 0.00200
35.22700	 1803.00	 851	 39.00	 0.00200
35.25200	 1802.00	 904	 24.42	 0.00200
35.27700	 1801.00	 904	 24.42	 0.00200
35.30200	 1800.00	 903	 24.69	 0.00200
35.32800	 1799.00	 898	 26.07	 0.00200
35.35300	 1798.00	 903	 24.69	 0.00200
35.37800	 1797.00	 901	 25.24	 0.00200
35.40300	 1796.00	 901	 25.24	 0.00200
35.42800	 1795.00	 902	 24.97	 0.00200
35.45300	 1794.00	 902	 24.97	 0.00300
35.47800	 1793.00	 901	 25.24	 0.00200
35.50300	 1792.00	 901	 25.24	 0.00200
35.52800	 1791.00	 901	 25.24	 0.00200
35.55300	 1790.00	 900	 25.52	 0.00200
35.57800	 1789.00	 900	 25.52	 0.00200
35.60300	 1788.00	 900	 25.52	 0.00200
35.62800	 1787.00	 896	 26.62	 0.00200
35.65300	 1786.00	 898	 26.07	 0.00200
35.67800	 1785.00	 898	 26.07	 0.00200
35.70300	 1784.00	 899	 25.79	 0.00200
35.72800	 1783.00	 898	 26.07	 0.00200
35.75300	 1782.00	 898	 26.07	 0.00300
35.77800	 1781.00	 898	 26.07	 0.00200
35.80300	 1780.00	 898	 26.07	 0.00200
35.82800	 1779.00	 897	 26.34	 0.00200
35.85300	 1778.00	 897	 26.34	 0.00200
35.87800	 1777.00	 897	 26.34	 0.00200
35.90300	 1776.00	 898	 26.07	 0.00200
35.92800	 1775.00	 897	 26.34	 0.00200
35.95300	 1774.00	 897	 26.34	 0.00200
35.97800	 1773.00	 895	 26.89	 0.00200
36.00300	 1772.00	 896	 26.62	 0.00200
36.02800	 1771.00	 895	 26.89	 0.00200
36.05400	 1770.00	 897	 26.34	 0.00200
36.07900	 1769.00	 896	 26.62	 0.00200
36.10400	 1768.00	 895	 26.89	 0.00200
36.12900	 1767.00	 895	 26.89	 0.00200
36.15400	 1766.00	 896	 26.62	 0.00200
36.17900	 1765.00	 895	 26.89	 0.00300
36.20400	 1764.00	 894	 27.17	 0.00200
36.22900	 1763.00	 895	 26.89	 0.00200
36.25400	 1762.00	 894	 27.17	 0.00200
36.27900	 1761.00	 894	 27.17	 0.00200
36.30400	 1760.00	 895	 26.89	 0.00200
36.32900	 1759.00	 893	 27.44	 0.00200
36.35400	 1758.00	 893	 27.44	 0.00200
36.37900	 1757.00	 892	 27.72	 0.00200
36.40400	 1756.00	 893	 27.44	 0.00200
36.42900	 1755.00	 892	 27.72	 0.00200
36.45400	 1754.00	 892	 27.72	 0.00200
36.48000	 1753.00	 892	 27.72	 0.00200
36.50500	 1752.00	 892	 27.72	 0.00200
36.53000	 1751.00	 891	 27.99	 0.00200
36.55500	 1750.00	 891	 27.99	 0.00200
36.58000	 1749.00	 891	 27.99	 0.00200
36.60500	 1748.00	 891	 27.99	 0.00300
36.63000	 1747.00	 890	 28.27	 0.00200
36.65500	 1746.00	 890	 28.27	 0.00200
36.68000	 1745.00	 890	 28.27	 0.00200
36.70500	 1744.00	 890	 28.27	 0.00200
36.73000	 1743.00	 888	 28.82	 0.00200
36.75500	 1742.00	 890	 28.27	 0.00200
36.78000	 1741.00	 889	 28.54	 0.00200
36.80500	 1740.00	 888	 28.82	 0.00200
36.83000	 1739.00	 887	 29.09	 0.00200
36.85500	 1738.00	 888	 28.82	 0.00200
36.88000	 1737.00	 887	 29.09	 0.00200
36.90500	 1736.00	 886	 29.37	 0.00300
36.93000	 1735.00	 887	 29.09	 0.00200
36.95500	 1734.00	 887	 29.09	 0.00200
36.98000	 1733.00	 887	 29.09	 0.00200
37.00500	 1732.00	 886	 29.37	 0.00200
37.03000	 1731.00	 886	 29.37	 0.00200
37.05500	 1730.00	 886	 29.37	 0.00200
37.08000	 1729.00	 885	 29.64	 0.00200
37.10500	 1728.00	 886	 29.37	 0.00200
37.13000	 1727.00	 885	 29.64	 0.00200
37.15500	 1726.00	 885	 29.64	 0.00200
37.18000	 1725.00	 884	 29.92	 0.00200
37.20600	 1724.00	 884	 29.92	 0.00200
37.23100	 1723.00	 884	 29.92	 0.00200
37.25600	 1722.00	 884	 29.92	 0.00200
37.28100	 1721.00	 884	 29.92	 0.00200
37.30600	 1720.00	 884	 29.92	 0.00200
37.33100	 1719.00	 883	 30.19	 0.00300
37.35600	 1718.00	 883	 30.19	 0.00200
37.38100	 1717.00	 883	 30.19	 0.00200
37.40600	 1716.00	 877	 31.84	 0.00200
37.43100	 1715.00	 883	 30.19	 0.00200
37.45600	 1714.00	 883	 30.19	 0.00200
37.48100	 1713.00	 883	 30.19	 0.00200
37.50600	 1712.00	 883	 30.19	 0.00200
37.53100	 1711.00	 882	 30.47	 0.00200
37.55600	 1710.00	 883	 30.19	 0.00200
37.58100	 1709.00	 883	 30.19	 0.00200
37.60600	 1708.00	 882	 30.47	 0.00200
37.63200	 1707.00	 881	 30.74	 0.00200
37.65700	 1706.00	 881	 30.74	 0.00200
37.68200	 1705.00	 881	 30.74	 0.00200
37.70700	 1704.00	 880	 31.02	 0.00200
37.73200	 1703.00	 879	 31.29	 0.00200
37.75700	 1702.00	 879	 31.29	 0.00300
37.78200	 1701.00	 879	 31.29	 0.00200
37.80700	 1700.00	 879	 31.29	 0.00200
37.83200	 1699.00	 879	 31.29	 0.00200
37.85700	 1698.00	 879	 31.29	 0.00200
37.88200	 1697.00	 879	 31.29	 0.00200
37.90700	 1696.00	 828	 45.32	 0.00200
37.93200	 1695.00	 879	 31.29	 0.00200
37.95700	 1694.00	 878	 31.57	 0.00200
37.98200	 1693.00	 878	 31.57	 0.00200
38.00700	 1692.00	 878	 31.57	 0.00200
38.03200	 1691.00	 878	 31.57	 0.00200
38.05700	 1690.00	 877	 31.84	 0.00300
38.08200	 1689.00	 877	 31.84	 0.00200
38.10700	 1688.00	 877	 31.84	 0.00200
38.13200	 1687.00	 877	 31.84	 0.00200
38.15700	 1686.00	 876	 32.12	 0.00200
38.18200	 1685.00	 876	 32.12	 0.00200
38.20700	 1684.00	 826	 45.87	 0.00200
38.23200	 1683.00	 876	 32.12	 0.00200
38.25700	 1682.00	 875	 32.39	 0.00200
38.28200	 1681.00	 876	 32.12	 0.00200
38.30700	 1680.00	 825	 46.15	 0.00200
38.33200	 1679.00	 875	 32.39	 0.00200
38.35800	 1678.00	 874	 32.67	 0.00200
38.38300	 1677.00	 875	 32.39	 0.00200
38.40800	 1676.00	 825	 46.15	 0.00200
38.43300	 1675.00	 874	 32.67	 0.00200
38.45800	 1674.00	 874	 32.67	 0.00200
38.48300	 1673.00	 874	 32.67	 0.00300
38.50800	 1672.00	 873	 32.94	 0.00200
38.53300	 1671.00	 873	 32.94	 0.00200
38.55800	 1670.00	 873	 32.94	 0.00200
38.58300	 1669.00	 873	 32.94	 0.00200
38.60800	 1668.00	 872	 33.22	 0.00200
38.63300	 1667.00	 872	 33.22	 0.00200
38.65800	 1666.00	 872	 33.22	 0.00200
38.68300	 1665.00	 872	 33.22	 0.00200
38.70800	 1664.00	 871	 33.49	 0.00200
38.73300	 1663.00	 872	 33.22	 0.00200
38.75800	 1662.00	 871	 33.49	 0.00200
38.78400	 1661.00	 871	 33.49	 0.00200
38.80900	 1660.00	 872	 33.22	 0.00200
38.83400	 1659.00	 871	 33.49	 0.00200
38.85900	 1658.00	 870	 33.77	 0.00200
38.88400	 1657.00	 870	 33.77	 0.00200
38.90900	 1656.00	 870	 33.77	 0.00300
38.93400	 1655.00	 870	 33.77	 0.00200
38.95900	 1654.00	 870	 33.77	 0.00200
38.98400	 1653.00	 870	 33.77	 0.00200
39.00900	 1652.00	 869	 34.05	 0.00200
39.03400	 1651.00	 869	 34.05	 0.00200
39.05900	 1650.00	 868	 34.32	 0.00200
39.08400	 1650.00	 868	 34.32	 0.00200
39.10900	 1650.00	 867	 34.60	 0.00200
39.13400	 1650.00	 867	 34.60	 0.00200
39.15900	 1650.00	 867	 34.60	 0.00200
39.18400	 1650.00	 867	 34.60	 0.00200
39.20900	 1650.00	 867	 34.60	 0.00300
39.23400	 1650.00	 867	 34.60	 0.00200
39.25900	 1650.00	 867	 34.60	 0.00200
39.28400	 1650.00	 867	 34.60	 0.00200
39.30900	 1650.00	 867	 34.60	 0.00200
39.33400	 1650.00	 867	 34.60	 0.00200
39.35900	 1650.00	 867	 34.60	 0.00200
39.38400	 1650.00	 867	 34.60	 0.00200
39.40900	 1650.00	 867	 34.60	 0.00200
39.43400	 1650.00	 867	 34.60	 0.00200
39.45900	 1650.00	 867	 34.60	 0.00200
39.48400	 1650.00	 867	 34.60	 0.00200
39.51000	 1650.00	 866	 34.87	 0.00200
39.53500	 1650.00	 868	 34.32	 0.00200
39.56000	 1650.00	 867	 34.60	 0.00200
39.58500	 1650.00	 868	 34.32	 0.00200
39.61000	 1650.00	 867	 34.60	 0.00200
39.63500	 1650.00	 867	 34.60	 0.00300
39.66000	 1650.00	 868	 34.32	 0.00200
39.68500	 1650.00	 867	 34.60	 0.00200
39.71000	 1650.00	 868	 34.32	 0.00200
39.73500	 1650.00	 867	 34.60	 0.00200
39.76000	 1650.00	 868	 34.32	 0.00200
39.78500	 1650.00	 868	 34.32	 0.00200
39.81000	 1650.00	 867	 34.60	 0.00200
39.83500	 1650.00	 867	 34.60	 0.00200
39.86000	 1650.00	 867	 34.60	 0.00200
39.88500	 1650.00	 868	 34.32	 0.00200
39.91000	 1650.00	 867	 34.60	 0.00200
39.93600	 1650.00	 867	 34.60	 0.00200
39.96100	 1650.00	 867	 34.60	 0.00200
39.98600	 1650.00	 868	 34.32	 0.00200
40.01100	 1650.00	 867	 34.60	 0.00200
40.03600	 1650.00	 868	 34.32	 0.00200
40.06100	 1650.00	 867	 34.60	 0.00300
40.08600	 1650.00	 868	 34.32	 0.00200
40.11100	 1650.00	 867	 34.60	 0.00200
40.13600	 1650.00	 868	 34.32	 0.00200
40.16100	 1650.00	 867	 34.60	 0.00200
40.18600	 1650.00	 868	 34.32	 0.00200
40.21100	 1650.00	 867	 34.60	 0.00200
40.23600	 1650.00	 867	 34.60	 0.00200
40.26100	 1650.00	 867	 34.60	 0.00200
40.28600	 1650.00	 868	 34.32	 0.00200
40.31100	 1650.00	 867	 34.60	 0.00200
40.33600	 1650.00	 868	 34.32	 0.00200
40.36100	 1650.00	 867	 34.60	 0.00300
40.38600	 1650.00	 867	 34.60	 0.00200
40.41100	 1650.00	 867	 34.60	 0.00200
40.43600	 1650.00	 868	 34.32	 0.00200
40.46100	 1650.00	 867	 34.60	 0.00200
40.48600	 1650.00	 868	 34.32	 0.00200
40.51100	 1650.00	 868	 34.32	 0.00200
40.53600	 1650.00	 867	 34.60	 0.00200
40.56100	 1650.00	 867	 34.60	 0.00200
40.58600	 1650.00	 868	 34.32	 0.00200
40.61100	 1650.00	 867	 34.60	 0.00200
40.63600	 1650.00	 868	 34.32	 0.00200
40.66200	 1650.00	 867	 34.60	 0.00200
40.68700	 1650.00	 867	 34.60	 0.00200
40.71200	 1650.00	 867	 34.60	 0.00200
40.73700	 1650.00	 867	 34.60	 0.00200
40.76200	 1650.00	 867	 34.60	 0.00200
40.78700	 1650.00	 867	 34.60	 0.00300
40.81200	 1650.00	 867	 34.60	 0.00200
40.83700	 1650.00	 867	 34.60	 0.00200
40.86200	 1650.00	 867	 34.60	 0.00200
40.88700	 1650.00	 867	 34.60	 0.00200
40.91200	 1650.00	 866	 34.87	 0.00200
40.93700	 1650.00	 867	 34.60	 0.00200
40.96200	 1650.00	 867	 34.60	 0.00200
40.98700	 1650.00	 868	 34.32	 0.00200
41.01200	 1650.00	 867	 34.60	 0.00200
41.03700	 1650.00	 866	 34.87	 0.00200
41.06200	 1650.00	 867	 34.60	 0.00200
41.08800	 1650.00	 867	 34.60	 0.00200
41.11300	 1650.00	 867	 34.60	 0.00200
41.13800	 1650.00	 867	 34.60	 0.00200
41.16300	 1650.00	 867	 34.60	 0.00200
41.18800	 1650.00	 868	 34.32	 0.00200
41.21300	 1650.00	 867	 34.60	 0.00300
41.23800	 1650.00	 867	 34.60	 0.00200
41.26300	 1650.00	 867	 34.60	 0.00200
41.28800	 1650.00	 867	 34.60	 0.00200
41.31300	 1650.00	 868	 34.32	 0.00200
41.33800	 1650.00	 867	 34.60	 0.00200
41.36300	 1650.00	 867	 34.60	 0.00200
41.38800	 1650.00	 867	 34.60	 0.00200
41.41300	 1650.00	 867	 34.60	 0.00200
41.43800	 1650.00	 868	 34.32	 0.00200
41.46300	 1650.00	 867	 34.60	 0.00200
41.48800	 1650.00	 867	 34.60	 0.00200
41.51300	 1650.00	 867	 34.60	 0.00300
41.53800	 1650.00	 867	 34.60	 0.00200
41.56300	 1650.00	 868	 34.32	 0.00200
41.58800	 1650.00	 867	 34.60	 0.00200
41.61300	 1650.00	 867	 34.60	 0.00200
41.63800	 1650.00	 867	 34.60	 0.00200
41.66300	 1650.00	 868	 34.32	 0.00200
41.68800	 1650.00	 867	 34.60	 0.00200
41.71300	 1650.00	 867	 34.60	 0.00200
41.73800	 1650.00	 867	 34.60	 0.00200
41.76300	 1650.00	 867	 34.60	 0.00200
41.78800	 1650.00	 867	 34.60	 0.00200
41.81400	 1650.00	 867	 34.60	 0.00200
41.83900	 1650.00	 867	 34.60	 0.00200
41.86400	 1650.00	 867	 34.60	 0.00200
41.88900	 1650.00	 867	 34.60	 0.00200
41.91400	 1650.00	 868	 34.32	 0.00200
41.93900	 1650.00	 867	 34.60	 0.00300
41.96400	 1650.00	 867	 34.60	 0.00200
41.98900	 1650.00	 867	 34.60	 0.00200
42.01400	 1650.00	 867	 34.60	 0.00200
42.03900	 1650.00	 867	 34.60	 0.00200
42.06400	 1650.00	 868	 34.32	 0.00200
42.08900	 1650.00	 867	 34.60	 0.00200
42.11400	 1650.00	 867	 34.60	 0.00200
42.13900	 1650.00	 867	 34.60	 0.00200
42.16400	 1650.00	 867	 34.60	 0.00200
42.18900	 1650.00	 867	 34.60	 0.00200
42.21400	 1650.00	 867	 34.60	 0.00200
42.24000	 1650.00	 867	 34.60	 0.00200
42.26500	 1650.00	 867	 34.60	 0.00200
42.29000	 1650.00	 868	 34.32	 0.00200
42.31500	 1650.00	 867	 34.60	 0.00200
42.34000	 1650.00	 868	 34.32	 0.00200
42.36500	 1650.00	 868	 34.32	 0.00300
42.39000	 1650.00	 867	 34.60	 0.00200
42.41500	 1650.00	 867	 34.60	 0.00200
42.44000	 1650.00	 867	 34.60	 0.00200
42.46500	 1650.00	 868	 34.32	 0.00200
42.49000	 1650.00	 867	 34.60	 0.00200
42.51500	 1650.00	 867	 34.60	 0.00200
42.54000	 1650.00	 867	 34.60	 0.00200
42.56500	 1650.00	 867	 34.60	 0.00200
42.59000	 1650.00	 868	 34.32	 0.00200
42.61500	 1650.00	 867	 34.60	 0.00200
42.64000	 1650.00	 867	 34.60	 0.00200
42.66500	 1650.00	 867	 34.60	 0.00300
42.69000	 1650.00	 867	 34.60	 0.00200
42.71500	 1650.00	 867	 34.60	 0.00200
42.74000	 1650.00	 867	 34.60	 0.00200
42.76500	 1650.00	 867	 34.60	 0.00200
42.79000	 1650.00	 867	 34.60	 0.00200
42.81500	 1650.00	 867	 34.60	 0.00200
42.84000	 1650.00	 867	 34.60	 0.00200
42.86500	 1650.00	 867	 34.60	 0.00200
42.89000	 1650.00	 868	 34.32	 0.00200
42.91500	 1650.00	 868	 34.32	 0.00200
42.94000	 1650.00	 867	 34.60	 0.00200
42.96600	 1650.00	 867	 34.60	 0.00200
42.99100	 1650.00	 866	 34.87	 0.00200
43.01600	 1650.00	 868	 34.32	 0.00200
43.04100	 1650.00	 867	 34.60	 0.00200
43.06600	 1650.00	 868	 34.32	 0.00200
43.09100	 1650.00	 867	 34.60	 0.00300
43.11600	 1650.00	 867	 34.60	 0.00200
43.14100	 1650.00	 867	 34.60	 0.00200
43.16600	 1650.00	 867	 34.60	 0.00200
43.19100	 1650.00	 867	 34.60	 0.00200
43.21600	 1650.00	 868	 34.32	 0.00200
43.24100	 1650.00	 867	 34.60	 0.00200
43.26600	 1650.00	 867	 34.60	 0.00200
43.29100	 1650.00	 867	 34.60	 0.00200
43.31600	 1650.00	 868	 34.32	 0.00200
43.34100	 1650.00	 867	 34.60	 0.00200
43.36600	 1650.00	 868	 34.32	 0.00200
43.39200	 1650.00	 868	 34.32	 0.00200
43.41700	 1650.00	 867	 34.60	 0.00200
43.44200	 1650.00	 867	 34.60	 0.00200
43.46700	 1650.00	 867	 34.60	 0.00200
43.49200	 1650.00	 867	 34.60	 0.00200
43.51700	 1650.00	 867	 34.60	 0.00300
43.54200	 1650.00	 867	 34.60	 0.00200
43.56700	 1650.00	 867	 34.60	 0.00200
43.59200	 1650.00	 867	 34.60	 0.00200
43.61700	 1650.00	 867	 34.60	 0.00200
43.64200	 1650.00	 868	 34.32	 0.00200
43.66700	 1650.00	 867	 34.60	 0.00200
43.69200	 1650.00	 867	 34.60	 0.00200
43.71700	 1650.00	 867	 34.60	 0.00200
43.74200	 1650.00	 867	 34.60	 0.00200
43.76700	 1650.00	 868	 34.32	 0.00200
43.79200	 1650.00	 867	 34.60	 0.00200
43.81700	 1650.00	 867	 34.60	 0.00300
43.84200	 1650.00	 867	 34.60	 0.00200
43.86700	 1650.00	 868	 34.32	 0.00200
43.89200	 1650.00	 867	 34.60	 0.00200
43.91700	 1650.00	 867	 34.60	 0.00200
43.94200	 1650.00	 867	 34.60	 0.00200
43.96700	 1650.00	 867	 34.60	 0.00200
43.99200	 1650.00	 868	 34.32	 0.00200
44.01700	 1650.00	 867	 34.60	 0.00200
44.04200	 1650.00	 868	 34.32	 0.00200
44.06700	 1650.00	 868	 34.32	 0.00200
44.09200	 1650.00	 867	 34.60	 0.00200
44.11800	 1650.00	 868	 34.32	 0.00200
44.14300	 1650.00	 867	 34.60	 0.00200
44.16800	 1650.00	 868	 34.32	 0.00200
44.19300	 1650.00	 867	 34.60	 0.00200
44.21800	 1650.00	 867	 34.60	 0.00200
44.24300	 1650.00	 867	 34.60	 0.00300
44.26800	 1650.00	 867	 34.60	 0.00200
44.29300	 1650.00	 867	 34.60	 0.00200
44.31800	 1650.00	 867	 34.60	 0.00200
44.34300	 1650.00	 867	 34.60	 0.00200
44.36800	 1650.00	 867	 34.60	 0.00200
44.39300	 1650.00	 868	 34.32	 0.00200
44.41800	 1650.00	 867	 34.60	 0.00200
44.44300	 1650.00	 867	 34.60	 0.00200
44.46800	 1650.00	 867	 34.60	 0.00200
44.49300	 1650.00	 867	 34.60	 0.00200
44.51800	 1650.00	 868	 34.32	 0.00200
44.54400	 1650.00	 868	 34.32	 0.00200
44.56900	 1650.00	 867	 34.60	 0.00200
44.59400	 1650.00	 868	 34.32	 0.00200
44.61900	 1650.00	 867	 34.60	 0.00200
44.64400	 1650.00	 868	 34.32	 0.00200
44.66900	 1650.00	 867	 34.60	 0.00300
44.69400	 1650.00	 867	 34.60	 0.00200
44.71900	 1650.00	 867	 34.60	 0.00200
44.74400	 1650.00	 867	 34.60	 0.00200
44.76900	 1650.00	 868	 34.32	 0.00200
44.79400	 1650.00	 868	 34.32	 0.00200
44.81900	 1650.00	 867	 34.60	 0.00200
44.84400	 1650.00	 867	 34.60	 0.00200
44.86900	 1650.00	 867	 34.60	 0.00200
44.89400	 1650.00	 868	 34.32	 0.00200
44.91900	 1650.00	 867	 34.60	 0.00200
44.94400	 1650.00	 867	 34.60	 0.00200
44.96900	 1650.00	 867	 34.60	 0.00300
44.99400	 1650.00	 867	 34.60	 0.00200
45.01900	 1650.00	 867	 34.60	 0.00200
45.04400	 1650.00	 867	 34.60	 0.00200
45.06900	 1650.00	 867	 34.60	 0.00200
45.09400	 1650.00	 868	 34.32	 0.00200
45.11900	 1650.00	 867	 34.60	 0.00200
45.14400	 1650.00	 867	 34.60	 0.00200
45.16900	 1650.00	 867	 34.60	 0.00200
45.19400	 1650.00	 868	 34.32	 0.00200
45.21900	 1650.00	 867	 34.60	 0.00200
45.24400	 1650.00	 867	 34.60	 0.00200
45.27000	 1650.00	 867	 34.60	 0.00200
45.29500	 1650.00	 866	 34.87	 0.00200
45.32000	 1650.00	 868	 34.32	 0.00200
45.34500	 1650.00	 867	 34.60	 0.00200
45.37000	 1650.00	 867	 34.60	 0.00200