0.52400	 1652.00	 110	 42.18	 0.00200
0.54900	 1653.00	 110	 42.18	 0.00200
0.57400	 1654.00	 110	 42.18	 0.00200
0.59900	 1655.00	 110	 42.18	 0.00200
0.62400	 1656.00	 110	 42.18	 0.00200
0.64900	 1657.00	 110	 42.18	 0.00200
0.67400	 1658.00	 110	 42.18	 0.00200
0.69900	 1659.00	 110	 42.18	 0.00200
0.72400	 1660.00	 110	 42.18	 0.00300
0.74900	 1661.00	 110	 42.18	 0.00200
0.77400	 1662.00	 110	 42.18	 0.00200
0.79900	 1663.00	 110	 42.18	 0.00200
0.82400	 1664.00	 110	 42.18	 0.00200
0.84900	 1665.00	 110	 42.18	 0.00200
0.87400	 1666.00	 110	 42.18	 0.00200
0.89900	 1667.00	 110	 42.18	 0.00200
0.92400	 1668.00	 111	 41.90	 0.00200
0.94900	 1669.00	 111	 41.90	 0.00200
0.97400	 1670.00	 120	 39.36	 0.00200
0.99900	 1671.00	 112	 41.61	 0.00200
1.02400	 1672.00	 112	 41.61	 0.00200
1.04900	 1673.00	 113	 41.33	 0.00200
1.07400	 1674.00	 113	 41.33	 0.00200
1.09900	 1675.00	 113	 41.33	 0.00200
1.12400	 1676.00	 114	 41.05	 0.00200
1.14900	 1677.00	 113	 41.33	 0.00300
1.17400	 1678.00	 113	 41.33	 0.00200
1.19900	 1679.00	 113	 41.33	 0.00200
1.22400	 1680.00	 113	 41.33	 0.00200
1.24900	 1681.00	 114	 41.05	 0.00200
1.27400	 1682.00	 120	 39.36	 0.00200
1.29900	 1683.00	 114	 41.05	 0.00200
1.32400	 1684.00	 115	 40.77	 0.00200
1.34900	 1685.00	 115	 40.77	 0.00200
1.37400	 1686.00	 115	 40.77	 0.00200
1.39900	 1687.00	 116	 40.49	 0.00200
1.42400	 1688.00	 116	 40.49	 0.00200
1.44900	 1689.00	 116	 40.49	 0.00300
1.47400	 1690.00	 117	 40.20	 0.00200
1.49900	 1691.00	 117	 40.20	 0.00200
1.52400	 1692.00	 118	 39.92	 0.00200
1.54900	 1693.00	 118	 39.92	 0.00200
1.57400	 1694.00	 112	 41.61	 0.00200
1.59900	 1695.00	 119	 39.64	 0.00200
1.62400	 1696.00	 119	 39.64	 0.00200
1.64900	 1697.00	 119	 39.64	 0.00200
1.67400	 1698.00	 120	 39.36	 0.00200
1.69900	 1699.00	 120	 39.36	 0.00200
1.72400	 1700.00	 120	 39.36	 0.00200
1.75000	 1701.00	 121	 39.08	 0.00200
1.77500	 1702.00	 145	 32.31	 0.00200
1.80000	 1703.00	 121	 39.08	 0.00200
1.82500	 1704.00	 122	 38.80	 0.00200
1.85000	 1705.00	 123	 38.51	 0.00200
1.87500	 1706.00	 147	 31.75	 0.00300
1.90000	 1707.00	 124	 38.23	 0.00200
1.92500	 1708.00	 124	 38.23	 0.00200
1.95000	 1709.00	 125	 37.95	 0.00200
1.97500	 1710.00	 136	 34.85	 0.00200
2.00000	 1711.00	 125	 37.95	 0.00200
2.02500	 1712.00	 126	 37.67	 0.00200
2.05000	 1713.00	 126	 37.67	 0.00200
2.07500	 1714.00	 126	 37.67	 0.00200
2.10000	 1715.00	 126	 37.67	 0.00200
2.12500	 1716.00	 126	 37.67	 0.00200
2.15000	 1717.00	 127	 37.39	 0.00200
2.17600	 1718.00	 127	 37.39	 0.00200
2.20100	 1719.00	 128	 37.10	 0.00200
2.22600	 1720.00	 128	 37.10	 0.00200
2.25100	 1721.00	 128	 37.10	 0.00200
2.27600	 1722.00	 128	 37.10	 0.00200
2.30100	 1723.00	 128	 37.10	 0.00300
2.32600	 1724.00	 128	 37.10	 0.00200
2.35100	 1725.00	 129	 36.82	 0.00200
2.37600	 1726.00	 129	 36.82	 0.00200
2.40100	 1727.00	 130	 36.54	 0.00200
2.42600	 1728.00	 130	 36.54	 0.00200
2.45100	 1729.00	 130	 36.54	 0.00200
2.47600	 1730.00	 130	 36.54	 0.00200
2.50100	 1731.00	 130	 36.54	 0.00200
2.52600	 1732.00	 131	 36.26	 0.00200
2.55100	 1733.00	 131	 36.26	 0.00200
2.57600	 1734.00	 154	 29.78	 0.00200
2.60100	 1735.00	 132	 35.98	 0.00300
2.62600	 1736.00	 132	 35.98	 0.00200
2.65100	 1737.00	 132	 35.98	 0.00200
2.67600	 1738.00	 133	 35.70	 0.00200
2.70100	 1739.00	 133	 35.70	 0.00200
2.72600	 1740.00	 133	 35.70	 0.00200
2.75100	 1741.00	 134	 35.41	 0.00200
2.77600	 1742.00	 134	 35.41	 0.00200
2.80100	 1743.00	 134	 35.41	 0.00200
2.82600	 1744.00	 134	 35.41	 0.00200
2.85100	 1745.00	 134	 35.41	 0.00200
2.87600	 1746.00	 156	 29.21	 0.00200
2.90200	 1747.00	 135	 35.13	 0.00200
2.92700	 1748.00	 135	 35.13	 0.00200
2.95200	 1749.00	 135	 35.13	 0.00200
2.97700	 1750.00	 135	 35.13	 0.00200
3.00200	 1751.00	 136	 34.85	 0.00200
3.02700	 1752.00	 135	 35.13	 0.00300
3.05200	 1753.00	 136	 34.85	 0.00200
3.07700	 1754.00	 137	 34.57	 0.00200
3.10200	 1755.00	 136	 34.85	 0.00200
3.12700	 1756.00	 137	 34.57	 0.00200
3.15200	 1757.00	 136	 34.85	 0.00200
3.17700	 1758.00	 137	 34.57	 0.00200
3.20200	 1759.00	 137	 34.57	 0.00200
3.22700	 1760.00	 138	 34.29	 0.00200
3.25200	 1761.00	 138	 34.29	 0.00200
3.27700	 1762.00	 138	 34.29	 0.00200
3.30200	 1763.00	 138	 34.29	 0.00200
3.32800	 1764.00	 139	 34.01	 0.00200
3.35300	 1765.00	 139	 34.01	 0.00200
3.37800	 1766.00	 140	 33.72	 0.00200
3.40300	 1767.00	 140	 33.72	 0.00200
3.42800	 1768.00	 140	 33.72	 0.00200
3.45300	 1769.00	 140	 33.72	 0.00300
3.47800	 1770.00	 141	 33.44	 0.00200
3.50300	 1771.00	 141	 33.44	 0.00200
3.52800	 1772.00	 141	 33.44	 0.00200
3.55300	 1773.00	 141	 33.44	 0.00200
3.57800	 1774.00	 142	 33.16	 0.00200
3.60300	 1775.00	 142	 33.16	 0.00200
3.62800	 1776.00	 142	 33.16	 0.00200
3.65300	 1777.00	 142	 33.16	 0.00200
3.67800	 1778.00	 142	 33.16	 0.00200
3.70300	 1779.00	 142	 33.16	 0.00200
3.72800	 1780.00	 143	 32.88	 0.00200
3.75300	 1781.00	 143	 32.88	 0.00300
3.77800	 1782.00	 144	 32.60	 0.00200
3.80300	 1783.00	 144	 32.60	 0.00200
3.82800	 1784.00	 144	 32.60	 0.00200
3.85300	 1785.00	 145	 32.31	 0.00200
3.87800	 1786.00	 145	 32.31	 0.00200
3.90300	 1787.00	 145	 32.31	 0.00200
3.92800	 1788.00	 145	 32.31	 0.00200
3.95300	 1789.00	 145	 32.31	 0.00200
3.97800	 1790.00	 146	 32.03	 0.00200
4.00300	 1791.00	 146	 32.03	 0.00200
4.02800	 1792.00	 146	 32.03	 0.00200
4.05400	 1793.00	 146	 32.03	 0.00200
4.07900	 1794.00	 146	 32.03	 0.00200
4.10400	 1795.00	 146	 32.03	 0.00200
4.12900	 1796.00	 147	 31.75	 0.00200
4.15400	 1797.00	 147	 31.75	 0.00200
4.17900	 1798.00	 147	 31.75	 0.00300
4.20400	 1799.00	 148	 31.47	 0.00200
4.22900	 1800.00	 148	 31.47	 0.00200
4.25400	 1801.00	 148	 31.47	 0.00200
4.27900	 1802.00	 148	 31.47	 0.00200
4.30400	 1803.00	 148	 31.47	 0.00200
4.32900	 1804.00	 149	 31.19	 0.00200
4.35400	 1805.00	 149	 31.19	 0.00200
4.37900	 1806.00	 149	 31.19	 0.00200
4.40400	 1807.00	 150	 30.91	 0.00200
4.42900	 1808.00	 150	 30.91	 0.00200
4.45400	 1809.00	 151	 30.62	 0.00200
4.48000	 1810.00	 150	 30.91	 0.00200
4.50500	 1811.00	 151	 30.62	 0.00200
4.53000	 1812.00	 151	 30.62	 0.00200
4.55500	 1813.00	 151	 30.62	 0.00200
4.58000	 1814.00	 150	 30.91	 0.00200
4.60500	 1815.00	 151	 30.62	 0.00300
4.63000	 1816.00	 151	 30.62	 0.00200
4.65500	 1817.00	 152	 30.34	 0.00200
4.68000	 1818.00	 152	 30.34	 0.00200
4.70500	 1819.00	 152	 30.34	 0.00200
4.73000	 1820.00	 153	 30.06	 0.00200
4.75500	 1821.00	 153	 30.06	 0.00200
4.78000	 1822.00	 153	 30.06	 0.00200
4.80500	 1823.00	 153	 30.06	 0.00200
4.83000	 1824.00	 154	 29.78	 0.00200
4.85500	 1825.00	 154	 29.78	 0.00200
4.88000	 1826.00	 154	 29.78	 0.00200
4.90500	 1827.00	 154	 29.78	 0.00300
4.93000	 1828.00	 155	 29.50	 0.00200
4.95500	 1829.00	 155	 29.50	 0.00200
4.98000	 1830.00	 155	 29.50	 0.00200
5.00500	 1831.00	 155	 29.50	 0.00200
5.03000	 1832.00	 156	 29.21	 0.00200
5.05500	 1833.00	 156	 29.21	 0.00200
5.08000	 1834.00	 156	 29.21	 0.00200
5.10500	 1835.00	 157	 28.93	 0.00200
5.13000	 1836.00	 157	 28.93	 0.00200
5.15500	 1837.00	 157	 28.93	 0.00200
5.18000	 1838.00	 157	 28.93	 0.00200
5.20600	 1839.00	 158	 28.65	 0.00200
5.23100	 1840.00	 158	 28.65	 0.00200
5.25600	 1841.00	 156	 29.21	 0.00200
5.28100	 1842.00	 159	 28.37	 0.00200
5.30600	 1843.00	 159	 28.37	 0.00200
5.33100	 1844.00	 159	 28.37	 0.00300
5.35600	 1845.00	 170	 25.27	 0.00200
5.38100	 1846.00	 159	 28.37	 0.00200
5.40600	 1847.00	 160	 28.09	 0.00200
5.43100	 1848.00	 160	 28.09	 0.00200
5.45600	 1849.00	 180	 22.45	 0.00200
5.48100	 1850.00	 160	 28.09	 0.00200
5.50600	 1851.00	 162	 27.52	 0.00200
5.53100	 1852.00	 161	 27.81	 0.00200
5.55600	 1853.00	 161	 27.81	 0.00200
5.58100	 1854.00	 162	 27.52	 0.00200
5.60600	 1855.00	 162	 27.52	 0.00200
5.63200	 1856.00	 162	 27.52	 0.00200
5.65700	 1857.00	 182	 21.89	 0.00200
5.68200	 1858.00	 163	 27.24	 0.00200
5.70700	 1859.00	 163	 27.24	 0.00200
5.73200	 1860.00	 163	 27.24	 0.00200
5.75700	 1861.00	 183	 21.61	 0.00300
5.78200	 1862.00	 164	 26.96	 0.00200
5.80700	 1863.00	 164	 26.96	 0.00200
5.83200	 1864.00	 164	 26.96	 0.00200
5.85700	 1865.00	 191	 19.35	 0.00200
5.88200	 1866.00	 165	 26.68	 0.00200
5.90700	 1867.00	 165	 26.68	 0.00200
5.93200	 1868.00	 165	 26.68	 0.00200
5.95700	 1869.00	 184	 21.32	 0.00200
5.98200	 1870.00	 165	 26.68	 0.00200
6.00700	 1871.00	 166	 26.40	 0.00200
6.03200	 1872.00	 166	 26.40	 0.00200
6.05700	 1873.00	 184	 21.32	 0.00300
6.08200	 1874.00	 167	 26.11	 0.00200
6.10700	 1875.00	 167	 26.11	 0.00200
6.13200	 1876.00	 167	 26.11	 0.00200
6.15700	 1877.00	 187	 20.48	 0.00200
6.18200	 1878.00	 168	 25.83	 0.00200
6.20700	 1879.00	 168	 25.83	 0.00200
6.23200	 1880.00	 168	 25.83	 0.00200
6.25700	 1881.00	 187	 20.48	 0.00200
6.28200	 1882.00	 168	 25.83	 0.00200
6.30700	 1883.00	 168	 25.83	 0.00200
6.33200	 1884.00	 169	 25.55	 0.00200
6.35800	 1885.00	 188	 20.20	 0.00200
6.38300	 1886.00	 169	 25.55	 0.00200
6.40800	 1887.00	 169	 25.55	 0.00200
6.43300	 1888.00	 169	 25.55	 0.00200
6.45800	 1889.00	 187	 20.48	 0.00200
6.48300	 1890.00	 169	 25.55	 0.00300
6.50800	 1891.00	 170	 25.27	 0.00200
6.53300	 1892.00	 170	 25.27	 0.00200
6.55800	 1893.00	 173	 24.42	 0.00200
6.58300	 1894.00	 170	 25.27	 0.00200
6.60800	 1895.00	 171	 24.99	 0.00200
6.63300	 1896.00	 170	 25.27	 0.00200
6.65800	 1897.00	 190	 19.63	 0.00200
6.68300	 1898.00	 171	 24.99	 0.00200
6.70800	 1899.00	 172	 24.71	 0.00200
6.73300	 1900.00	 172	 24.71	 0.00200
6.75800	 1901.00	 191	 19.35	 0.00200
6.78400	 1902.00	 172	 24.71	 0.00200
6.80900	 1903.00	 172	 24.71	 0.00200
6.83400	 1904.00	 172	 24.71	 0.00200
6.85900	 1905.00	 172	 24.71	 0.00200
6.88400	 1906.00	 172	 24.71	 0.00200
6.90900	 1907.00	 172	 24.71	 0.00300
6.93400	 1908.00	 172	 24.71	 0.00200
6.95900	 1909.00	 173	 24.42	 0.00200
6.98400	 1910.00	 173	 24.42	 0.00200
7.00900	 1911.00	 174	 24.14	 0.00200
7.03400	 1912.00	 174	 24.14	 0.00200
7.05900	 1913.00	 174	 24.14	 0.00200
7.08400	 1914.00	 174	 24.14	 0.00200
7.10900	 1915.00	 175	 23.86	 0.00200
7.13400	 1916.00	 175	 23.86	 0.00200
7.15900	 1917.00	 175	 23.86	 0.00200
7.18400	 1918.00	 175	 23.86	 0.00200
7.20900	 1919.00	 176	 23.58	 0.00300
7.23400	 1920.00	 176	 23.58	 0.00200
7.25900	 1921.00	 177	 23.30	 0.00200
7.28400	 1922.00	 176	 23.58	 0.00200
7.30900	 1923.00	 177	 23.30	 0.00200
7.33400	 1924.00	 178	 23.01	 0.00200
7.35900	 1925.00	 178	 23.01	 0.00200
7.38400	 1926.00	 178	 23.01	 0.00200
7.40900	 1927.00	 178	 23.01	 0.00200
7.43400	 1928.00	 178	 23.01	 0.00200
7.45900	 1929.00	 178	 23.01	 0.00200
7.48400	 1930.00	 179	 22.73	 0.00200
7.51000	 1931.00	 179	 22.73	 0.00200
7.53500	 1932.00	 179	 22.73	 0.00200
7.56000	 1933.00	 179	 22.73	 0.00200
7.58500	 1934.00	 180	 22.45	 0.00200
7.61000	 1935.00	 180	 22.45	 0.00200
7.63500	 1936.00	 180	 22.45	 0.00300
7.66000	 1937.00	 180	 22.45	 0.00200
7.68500	 1938.00	 181	 22.17	 0.00200
7.71000	 1939.00	 181	 22.17	 0.00200
7.73500	 1940.00	 181	 22.17	 0.00200
7.76000	 1941.00	 182	 21.89	 0.00200
7.78500	 1942.00	 181	 22.17	 0.00200
7.81000	 1943.00	 182	 21.89	 0.00200
7.83500	 1944.00	 182	 21.89	 0.00200
7.86000	 1945.00	 182	 21.89	 0.00200
7.88500	 1946.00	 182	 21.89	 0.00200
7.91000	 1947.00	 182	 21.89	 0.00200
7.93600	 1948.00	 182	 21.89	 0.00200
7.96100	 1949.00	 182	 21.89	 0.00200
7.98600	 1950.00	 182	 21.89	 0.00200
8.01100	 1951.00	 183	 21.61	 0.00200
8.03600	 1952.00	 183	 21.61	 0.00200
8.06100	 1953.00	 184	 21.32	 0.00300
8.08600	 1954.00	 184	 21.32	 0.00200
8.11100	 1955.00	 184	 21.32	 0.00200
8.13600	 1956.00	 184	 21.32	 0.00200
8.16100	 1957.00	 184	 21.32	 0.00200
8.18600	 1958.00	 184	 21.32	 0.00200
8.21100	 1959.00	 184	 21.32	 0.00200
8.23600	 1960.00	 184	 21.32	 0.00200
8.26100	 1961.00	 185	 21.04	 0.00200
8.28600	 1962.00	 185	 21.04	 0.00200
8.31100	 1963.00	 185	 21.04	 0.00200
8.33600	 1964.00	 185	 21.04	 0.00200
8.36100	 1965.00	 185	 21.04	 0.00300
8.38600	 1966.00	 186	 20.76	 0.00200
8.41100	 1967.00	 186	 20.76	 0.00200
8.43600	 1968.00	 186	 20.76	 0.00200
8.46100	 1969.00	 186	 20.76	 0.00200
8.48600	 1970.00	 186	 20.76	 0.00200
8.51100	 1971.00	 187	 20.48	 0.00200
8.53600	 1972.00	 186	 20.76	 0.00200
8.56100	 1973.00	 187	 20.48	 0.00200
8.58600	 1974.00	 187	 20.48	 0.00200
8.61100	 1975.00	 187	 20.48	 0.00200
8.63600	 1976.00	 188	 20.20	 0.00200
8.66200	 1977.00	 188	 20.20	 0.00200
8.68700	 1978.00	 188	 20.20	 0.00200
8.71200	 1979.00	 189	 19.92	 0.00200
8.73700	 1980.00	 200	 16.82	 0.00200
8.76200	 1981.00	 189	 19.92	 0.00200
8.78700	 1982.00	 190	 19.63	 0.00300
8.81200	 1983.00	 190	 19.63	 0.00200
8.83700	 1984.00	 190	 19.63	 0.00200
8.86200	 1985.00	 190	 19.63	 0.00200
8.88700	 1986.00	 190	 19.63	 0.00200
8.91200	 1987.00	 191	 19.35	 0.00200
8.93700	 1988.00	 191	 19.35	 0.00200
8.96200	 1989.00	 191	 19.35	 0.00200
8.98700	 1990.00	 191	 19.35	 0.00200
9.01200	 1991.00	 192	 19.07	 0.00200
9.03700	 1992.00	 200	 16.82	 0.00200
9.06200	 1993.00	 192	 19.07	 0.00200
9.08800	 1994.00	 192	 19.07	 0.00200
9.11300	 1995.00	 192	 19.07	 0.00200
9.13800	 1996.00	 209	 14.28	 0.00200
9.16300	 1997.00	 192	 19.07	 0.00200
9.18800	 1998.00	 192	 19.07	 0.00200
9.21300	 1999.00	 193	 18.79	 0.00300
9.23800	 2000.00	 210	 14.00	 0.00200
9.26300	 2001.00	 193	 18.79	 0.00200
9.28800	 2002.00	 194	 18.51	 0.00200
9.31300	 2003.00	 194	 18.51	 0.00200
9.33800	 2004.00	 212	 13.43	 0.00200
9.36300	 2005.00	 195	 18.22	 0.00200
9.38800	 2006.00	 195	 18.22	 0.00200
9.41300	 2007.00	 195	 18.22	 0.00200
9.43800	 2008.00	 211	 13.72	 0.00200
9.46300	 2009.00	 195	 18.22	 0.00200
9.48800	 2010.00	 196	 17.94	 0.00200
9.51300	 2011.00	 196	 17.94	 0.00300
9.53800	 2012.00	 213	 13.15	 0.00200
9.56300	 2013.00	 197	 17.66	 0.00200
9.58800	 2014.00	 197	 17.66	 0.00200
9.61300	 2015.00	 197	 17.66	 0.00200
9.63800	 2016.00	 214	 12.87	 0.00200
9.66300	 2017.00	 198	 17.38	 0.00200
9.68800	 2018.00	 198	 17.38	 0.00200
9.71300	 2019.00	 198	 17.38	 0.00200
9.73800	 2020.00	 211	 13.72	 0.00200
9.76300	 2021.00	 198	 17.38	 0.00200
9.78800	 2022.00	 199	 17.10	 0.00200
9.81400	 2023.00	 199	 17.10	 0.00200
9.83900	 2024.00	 215	 12.59	 0.00200
9.86400	 2025.00	 199	 17.10	 0.00200
9.88900	 2026.00	 199	 17.10	 0.00200
9.91400	 2027.00	 200	 16.82	 0.00200
9.93900	 2028.00	 201	 16.53	 0.00300
9.96400	 2029.00	 200	 16.82	 0.00200
9.98900	 2030.00	 200	 16.82	 0.00200
10.01400	 2031.00	 200	 16.82	 0.00200
10.03900	 2032.00	 215	 12.59	 0.00200
10.06400	 2033.00	 200	 16.82	 0.00200
10.08900	 2034.00	 200	 16.82	 0.00200
10.11400	 2035.00	 200	 16.82	 0.00200
10.13900	 2036.00	 217	 12.02	 0.00200
10.16400	 2037.00	 201	 16.53	 0.00200
10.18900	 2038.00	 201	 16.53	 0.00200
10.21400	 2039.00	 202	 16.25	 0.00200
10.24000	 2040.00	 219	 11.46	 0.00200
10.26500	 2041.00	 203	 15.97	 0.00200
10.29000	 2042.00	 202	 16.25	 0.00200
10.31500	 2043.00	 203	 15.97	 0.00200
10.34000	 2044.00	 206	 15.12	 0.00200
10.36500	 2045.00	 203	 15.97	 0.00300
10.39000	 2046.00	 203	 15.97	 0.00200
10.41500	 2047.00	 204	 15.69	 0.00200
10.44000	 2048.00	 204	 15.69	 0.00200
10.46500	 2049.00	 204	 15.69	 0.00200
10.49000	 2050.00	 204	 15.69	 0.00200
10.51500	 2051.00	 205	 15.41	 0.00200
10.54000	 2052.00	 211	 13.72	 0.00200
10.56500	 2053.00	 205	 15.41	 0.00200
10.59000	 2054.00	 205	 15.41	 0.00200
10.61500	 2055.00	 205	 15.41	 0.00200
10.64000	 2056.00	 209	 14.28	 0.00200
10.66500	 2057.00	 206	 15.12	 0.00300
10.69000	 2058.00	 206	 15.12	 0.00200
10.71500	 2059.00	 206	 15.12	 0.00200
10.74000	 2060.00	 207	 14.84	 0.00200
10.76500	 2061.00	 207	 14.84	 0.00200
10.79000	 2062.00	 207	 14.84	 0.00200
10.81500	 2063.00	 207	 14.84	 0.00200
10.84000	 2064.00	 223	 10.33	 0.00200
10.86500	 2065.00	 208	 14.56	 0.00200
10.89000	 2066.00	 208	 14.56	 0.00200
10.91500	 2067.00	 208	 14.56	 0.00200
10.94000	 2068.00	 214	 12.87	 0.00200
10.96600	 2069.00	 208	 14.56	 0.00200
10.99100	 2070.00	 209	 14.28	 0.00200
11.01600	 2071.00	 209	 14.28	 0.00200
11.04100	 2072.00	 209	 14.28	 0.00200
11.06600	 2073.00	 209	 14.28	 0.00200
11.09100	 2074.00	 210	 14.00	 0.00300
11.11600	 2075.00	 210	 14.00	 0.00200
11.14100	 2076.00	 210	 14.00	 0.00200
11.16600	 2077.00	 210	 14.00	 0.00200
11.19100	 2078.00	 211	 13.72	 0.00200
11.21600	 2079.00	 211	 13.72	 0.00200
11.24100	 2080.00	 210	 14.00	 0.00200
11.26600	 2081.00	 211	 13.72	 0.00200
11.29100	 2082.00	 211	 13.72	 0.00200
11.31600	 2083.00	 211	 13.72	 0.00200
11.34100	 2084.00	 212	 13.43	 0.00200
11.36600	 2085.00	 212	 13.43	 0.00200
11.39200	 2086.00	 213	 13.15	 0.00200
11.41700	 2087.00	 213	 13.15	 0.00200
11.44200	 2088.00	 213	 13.15	 0.00200
11.46700	 2089.00	 213	 13.15	 0.00200
11.49200	 2090.00	 213	 13.15	 0.00200
11.51700	 2091.00	 213	 13.15	 0.00300
11.54200	 2092.00	 214	 12.87	 0.00200
11.56700	 2093.00	 214	 12.87	 0.00200
11.59200	 2094.00	 214	 12.87	 0.00200
11.61700	 2095.00	 214	 12.87	 0.00200
11.64200	 2096.00	 214	 12.87	 0.00200
11.66700	 2097.00	 214	 12.87	 0.00200
11.69200	 2098.00	 215	 12.59	 0.00200
11.71700	 2099.00	 215	 12.59	 0.00200
11.74200	 2100.00	 215	 12.59	 0.00200
11.76700	 2101.00	 215	 12.59	 0.00200
11.79200	 2102.00	 216	 12.31	 0.00200
11.81700	 2103.00	 216	 12.31	 0.00300
11.84200	 2104.00	 216	 12.31	 0.00200
11.86700	 2105.00	 216	 12.31	 0.00200
11.89200	 2106.00	 217	 12.02	 0.00200
11.91700	 2107.00	 217	 12.02	 0.00200
11.94200	 2108.00	 217	 12.02	 0.00200
11.96700	 2109.00	 217	 12.02	 0.00200
11.99200	 2110.00	 217	 12.02	 0.00200
12.01700	 2111.00	 217	 12.02	 0.00200
12.04200	 2112.00	 218	 11.74	 0.00200
12.06700	 2113.00	 218	 11.74	 0.00200
12.09200	 2114.00	 218	 11.74	 0.00200
12.11800	 2115.00	 218	 11.74	 0.00200
12.14300	 2116.00	 218	 11.74	 0.00200
12.16800	 2117.00	 218	 11.74	 0.00200
12.19300	 2118.00	 219	 11.46	 0.00200
12.21800	 2119.00	 219	 11.46	 0.00200
12.24300	 2120.00	 218	 11.74	 0.00300
12.26800	 2121.00	 219	 11.46	 0.00200
12.29300	 2122.00	 220	 11.18	 0.00200
12.31800	 2123.00	 220	 11.18	 0.00200
12.34300	 2124.00	 220	 11.18	 0.00200
12.36800	 2125.00	 220	 11.18	 0.00200
12.39300	 2126.00	 220	 11.18	 0.00200
12.41800	 2127.00	 220	 11.18	 0.00200
12.44300	 2128.00	 221	 10.90	 0.00200
12.46800	 2129.00	 221	 10.90	 0.00200
12.49300	 2130.00	 222	 10.62	 0.00200
12.51800	 2131.00	 222	 10.62	 0.00200
12.54400	 2132.00	 222	 10.62	 0.00200
12.56900	 2133.00	 223	 10.33	 0.00200
12.59400	 2134.00	 223	 10.33	 0.00200
12.61900	 2135.00	 238	 6.11	 0.00200
12.64400	 2136.00	 223	 10.33	 0.00200
12.66900	 2137.00	 223	 10.33	 0.00300
12.69400	 2138.00	 223	 10.33	 0.00200
12.71900	 2139.00	 224	 10.05	 0.00200
12.74400	 2140.00	 224	 10.05	 0.00200
12.76900	 2141.00	 223	 10.33	 0.00200
12.79400	 2142.00	 224	 10.05	 0.00200
12.81900	 2143.00	 238	 6.11	 0.00200
12.84400	 2144.00	 224	 10.05	 0.00200
12.86900	 2145.00	 224	 10.05	 0.00200
12.89400	 2146.00	 224	 10.05	 0.00200
12.91900	 2147.00	 239	 5.83	 0.00200
12.94400	 2148.00	 225	 9.77	 0.00200
12.96900	 2149.00	 225	 9.77	 0.00300
12.99400	 2150.00	 225	 9.77	 0.00200
13.01900	 2151.00	 224	 10.05	 0.00200
13.04400	 2152.00	 226	 9.49	 0.00200
13.06900	 2153.00	 226	 9.49	 0.00200
13.09400	 2154.00	 226	 9.49	 0.00200
13.11900	 2155.00	 237	 6.39	 0.00200
13.14400	 2156.00	 227	 9.21	 0.00200
13.16900	 2157.00	 227	 9.21	 0.00200
13.19400	 2158.00	 227	 9.21	 0.00200
13.21900	 2159.00	 242	 4.98	 0.00200
13.24400	 2160.00	 227	 9.21	 0.00200
13.27000	 2161.00	 228	 8.92	 0.00200
13.29500	 2162.00	 228	 8.92	 0.00200
13.32000	 2163.00	 243	 4.70	 0.00200
13.34500	 2164.00	 228	 8.92	 0.00200
13.37000	 2165.00	 229	 8.64	 0.00200
13.39500	 2166.00	 229	 8.64	 0.00300
13.42000	 2167.00	 243	 4.70	 0.00200
13.44500	 2168.00	 229	 8.64	 0.00200
13.47000	 2169.00	 229	 8.64	 0.00200
13.49500	 2170.00	 230	 8.36	 0.00200
13.52000	 2171.00	 244	 4.42	 0.00200
13.54500	 2172.00	 230	 8.36	 0.00200
13.57000	 2173.00	 230	 8.36	 0.00200
13.59500	 2174.00	 230	 8.36	 0.00200
13.62000	 2175.00	 245	 4.13	 0.00200
13.64500	 2176.00	 231	 8.08	 0.00200
13.67000	 2177.00	 231	 8.08	 0.00200
13.69600	 2178.00	 231	 8.08	 0.00200
13.72100	 2179.00	 239	 5.83	 0.00200
13.74600	 2180.00	 232	 7.80	 0.00200
13.77100	 2181.00	 232	 7.80	 0.00200
13.79600	 2182.00	 232	 7.80	 0.00200
13.82100	 2183.00	 233	 7.52	 0.00300
13.84600	 2184.00	 233	 7.52	 0.00200
13.87100	 2185.00	 233	 7.52	 0.00200
13.89600	 2186.00	 233	 7.52	 0.00200
13.92100	 2187.00	 243	 4.70	 0.00200
13.94600	 2188.00	 233	 7.52	 0.00200
13.97100	 2189.00	 234	 7.23	 0.00200
13.99600	 2190.00	 234	 7.23	 0.00200
14.02100	 2191.00	 236	 6.67	 0.00200
14.04600	 2192.00	 234	 7.23	 0.00200
14.07100	 2193.00	 235	 6.95	 0.00200
14.09600	 2194.00	 235	 6.95	 0.00200
14.12100	 2195.00	 235	 6.95	 0.00300
14.14600	 2196.00	 235	 6.95	 0.00200
14.17100	 2197.00	 235	 6.95	 0.00200
14.19600	 2198.00	 235	 6.95	 0.00200
14.22100	 2199.00	 249	 3.01	 0.00200
14.24600	 2200.00	 236	 6.67	 0.00200
14.27100	 2201.00	 236	 6.67	 0.00200
14.29600	 2202.00	 236	 6.67	 0.00200
14.32100	 2203.00	 242	 4.98	 0.00200
14.34600	 2204.00	 237	 6.39	 0.00200
14.37100	 2205.00	 237	 6.39	 0.00200
14.39600	 2206.00	 237	 6.39	 0.00200
14.42200	 2207.00	 238	 6.11	 0.00200
14.44700	 2208.00	 237	 6.39	 0.00200
14.47200	 2209.00	 237	 6.39	 0.00200
14.49700	 2210.00	 238	 6.11	 0.00200
14.52200	 2211.00	 238	 6.11	 0.00200
14.54700	 2212.00	 238	 6.11	 0.00300
14.57200	 2213.00	 238	 6.11	 0.00200
14.59700	 2214.00	 238	 6.11	 0.00200
14.62200	 2215.00	 239	 5.83	 0.00200
14.64700	 2216.00	 239	 5.83	 0.00200
14.67200	 2217.00	 239	 5.83	 0.00200
14.69700	 2218.00	 239	 5.83	 0.00200
14.72200	 2219.00	 241	 5.26	 0.00200
14.74700	 2220.00	 240	 5.54	 0.00200
14.77200	 2221.00	 240	 5.54	 0.00200
14.79700	 2222.00	 240	 5.54	 0.00200
14.82200	 2223.00	 241	 5.26	 0.00200
14.84800	 2224.00	 241	 5.26	 0.00200
14.87300	 2225.00	 241	 5.26	 0.00200
14.89800	 2226.00	 241	 5.26	 0.00200
14.92300	 2227.00	 241	 5.26	 0.00200
14.94800	 2228.00	 241	 5.26	 0.00200
14.97300	 2229.00	 241	 5.26	 0.00300
14.99800	 2230.00	 242	 4.98	 0.00200
15.02300	 2231.00	 242	 4.98	 0.00200
15.04800	 2232.00	 242	 4.98	 0.00200
15.07300	 2233.00	 242	 4.98	 0.00200
15.09800	 2234.00	 243	 4.70	 0.00200
15.12300	 2235.00	 243	 4.70	 0.00200
15.14800	 2236.00	 243	 4.70	 0.00200
15.17300	 2237.00	 243	 4.70	 0.00200
15.19800	 2238.00	 243	 4.70	 0.00200
15.22300	 2239.00	 244	 4.42	 0.00200
15.24800	 2240.00	 244	 4.42	 0.00200
15.27300	 2241.00	 244	 4.42	 0.00300
15.29800	 2242.00	 244	 4.42	 0.00200
15.32300	 2243.00	 244	 4.42	 0.00200
15.34800	 2244.00	 244	 4.42	 0.00200
15.37300	 2245.00	 244	 4.42	 0.00200
15.39800	 2246.00	 245	 4.13	 0.00200
15.42300	 2247.00	 245	 4.13	 0.00200
15.44800	 2248.00	 245	 4.13	 0.00200
15.47300	 2249.00	 245	 4.13	 0.00200
15.49800	 2250.00	 245	 4.13	 0.00200
15.52300	 2251.00	 246	 3.85	 0.00200
15.54800	 2252.00	 246	 3.85	 0.00200
15.57400	 2253.00	 246	 3.85	 0.00200
15.59900	 2254.00	 246	 3.85	 0.00200
15.62400	 2255.00	 246	 3.85	 0.00200
15.64900	 2256.00	 246	 3.85	 0.00200
15.67400	 2257.00	 246	 3.85	 0.00200
15.69900	 2258.00	 247	 3.57	 0.00300
15.72400	 2259.00	 247	 3.57	 0.00200
15.74900	 2260.00	 248	 3.29	 0.00200
15.77400	 2261.00	 248	 3.29	 0.00200
15.79900	 2262.00	 248	 3.29	 0.00200
15.82400	 2263.00	 248	 3.29	 0.00200
15.84900	 2264.00	 248	 3.29	 0.00200
15.87400	 2265.00	 248	 3.29	 0.00200
15.89900	 2266.00	 249	 3.01	 0.00200
15.92400	 2267.00	 249	 3.01	 0.00200
15.94900	 2268.00	 249	 3.01	 0.00200
15.97400	 2269.00	 249	 3.01	 0.00200
16.00000	 2270.00	 249	 3.01	 0.00200
16.02500	 2271.00	 249	 3.01	 0.00200
16.05000	 2272.00	 250	 2.73	 0.00200
16.07500	 2273.00	 250	 2.73	 0.00200
16.10000	 2274.00	 256	 1.03	 0.00200
16.12500	 2275.00	 250	 2.73	 0.00300
16.15000	 2276.00	 250	 2.73	 0.00200
16.17500	 2277.00	 250	 2.73	 0.00200
16.20000	 2278.00	 264	 -1.22	 0.00200
16.22500	 2279.00	 250	 2.73	 0.00200
16.25000	 2280.00	 251	 2.44	 0.00200
16.27500	 2281.00	 251	 2.44	 0.00200
16.30000	 2282.00	 251	 2.44	 0.00200
16.32500	 2283.00	 251	 2.44	 0.00200
16.35000	 2284.00	 251	 2.44	 0.00200
16.37500	 2285.00	 251	 2.44	 0.00200
16.40000	 2286.00	 248	 3.29	 0.00200
16.42500	 2287.00	 252	 2.16	 0.00300
16.45000	 2288.00	 252	 2.16	 0.00200
16.47500	 2289.00	 252	 2.16	 0.00200
16.50000	 2290.00	 261	 -0.37	 0.00200
16.52500	 2291.00	 252	 2.16	 0.00200
16.55000	 2292.00	 253	 1.88	 0.00200
16.57500	 2293.00	 253	 1.88	 0.00200
16.60000	 2294.00	 253	 1.88	 0.00200
16.62500	 2295.00	 253	 1.88	 0.00200
16.65000	 2296.00	 253	 1.88	 0.00200
16.67500	 2297.00	 254	 1.60	 0.00200
16.70000	 2298.00	 252	 2.16	 0.00200
16.72600	 2299.00	 254	 1.60	 0.00200
16.75100	 2300.00	 254	 1.60	 0.00200
16.77600	 2301.00	 254	 1.60	 0.00200
16.80100	 2302.00	 266	 -1.78	 0.00200
16.82600	 2303.00	 254	 1.60	 0.00200
16.85100	 2304.00	 254	 1.60	 0.00300
16.87600	 2305.00	 254	 1.60	 0.00200
16.90100	 2306.00	 266	 -1.78	 0.00200
16.92600	 2307.00	 254	 1.60	 0.00200
16.95100	 2308.00	 254	 1.60	 0.00200
16.97600	 2309.00	 255	 1.32	 0.00200
17.00100	 2310.00	 267	 -2.07	 0.00200
17.02600	 2311.00	 255	 1.32	 0.00200
17.05100	 2312.00	 255	 1.32	 0.00200
17.07600	 2313.00	 255	 1.32	 0.00200
17.10100	 2314.00	 268	 -2.35	 0.00200
17.12600	 2315.00	 256	 1.03	 0.00200
17.15200	 2316.00	 256	 1.03	 0.00200
17.17700	 2317.00	 256	 1.03	 0.00200
17.20200	 2318.00	 268	 -2.35	 0.00200
17.22700	 2319.00	 257	 0.75	 0.00200
17.25200	 2320.00	 257	 0.75	 0.00200
17.27700	 2321.00	 257	 0.75	 0.00300
17.30200	 2322.00	 279	 -5.45	 0.00200
17.32700	 2323.00	 257	 0.75	 0.00200
17.35200	 2324.00	 257	 0.75	 0.00200
17.37700	 2325.00	 257	 0.75	 0.00200
17.40200	 2326.00	 258	 0.47	 0.00200
17.42700	 2327.00	 258	 0.47	 0.00200
17.45200	 2328.00	 258	 0.47	 0.00200
17.47700	 2329.00	 258	 0.47	 0.00200
17.50200	 2330.00	 270	 -2.91	 0.00200
17.52700	 2331.00	 258	 0.47	 0.00200
17.55200	 2332.00	 258	 0.47	 0.00200
17.57700	 2333.00	 258	 0.47	 0.00300
17.60200	 2334.00	 287	 -7.70	 0.00200
17.62700	 2335.00	 258	 0.47	 0.00200
17.65200	 2336.00	 258	 0.47	 0.00200
17.67700	 2337.00	 259	 0.19	 0.00200
17.70200	 2338.00	 261	 -0.37	 0.00200
17.72700	 2339.00	 259	 0.19	 0.00200
17.75200	 2340.00	 259	 0.19	 0.00200
17.77700	 2341.00	 259	 0.19	 0.00200
17.80200	 2342.00	 271	 -3.19	 0.00200
17.82700	 2343.00	 260	 -0.09	 0.00200
17.85200	 2344.00	 260	 -0.09	 0.00200
17.87800	 2345.00	 260	 -0.09	 0.00200
17.90300	 2346.00	 260	 -0.09	 0.00200
17.92800	 2347.00	 260	 -0.09	 0.00200
17.95300	 2348.00	 261	 -0.37	 0.00200
17.97800	 2349.00	 261	 -0.37	 0.00200
18.00300	 2350.00	 261	 -0.37	 0.00300
18.02800	 2350.00	 261	 -0.37	 0.00200
18.05300	 2349.00	 261	 -0.37	 0.00200
18.07800	 2348.00	 261	 -0.37	 0.00200
18.10300	 2347.00	 261	 -0.37	 0.00200
18.12800	 2346.00	 261	 -0.37	 0.00200
18.15300	 2345.00	 261	 -0.37	 0.00200
18.17800	 2344.00	 261	 -0.37	 0.00200
18.20300	 2343.00	 261	 -0.37	 0.00200
18.22800	 2342.00	 262	 -0.66	 0.00200
18.25300	 2341.00	 261	 -0.37	 0.00200
18.27800	 2340.00	 261	 -0.37	 0.00200
18.30400	 2339.00	 261	 -0.37	 0.00200
18.32900	 2338.00	 261	 -0.37	 0.00200
18.35400	 2337.00	 261	 -0.37	 0.00200
18.37900	 2336.00	 261	 -0.37	 0.00200
18.40400	 2335.00	 261	 -0.37	 0.00200
18.42900	 2334.00	 261	 -0.37	 0.00300
18.45400	 2333.00	 261	 -0.37	 0.00200
18.47900	 2332.00	 261	 -0.37	 0.00200
18.50400	 2331.00	 261	 -0.37	 0.00200
18.52900	 2330.00	 262	 -0.66	 0.00200
18.55400	 2329.00	 261	 -0.37	 0.00200
18.57900	 2328.00	 261	 -0.37	 0.00200
18.60400	 2327.00	 261	 -0.37	 0.00200
18.62900	 2326.00	 261	 -0.37	 0.00200
18.65400	 2325.00	 262	 -0.66	 0.00200
18.67900	 2324.00	 261	 -0.37	 0.00200
18.70400	 2323.00	 261	 -0.37	 0.00200
18.72900	 2322.00	 261	 -0.37	 0.00300
18.75400	 2321.00	 261	 -0.37	 0.00200
18.77900	 2320.00	 261	 -0.37	 0.00200
18.80400	 2319.00	 261	 -0.37	 0.00200
18.82900	 2318.00	 261	 -0.37	 0.00200
18.85400	 2317.00	 261	 -0.37	 0.00200
18.87900	 2316.00	 261	 -0.37	 0.00200
18.90400	 2315.00	 261	 -0.37	 0.00200
18.92900	 2314.00	 260	 -0.09	 0.00200
18.95400	 2313.00	 261	 -0.37	 0.00200
18.97900	 2312.00	 260	 -0.09	 0.00200
19.00400	 2311.00	 261	 -0.37	 0.00200
19.03000	 2310.00	 260	 -0.09	 0.00200
19.05500	 2309.00	 260	 -0.09	 0.00200
19.08000	 2308.00	 260	 -0.09	 0.00200
19.10500	 2307.00	 260	 -0.09	 0.00200
19.13000	 2306.00	 259	 0.19	 0.00200
19.15500	 2305.00	 259	 0.19	 0.00300
19.18000	 2304.00	 259	 0.19	 0.00200
19.20500	 2303.00	 259	 0.19	 0.00200
19.23000	 2302.00	 259	 0.19	 0.00200
19.25500	 2301.00	 258	 0.47	 0.00200
19.28000	 2300.00	 258	 0.47	 0.00200
19.30500	 2299.00	 258	 0.47	 0.00200
19.33000	 2298.00	 258	 0.47	 0.00200
19.35500	 2297.00	 258	 0.47	 0.00200
19.38000	 2296.00	 258	 0.47	 0.00200
19.40500	 2295.00	 258	 0.47	 0.00200
19.43000	 2294.00	 258	 0.47	 0.00200
19.45600	 2293.00	 258	 0.47	 0.00200
19.48100	 2292.00	 260	 -0.09	 0.00200
19.50600	 2291.00	 257	 0.75	 0.00200
19.53100	 2290.00	 257	 0.75	 0.00200
19.55600	 2289.00	 257	 0.75	 0.00200
19.58100	 2288.00	 257	 0.75	 0.00300
19.60600	 2287.00	 257	 0.75	 0.00200
19.63100	 2286.00	 257	 0.75	 0.00200
19.65600	 2285.00	 257	 0.75	 0.00200
19.68100	 2284.00	 257	 0.75	 0.00200
19.70600	 2283.00	 256	 1.03	 0.00200
19.73100	 2282.00	 256	 1.03	 0.00200
19.75600	 2281.00	 256	 1.03	 0.00200
19.78100	 2280.00	 256	 1.03	 0.00200
19.80600	 2279.00	 256	 1.03	 0.00200
19.83100	 2278.00	 255	 1.32	 0.00200
19.85600	 2277.00	 255	 1.32	 0.00200
19.88100	 2276.00	 255	 1.32	 0.00300
19.90600	 2275.00	 255	 1.32	 0.00200
19.93100	 2274.00	 254	 1.60	 0.00200
19.95600	 2273.00	 254	 1.60	 0.00200
19.98100	 2272.00	 254	 1.60	 0.00200
20.00600	 2271.00	 254	 1.60	 0.00200
20.03100	 2270.00	 254	 1.60	 0.00200
20.05600	 2269.00	 254	 1.60	 0.00200
20.08100	 2268.00	 254	 1.60	 0.00200
20.10600	 2267.00	 254	 1.60	 0.00200
20.13100	 2266.00	 254	 1.60	 0.00200
20.15600	 2265.00	 253	 1.88	 0.00200
20.18200	 2264.00	 253	 1.88	 0.00200
20.20700	 2263.00	 253	 1.88	 0.00200
20.23200	 2262.00	 253	 1.88	 0.00200
20.25700	 2261.00	 253	 1.88	 0.00200
20.28200	 2260.00	 253	 1.88	 0.00200
20.30700	 2259.00	 253	 1.88	 0.00300
20.33200	 2258.00	 252	 2.16	 0.00200
20.35700	 2257.00	 252	 2.16	 0.00200
20.38200	 2256.00	 252	 2.16	 0.00200
20.40700	 2255.00	 252	 2.16	 0.00200
20.43200	 2254.00	 252	 2.16	 0.00200
20.45700	 2253.00	 252	 2.16	 0.00200
20.48200	 2252.00	 261	 -0.37	 0.00200
20.50700	 2251.00	 251	 2.44	 0.00200
20.53200	 2250.00	 251	 2.44	 0.00200
20.55700	 2249.00	 251	 2.44	 0.00200
20.58200	 2248.00	 250	 2.73	 0.00200
20.60800	 2247.00	 251	 2.44	 0.00200
20.63300	 2246.00	 251	 2.44	 0.00200
20.65800	 2245.00	 251	 2.44	 0.00200
20.68300	 2244.00	 251	 2.44	 0.00200
20.70800	 2243.00	 251	 2.44	 0.00200
20.73300	 2242.00	 250	 2.73	 0.00300
20.75800	 2241.00	 250	 2.73	 0.00200
20.78300	 2240.00	 250	 2.73	 0.00200
20.80800	 2239.00	 250	 2.73	 0.00200
20.83300	 2238.00	 250	 2.73	 0.00200
20.85800	 2237.00	 249	 3.01	 0.00200
20.88300	 2236.00	 249	 3.01	 0.00200
20.90800	 2235.00	 249	 3.01	 0.00200
20.93300	 2234.00	 249	 3.01	 0.00200
20.95800	 2233.00	 248	 3.29	 0.00200
20.98300	 2232.00	 248	 3.29	 0.00200
21.00800	 2231.00	 247	 3.57	 0.00200
21.03300	 2230.00	 248	 3.29	 0.00300
21.05800	 2229.00	 247	 3.57	 0.00200
21.08300	 2228.00	 247	 3.57	 0.00200
21.10800	 2227.00	 247	 3.57	 0.00200
21.13300	 2226.00	 247	 3.57	 0.00200
21.15800	 2225.00	 246	 3.85	 0.00200
21.18300	 2224.00	 247	 3.57	 0.00200
21.20800	 2223.00	 246	 3.85	 0.00200
21.23300	 2222.00	 246	 3.85	 0.00200
21.25800	 2221.00	 246	 3.85	 0.00200
21.28300	 2220.00	 246	 3.85	 0.00200
21.30800	 2219.00	 246	 3.85	 0.00200
21.33400	 2218.00	 246	 3.85	 0.00200
21.35900	 2217.00	 245	 4.13	 0.00200
21.38400	 2216.00	 246	 3.85	 0.00200
21.40900	 2215.00	 245	 4.13	 0.00200
21.43400	 2214.00	 245	 4.13	 0.00200
21.45900	 2213.00	 245	 4.13	 0.00300
21.48400	 2212.00	 245	 4.13	 0.00200
21.50900	 2211.00	 245	 4.13	 0.00200
21.53400	 2210.00	 244	 4.42	 0.00200
21.55900	 2209.00	 244	 4.42	 0.00200
21.58400	 2208.00	 244	 4.42	 0.00200
21.60900	 2207.00	 244	 4.42	 0.00200
21.63400	 2206.00	 244	 4.42	 0.00200
21.65900	 2205.00	 244	 4.42	 0.00200
21.68400	 2204.00	 243	 4.70	 0.00200
21.70900	 2203.00	 243	 4.70	 0.00200
21.73400	 2202.00	 243	 4.70	 0.00200
21.76000	 2201.00	 243	 4.70	 0.00200
21.78500	 2200.00	 242	 4.98	 0.00200
21.81000	 2199.00	 242	 4.98	 0.00200
21.83500	 2198.00	 242	 4.98	 0.00200
21.86000	 2197.00	 241	 5.26	 0.00200
21.88500	 2196.00	 241	 5.26	 0.00300
21.91000	 2195.00	 241	 5.26	 0.00200
21.93500	 2194.00	 241	 5.26	 0.00200
21.96000	 2193.00	 241	 5.26	 0.00200
21.98500	 2192.00	 240	 5.54	 0.00200
22.01000	 2191.00	 240	 5.54	 0.00200
22.03500	 2190.00	 240	 5.54	 0.00200
22.06000	 2189.00	 240	 5.54	 0.00200
22.08500	 2188.00	 240	 5.54	 0.00200
22.11000	 2187.00	 240	 5.54	 0.00200
22.13500	 2186.00	 240	 5.54	 0.00200
22.16000	 2185.00	 239	 5.83	 0.00200
22.18500	 2184.00	 239	 5.83	 0.00300
22.21000	 2183.00	 239	 5.83	 0.00200
22.23500	 2182.00	 239	 5.83	 0.00200
22.26000	 2181.00	 238	 6.11	 0.00200
22.28500	 2180.00	 238	 6.11	 0.00200
22.31000	 2179.00	 238	 6.11	 0.00200
22.33500	 2178.00	 238	 6.11	 0.00200
22.36000	 2177.00	 238	 6.11	 0.00200
22.38500	 2176.00	 237	 6.39	 0.00200
22.41000	 2175.00	 237	 6.39	 0.00200
22.43500	 2174.00	 237	 6.39	 0.00200
22.46000	 2173.00	 237	 6.39	 0.00200
22.48600	 2172.00	 237	 6.39	 0.00200
22.51100	 2171.00	 236	 6.67	 0.00200
22.53600	 2170.00	 236	 6.67	 0.00200
22.56100	 2169.00	 236	 6.67	 0.00200
22.58600	 2168.00	 236	 6.67	 0.00200
22.61100	 2167.00	 235	 6.95	 0.00300
22.63600	 2166.00	 235	 6.95	 0.00200
22.66100	 2165.00	 236	 6.67	 0.00200
22.68600	 2164.00	 235	 6.95	 0.00200
22.71100	 2163.00	 235	 6.95	 0.00200
22.73600	 2162.00	 235	 6.95	 0.00200
22.76100	 2161.00	 234	 7.23	 0.00200
22.78600	 2160.00	 234	 7.23	 0.00200
22.81100	 2159.00	 234	 7.23	 0.00200
22.83600	 2158.00	 234	 7.23	 0.00200
22.86100	 2157.00	 234	 7.23	 0.00200
22.88600	 2156.00	 234	 7.23	 0.00200
22.91200	 2155.00	 234	 7.23	 0.00200
22.93700	 2154.00	 234	 7.23	 0.00200
22.96200	 2153.00	 233	 7.52	 0.00200
22.98700	 2152.00	 233	 7.52	 0.00200
23.01200	 2151.00	 233	 7.52	 0.00200
23.03700	 2150.00	 233	 7.52	 0.00300
23.06200	 2149.00	 232	 7.80	 0.00200
23.08700	 2148.00	 232	 7.80	 0.00200
23.11200	 2147.00	 232	 7.80	 0.00200
23.13700	 2146.00	 232	 7.80	 0.00200
23.16200	 2145.00	 232	 7.80	 0.00200
23.18700	 2144.00	 232	 7.80	 0.00200
23.21200	 2143.00	 231	 8.08	 0.00200
23.23700	 2142.00	 231	 8.08	 0.00200
23.26200	 2141.00	 231	 8.08	 0.00200
23.28700	 2140.00	 231	 8.08	 0.00200
23.31200	 2139.00	 230	 8.36	 0.00200
23.33700	 2138.00	 230	 8.36	 0.00300
23.36200	 2137.00	 224	 10.05	 0.00200
23.38700	 2136.00	 230	 8.36	 0.00200
23.41200	 2135.00	 230	 8.36	 0.00200
23.43700	 2134.00	 229	 8.64	 0.00200
23.46200	 2133.00	 229	 8.64	 0.00200
23.48700	 2132.00	 229	 8.64	 0.00200
23.51200	 2131.00	 229	 8.64	 0.00200
23.53700	 2130.00	 229	 8.64	 0.00200
23.56200	 2129.00	 228	 8.92	 0.00200
23.58700	 2128.00	 228	 8.92	 0.00200
23.61200	 2127.00	 228	 8.92	 0.00200
23.63800	 2126.00	 227	 9.21	 0.00200
23.66300	 2125.00	 227	 9.21	 0.00200
23.68800	 2124.00	 227	 9.21	 0.00200
23.71300	 2123.00	 227	 9.21	 0.00200
23.73800	 2122.00	 226	 9.49	 0.00200
23.76300	 2121.00	 227	 9.21	 0.00300
23.78800	 2120.00	 226	 9.49	 0.00200
23.81300	 2119.00	 226	 9.49	 0.00200
23.83800	 2118.00	 226	 9.49	 0.00200
23.86300	 2117.00	 240	 5.54	 0.00200
23.88800	 2116.00	 225	 9.77	 0.00200
23.91300	 2115.00	 225	 9.77	 0.00200
23.93800	 2114.00	 225	 9.77	 0.00200
23.96300	 2113.00	 240	 5.54	 0.00200
23.98800	 2112.00	 225	 9.77	 0.00200
24.01300	 2111.00	 224	 10.05	 0.00200
24.03800	 2110.00	 224	 10.05	 0.00200
24.06400	 2109.00	 224	 10.05	 0.00200
24.08900	 2108.00	 224	 10.05	 0.00200
24.11400	 2107.00	 224	 10.05	 0.00200
24.13900	 2106.00	 223	 10.33	 0.00200
24.16400	 2105.00	 223	 10.33	 0.00200
24.18900	 2104.00	 224	 10.05	 0.00300
24.21400	 2103.00	 223	 10.33	 0.00200
24.23900	 2102.00	 223	 10.33	 0.00200
24.26400	 2101.00	 223	 10.33	 0.00200
24.28900	 2100.00	 223	 10.33	 0.00200
24.31400	 2099.00	 222	 10.62	 0.00200
24.33900	 2098.00	 222	 10.62	 0.00200
24.36400	 2097.00	 221	 10.90	 0.00200
24.38900	 2096.00	 221	 10.90	 0.00200
24.41400	 2095.00	 221	 10.90	 0.00200
24.43900	 2094.00	 220	 11.18	 0.00200
24.46400	 2093.00	 220	 11.18	 0.00200
24.48900	 2092.00	 220	 11.18	 0.00300
24.51400	 2091.00	 220	 11.18	 0.00200
24.53900	 2090.00	 219	 11.46	 0.00200
24.56400	 2089.00	 219	 11.46	 0.00200
24.58900	 2088.00	 219	 11.46	 0.00200
24.61400	 2087.00	 219	 11.46	 0.00200
24.63900	 2086.00	 219	 11.46	 0.00200
24.66400	 2085.00	 219	 11.46	 0.00200
24.68900	 2084.00	 219	 11.46	 0.00200
24.71400	 2083.00	 218	 11.74	 0.00200
24.73900	 2082.00	 218	 11.74	 0.00200
24.76400	 2081.00	 218	 11.74	 0.00200
24.79000	 2080.00	 218	 11.74	 0.00200
24.81500	 2079.00	 218	 11.74	 0.00200
24.84000	 2078.00	 217	 12.02	 0.00200
24.86500	 2077.00	 217	 12.02	 0.00200
24.89000	 2076.00	 217	 12.02	 0.00200
24.91500	 2075.00	 217	 12.02	 0.00300
24.94000	 2074.00	 216	 12.31	 0.00200
24.96500	 2073.00	 216	 12.31	 0.00200
24.99000	 2072.00	 216	 12.31	 0.00200
25.01500	 2071.00	 216	 12.31	 0.00200
25.04000	 2070.00	 215	 12.59	 0.00200
25.06500	 2069.00	 216	 12.31	 0.00200
25.09000	 2068.00	 215	 12.59	 0.00200
25.11500	 2067.00	 215	 12.59	 0.00200
25.14000	 2066.00	 214	 12.87	 0.00200
25.16500	 2065.00	 214	 12.87	 0.00200
25.19000	 2064.00	 214	 12.87	 0.00200
25.21600	 2063.00	 214	 12.87	 0.00200
25.24100	 2062.00	 213	 13.15	 0.00200
25.26600	 2061.00	 214	 12.87	 0.00200
25.29100	 2060.00	 213	 13.15	 0.00200
25.31600	 2059.00	 213	 13.15	 0.00200
25.34100	 2058.00	 213	 13.15	 0.00300
25.36600	 2057.00	 213	 13.15	 0.00200
25.39100	 2056.00	 213	 13.15	 0.00200
25.41600	 2055.00	 212	 13.43	 0.00200
25.44100	 2054.00	 212	 13.43	 0.00200
25.46600	 2053.00	 212	 13.43	 0.00200
25.49100	 2052.00	 212	 13.43	 0.00200
25.51600	 2051.00	 211	 13.72	 0.00200
25.54100	 2050.00	 211	 13.72	 0.00200
25.56600	 2049.00	 211	 13.72	 0.00200
25.59100	 2048.00	 211	 13.72	 0.00200
25.61600	 2047.00	 211	 13.72	 0.00200
25.64100	 2046.00	 210	 14.00	 0.00300
25.66600	 2045.00	 210	 14.00	 0.00200
25.69100	 2044.00	 210	 14.00	 0.00200
25.71600	 2043.00	 209	 14.28	 0.00200
25.74100	 2042.00	 209	 14.28	 0.00200
25.76600	 2041.00	 209	 14.28	 0.00200
25.79100	 2040.00	 209	 14.28	 0.00200
25.81600	 2039.00	 208	 14.56	 0.00200
25.84100	 2038.00	 208	 14.56	 0.00200
25.86600	 2037.00	 208	 14.56	 0.00200
25.89100	 2036.00	 207	 14.84	 0.00200
25.91600	 2035.00	 207	 14.84	 0.00200
25.94200	 2034.00	 207	 14.84	 0.00200
25.96700	 2033.00	 207	 14.84	 0.00200
25.99200	 2032.00	 207	 14.84	 0.00200
26.01700	 2031.00	 207	 14.84	 0.00200
26.04200	 2030.00	 207	 14.84	 0.00200
26.06700	 2029.00	 206	 15.12	 0.00300
26.09200	 2028.00	 206	 15.12	 0.00200
26.11700	 2027.00	 206	 15.12	 0.00200
26.14200	 2026.00	 206	 15.12	 0.00200
26.16700	 2025.00	 206	 15.12	 0.00200
26.19200	 2024.00	 205	 15.41	 0.00200
26.21700	 2023.00	 205	 15.41	 0.00200
26.24200	 2022.00	 204	 15.69	 0.00200
26.26700	 2021.00	 204	 15.69	 0.00200
26.29200	 2020.00	 204	 15.69	 0.00200
26.31700	 2019.00	 203	 15.97	 0.00200
26.34200	 2018.00	 204	 15.69	 0.00200
26.36800	 2017.00	 204	 15.69	 0.00200
26.39300	 2016.00	 203	 15.97	 0.00200
26.41800	 2015.00	 203	 15.97	 0.00200
26.44300	 2014.00	 216	 12.31	 0.00200
26.46800	 2013.00	 203	 15.97	 0.00200
26.49300	 2012.00	 202	 16.25	 0.00300
26.51800	 2011.00	 202	 16.25	 0.00200
26.54300	 2010.00	 201	 16.53	 0.00200
26.56800	 2009.00	 201	 16.53	 0.00200
26.59300	 2008.00	 201	 16.53	 0.00200
26.61800	 2007.00	 201	 16.53	 0.00200
26.64300	 2006.00	 200	 16.82	 0.00200
26.66800	 2005.00	 201	 16.53	 0.00200
26.69300	 2004.00	 201	 16.53	 0.00200
26.71800	 2003.00	 201	 16.53	 0.00200
26.74300	 2002.00	 212	 13.43	 0.00200
26.76800	 2001.00	 200	 16.82	 0.00200
26.79300	 2000.00	 200	 16.82	 0.00300
26.81800	 1999.00	 199	 17.10	 0.00200
26.84300	 1998.00	 199	 17.10	 0.00200
26.86800	 1997.00	 200	 16.82	 0.00200
26.89300	 1996.00	 199	 17.10	 0.00200
26.91800	 1995.00	 199	 17.10	 0.00200
26.94300	 1994.00	 198	 17.38	 0.00200
26.96800	 1993.00	 198	 17.38	 0.00200
26.99300	 1992.00	 198	 17.38	 0.00200
27.01800	 1991.00	 199	 17.10	 0.00200
27.04300	 1990.00	 198	 17.38	 0.00200
27.06800	 1989.00	 198	 17.38	 0.00200
27.09400	 1988.00	 198	 17.38	 0.00200
27.11900	 1987.00	 197	 17.66	 0.00200
27.14400	 1986.00	 215	 12.59	 0.00200
27.16900	 1985.00	 197	 17.66	 0.00200
27.19400	 1984.00	 197	 17.66	 0.00200
27.21900	 1983.00	 196	 17.94	 0.00300
27.24400	 1982.00	 195	 18.22	 0.00200
27.26900	 1981.00	 196	 17.94	 0.00200
27.29400	 1980.00	 195	 18.22	 0.00200
27.31900	 1979.00	 195	 18.22	 0.00200
27.34400	 1978.00	 213	 13.15	 0.00200
27.36900	 1977.00	 195	 18.22	 0.00200
27.39400	 1976.00	 195	 18.22	 0.00200
27.41900	 1975.00	 194	 18.51	 0.00200
27.44400	 1974.00	 194	 18.51	 0.00200
27.46900	 1973.00	 194	 18.51	 0.00200
27.49400	 1972.00	 193	 18.79	 0.00200
27.52000	 1971.00	 193	 18.79	 0.00200
27.54500	 1970.00	 193	 18.79	 0.00200
27.57000	 1969.00	 193	 18.79	 0.00200
27.59500	 1968.00	 193	 18.79	 0.00200
27.62000	 1967.00	 192	 19.07	 0.00200
27.64500	 1966.00	 192	 19.07	 0.00300
27.67000	 1965.00	 192	 19.07	 0.00200
27.69500	 1964.00	 191	 19.35	 0.00200
27.72000	 1963.00	 191	 19.35	 0.00200
27.74500	 1962.00	 191	 19.35	 0.00200
27.77000	 1961.00	 191	 19.35	 0.00200
27.79500	 1960.00	 191	 19.35	 0.00200
27.82000	 1959.00	 190	 19.63	 0.00200
27.84500	 1958.00	 191	 19.35	 0.00200
27.87000	 1957.00	 190	 19.63	 0.00200
27.89500	 1956.00	 190	 19.63	 0.00200
27.92000	 1955.00	 189	 19.92	 0.00200
27.94500	 1954.00	 189	 19.92	 0.00300
27.97000	 1953.00	 189	 19.92	 0.00200
27.99500	 1952.00	 189	 19.92	 0.00200
28.02000	 1951.00	 188	 20.20	 0.00200
28.04500	 1950.00	 188	 20.20	 0.00200
28.07000	 1949.00	 188	 20.20	 0.00200
28.09500	 1948.00	 187	 20.48	 0.00200
28.12000	 1947.00	 187	 20.48	 0.00200
28.14500	 1946.00	 187	 20.48	 0.00200
28.17000	 1945.00	 187	 20.48	 0.00200
28.19500	 1944.00	 186	 20.76	 0.00200
28.22000	 1943.00	 186	 20.76	 0.00200
28.24600	 1942.00	 186	 20.76	 0.00200
28.27100	 1941.00	 186	 20.76	 0.00200
28.29600	 1940.00	 185	 21.04	 0.00200
28.32100	 1939.00	 185	 21.04	 0.00200
28.34600	 1938.00	 185	 21.04	 0.00200
28.37100	 1937.00	 184	 21.32	 0.00300
28.39600	 1936.00	 185	 21.04	 0.00200
28.42100	 1935.00	 184	 21.32	 0.00200
28.44600	 1934.00	 184	 21.32	 0.00200
28.47100	 1933.00	 184	 21.32	 0.00200
28.49600	 1932.00	 184	 21.32	 0.00200
28.52100	 1931.00	 184	 21.32	 0.00200
28.54600	 1930.00	 186	 20.76	 0.00200
28.57100	 1929.00	 183	 21.61	 0.00200
28.59600	 1928.00	 183	 21.61	 0.00200
28.62100	 1927.00	 183	 21.61	 0.00200
28.64600	 1926.00	 183	 21.61	 0.00200
28.67200	 1925.00	 183	 21.61	 0.00200
28.69700	 1924.00	 182	 21.89	 0.00200
28.72200	 1923.00	 182	 21.89	 0.00200
28.74700	 1922.00	 182	 21.89	 0.00200
28.77200	 1921.00	 181	 22.17	 0.00200
28.79700	 1920.00	 180	 22.45	 0.00300
28.82200	 1919.00	 180	 22.45	 0.00200
28.84700	 1918.00	 180	 22.45	 0.00200
28.87200	 1917.00	 180	 22.45	 0.00200
28.89700	 1916.00	 180	 22.45	 0.00200
28.92200	 1915.00	 179	 22.73	 0.00200
28.94700	 1914.00	 179	 22.73	 0.00200
28.97200	 1913.00	 179	 22.73	 0.00200
28.99700	 1912.00	 178	 23.01	 0.00200
29.02200	 1911.00	 178	 23.01	 0.00200
29.04700	 1910.00	 178	 23.01	 0.00200
29.07200	 1909.00	 178	 23.01	 0.00200
29.09700	 1908.00	 177	 23.30	 0.00300
29.12200	 1907.00	 177	 23.30	 0.00200
29.14700	 1906.00	 177	 23.30	 0.00200
29.17200	 1905.00	 177	 23.30	 0.00200
29.19700	 1904.00	 176	 23.58	 0.00200
29.22200	 1903.00	 175	 23.86	 0.00200
29.24700	 1902.00	 175	 23.86	 0.00200
29.27200	 1901.00	 175	 23.86	 0.00200
29.29700	 1900.00	 175	 23.86	 0.00200
29.32200	 1899.00	 175	 23.86	 0.00200
29.34700	 1898.00	 174	 24.14	 0.00200
29.37200	 1897.00	 174	 24.14	 0.00200
29.39800	 1896.00	 174	 24.14	 0.00200
29.42300	 1895.00	 174	 24.14	 0.00200
29.44800	 1894.00	 174	 24.14	 0.00200
29.47300	 1893.00	 174	 24.14	 0.00200
29.49800	 1892.00	 173	 24.42	 0.00200
29.52300	 1891.00	 173	 24.42	 0.00300
29.54800	 1890.00	 173	 24.42	 0.00200
29.57300	 1889.00	 173	 24.42	 0.00200
29.59800	 1888.00	 172	 24.71	 0.00200
29.62300	 1887.00	 172	 24.71	 0.00200
29.64800	 1886.00	 172	 24.71	 0.00200
29.67300	 1885.00	 172	 24.71	 0.00200
29.69800	 1884.00	 171	 24.99	 0.00200
29.72300	 1883.00	 171	 24.99	 0.00200
29.74800	 1882.00	 171	 24.99	 0.00200
29.77300	 1881.00	 171	 24.99	 0.00200
29.79800	 1880.00	 170	 25.27	 0.00200
29.82400	 1879.00	 170	 25.27	 0.00200
29.84900	 1878.00	 170	 25.27	 0.00200
29.87400	 1877.00	 170	 25.27	 0.00200
29.89900	 1876.00	 170	 25.27	 0.00200
29.92400	 1875.00	 169	 25.55	 0.00200
29.94900	 1874.00	 169	 25.55	 0.00300
29.97400	 1873.00	 169	 25.55	 0.00200
29.99900	 1872.00	 168	 25.83	 0.00200
30.02400	 1871.00	 168	 25.83	 0.00200
30.04900	 1870.00	 168	 25.83	 0.00200
30.07400	 1869.00	 167	 26.11	 0.00200
30.09900	 1868.00	 167	 26.11	 0.00200
30.12400	 1867.00	 166	 26.40	 0.00200
30.14900	 1866.00	 167	 26.11	 0.00200
30.17400	 1865.00	 166	 26.40	 0.00200
30.19900	 1864.00	 166	 26.40	 0.00200
30.22400	 1863.00	 166	 26.40	 0.00200
30.24900	 1862.00	 166	 26.40	 0.00300
30.27400	 1861.00	 166	 26.40	 0.00200
30.29900	 1860.00	 165	 26.68	 0.00200
30.32400	 1859.00	 165	 26.68	 0.00200
30.34900	 1858.00	 165	 26.68	 0.00200
30.37400	 1857.00	 165	 26.68	 0.00200
30.39900	 1856.00	 164	 26.96	 0.00200
30.42400	 1855.00	 164	 26.96	 0.00200
30.44900	 1854.00	 164	 26.96	 0.00200
30.47400	 1853.00	 164	 26.96	 0.00200
30.49900	 1852.00	 163	 27.24	 0.00200
30.52400	 1851.00	 163	 27.24	 0.00200
30.55000	 1850.00	 163	 27.24	 0.00200
30.57500	 1849.00	 162	 27.52	 0.00200
30.60000	 1848.00	 162	 27.52	 0.00200
30.62500	 1847.00	 162	 27.52	 0.00200
30.65000	 1846.00	 161	 27.81	 0.00200
30.67500	 1845.00	 162	 27.52	 0.00300
30.70000	 1844.00	 161	 27.81	 0.00200
30.72500	 1843.00	 161	 27.81	 0.00200
30.75000	 1842.00	 161	 27.81	 0.00200
30.77500	 1841.00	 161	 27.81	 0.00200
30.80000	 1840.00	 160	 28.09	 0.00200
30.82500	 1839.00	 160	 28.09	 0.00200
30.85000	 1838.00	 160	 28.09	 0.00200
30.87500	 1837.00	 160	 28.09	 0.00200
30.90000	 1836.00	 159	 28.37	 0.00200
30.92500	 1835.00	 159	 28.37	 0.00200
30.95000	 1834.00	 159	 28.37	 0.00200
30.97600	 1833.00	 158	 28.65	 0.00200
31.00100	 1832.00	 158	 28.65	 0.00200
31.02600	 1831.00	 178	 23.01	 0.00200
31.05100	 1830.00	 157	 28.93	 0.00200
31.07600	 1829.00	 158	 28.65	 0.00200
31.10100	 1828.00	 157	 28.93	 0.00300
31.12600	 1827.00	 157	 28.93	 0.00200
31.15100	 1826.00	 157	 28.93	 0.00200
31.17600	 1825.00	 156	 29.21	 0.00200
31.20100	 1824.00	 156	 29.21	 0.00200
31.22600	 1823.00	 156	 29.21	 0.00200
31.25100	 1822.00	 156	 29.21	 0.00200
31.27600	 1821.00	 155	 29.50	 0.00200
31.30100	 1820.00	 155	 29.50	 0.00200
31.32600	 1819.00	 154	 29.78	 0.00200
31.35100	 1818.00	 154	 29.78	 0.00200
31.37600	 1817.00	 154	 29.78	 0.00200
31.40100	 1816.00	 154	 29.78	 0.00300
31.42600	 1815.00	 175	 23.86	 0.00200
31.45100	 1814.00	 154	 29.78	 0.00200
31.47600	 1813.00	 153	 30.06	 0.00200
31.50100	 1812.00	 153	 30.06	 0.00200
31.52600	 1811.00	 155	 29.50	 0.00200
31.55100	 1810.00	 153	 30.06	 0.00200
31.57600	 1809.00	 152	 30.34	 0.00200
31.60100	 1808.00	 152	 30.34	 0.00200
31.62600	 1807.00	 151	 30.62	 0.00200
31.65100	 1806.00	 151	 30.62	 0.00200
31.67600	 1805.00	 151	 30.62	 0.00200
31.70200	 1804.00	 150	 30.91	 0.00200
31.72700	 1803.00	 150	 30.91	 0.00200
31.75200	 1802.00	 150	 30.91	 0.00200
31.77700	 1801.00	 150	 30.91	 0.00200
31.80200	 1800.00	 150	 30.91	 0.00200
31.82700	 1799.00	 149	 31.19	 0.00300
31.85200	 1798.00	 149	 31.19	 0.00200
31.87700	 1797.00	 149	 31.19	 0.00200
31.90200	 1796.00	 148	 31.47	 0.00200
31.92700	 1795.00	 148	 31.47	 0.00200
31.95200	 1794.00	 148	 31.47	 0.00200
31.97700	 1793.00	 148	 31.47	 0.00200
32.00200	 1792.00	 148	 31.47	 0.00200
32.02700	 1791.00	 147	 31.75	 0.00200
32.05200	 1790.00	 147	 31.75	 0.00200
32.07700	 1789.00	 147	 31.75	 0.00200
32.10200	 1788.00	 147	 31.75	 0.00200
32.12800	 1787.00	 146	 32.03	 0.00200
32.15300	 1786.00	 147	 31.75	 0.00200
32.17800	 1785.00	 147	 31.75	 0.00200
32.20300	 1784.00	 146	 32.03	 0.00200
32.22800	 1783.00	 145	 32.31	 0.00200
32.25300	 1782.00	 146	 32.03	 0.00300
32.27800	 1781.00	 146	 32.03	 0.00200
32.30300	 1780.00	 145	 32.31	 0.00200
32.32800	 1779.00	 145	 32.31	 0.00200
32.35300	 1778.00	 145	 32.31	 0.00200
32.37800	 1777.00	 145	 32.31	 0.00200
32.40300	 1776.00	 144	 32.60	 0.00200
32.42800	 1775.00	 144	 32.60	 0.00200
32.45300	 1774.00	 144	 32.60	 0.00200
32.47800	 1773.00	 143	 32.88	 0.00200
32.50300	 1772.00	 143	 32.88	 0.00200
32.52800	 1771.00	 143	 32.88	 0.00200
32.55300	 1770.00	 143	 32.88	 0.00300
32.57800	 1769.00	 142	 33.16	 0.00200
32.60300	 1768.00	 142	 33.16	 0.00200
32.62800	 1767.00	 142	 33.16	 0.00200
32.65300	 1766.00	 141	 33.44	 0.00200
32.67800	 1765.00	 141	 33.44	 0.00200
32.70300	 1764.00	 141	 33.44	 0.00200
32.72800	 1763.00	 141	 33.44	 0.00200
32.75300	 1762.00	 141	 33.44	 0.00200
32.77800	 1761.00	 141	 33.44	 0.00200
32.80300	 1760.00	 141	 33.44	 0.00200
32.82800	 1759.00	 141	 33.44	 0.00200
32.85400	 1758.00	 139	 34.01	 0.00200
32.87900	 1757.00	 140	 33.72	 0.00200
32.90400	 1756.00	 139	 34.01	 0.00200
32.92900	 1755.00	 139	 34.01	 0.00200
32.95400	 1754.00	 138	 34.29	 0.00200
32.97900	 1753.00	 138	 34.29	 0.00300
33.00400	 1752.00	 138	 34.29	 0.00200
33.02900	 1751.00	 138	 34.29	 0.00200
33.05400	 1750.00	 138	 34.29	 0.00200
33.07900	 1749.00	 137	 34.57	 0.00200
33.10400	 1748.00	 137	 34.57	 0.00200
33.12900	 1747.00	 137	 34.57	 0.00200
33.15400	 1746.00	 136	 34.85	 0.00200
33.17900	 1745.00	 136	 34.85	 0.00200
33.20400	 1744.00	 135	 35.13	 0.00200
33.22900	 1743.00	 136	 34.85	 0.00200
33.25400	 1742.00	 136	 34.85	 0.00200
33.28000	 1741.00	 135	 35.13	 0.00200
33.30500	 1740.00	 135	 35.13	 0.00200
33.33000	 1739.00	 135	 35.13	 0.00200
33.35500	 1738.00	 134	 35.41	 0.00200
33.38000	 1737.00	 134	 35.41	 0.00200
33.40500	 1736.00	 134	 35.41	 0.00300
33.43000	 1735.00	 134	 35.41	 0.00200
33.45500	 1734.00	 133	 35.70	 0.00200
33.48000	 1733.00	 133	 35.70	 0.00200
33.50500	 1732.00	 133	 35.70	 0.00200
33.53000	 1731.00	 133	 35.70	 0.00200
33.55500	 1730.00	 132	 35.98	 0.00200
33.58000	 1729.00	 132	 35.98	 0.00200
33.60500	 1728.00	 132	 35.98	 0.00200
33.63000	 1727.00	 132	 35.98	 0.00200
33.65500	 1726.00	 132	 35.98	 0.00200
33.68000	 1725.00	 131	 36.26	 0.00200
33.70500	 1724.00	 131	 36.26	 0.00300
33.73000	 1723.00	 131	 36.26	 0.00200
33.75500	 1722.00	 131	 36.26	 0.00200
33.78000	 1721.00	 130	 36.54	 0.00200
33.80500	 1720.00	 130	 36.54	 0.00200
33.83000	 1719.00	 130	 36.54	 0.00200
33.85500	 1718.00	 130	 36.54	 0.00200
33.88000	 1717.00	 129	 36.82	 0.00200
33.90500	 1716.00	 128	 37.10	 0.00200