0.24900	 1650.00	 111	 41.90	 0.00200
0.27400	 1650.00	 111	 41.90	 0.00200
0.29900	 1650.00	 111	 41.90	 0.00200
0.32400	 1650.00	 111	 41.90	 0.00200
0.34900	 1650.00	 111	 41.90	 0.00200
0.37400	 1650.00	 111	 41.90	 0.00200
0.39900	 1650.00	 111	 41.90	 0.00200
0.42400	 1650.00	 111	 41.90	 0.00300
0.44900	 1650.00	 111	 41.90	 0.00200
0.47400	 1650.00	 111	 41.90	 0.00200
0.49900	 1650.00	 111	 41.90	 0.00200
0.52400	 1650.00	 111	 41.90	 0.00200
0.54900	 1650.00	 111	 41.90	 0.00200
0.57400	 1650.00	 111	 41.90	 0.00200
0.59900	 1650.00	 111	 41.90	 0.00200
0.62400	 1650.00	 110	 42.18	 0.00200
0.64900	 1650.00	 111	 41.90	 0.00200
0.67400	 1650.00	 111	 41.90	 0.00200
0.69900	 1650.00	 111	 41.90	 0.00200
0.72400	 1650.00	 110	 42.18	 0.00300
0.74900	 1650.00	 111	 41.90	 0.00200
0.77400	 1650.00	 111	 41.90	 0.00200
0.79900	 1650.00	 111	 41.90	 0.00200
0.82400	 1650.00	 111	 41.90	 0.00200
0.84900	 1650.00	 111	 41.90	 0.00200
0.87400	 1650.00	 111	 41.90	 0.00200
0.89900	 1650.00	 111	 41.90	 0.00200
0.92400	 1650.00	 111	 41.90	 0.00200
0.94900	 1650.00	 111	 41.90	 0.00200
0.97400	 1650.00	 111	 41.90	 0.00200
0.99900	 1650.00	 111	 41.90	 0.00200
1.02400	 1650.00	 111	 41.90	 0.00200
1.04900	 1650.00	 110	 42.18	 0.00200
1.07400	 1650.00	 111	 41.90	 0.00200
1.09900	 1650.00	 111	 41.90	 0.00200
1.12400	 1650.00	 111	 41.90	 0.00200
1.14900	 1650.00	 111	 41.90	 0.00300
1.17400	 1650.00	 111	 41.90	 0.00200
1.19900	 1650.00	 111	 41.90	 0.00200
1.22400	 1650.00	 111	 41.90	 0.00200
1.24900	 1650.00	 111	 41.90	 0.00200
1.27400	 1650.00	 111	 41.90	 0.00200
1.29900	 1650.00	 111	 41.90	 0.00200
1.32400	 1650.00	 111	 41.90	 0.00200
1.34900	 1650.00	 111	 41.90	 0.00200
1.37400	 1650.00	 111	 41.90	 0.00200
1.39900	 1650.00	 111	 41.90	 0.00200
1.42400	 1650.00	 110	 42.18	 0.00200
1.44900	 1650.00	 111	 41.90	 0.00300
1.47400	 1650.00	 111	 41.90	 0.00200
1.49900	 1650.00	 111	 41.90	 0.00200
1.52400	 1650.00	 110	 42.18	 0.00200
1.54900	 1650.00	 111	 41.90	 0.00200
1.57400	 1650.00	 111	 41.90	 0.00200
1.59900	 1650.00	 111	 41.90	 0.00200
1.62400	 1650.00	 111	 41.90	 0.00200
1.64900	 1650.00	 111	 41.90	 0.00200
1.67400	 1650.00	 111	 41.90	 0.00200
1.69900	 1650.00	 111	 41.90	 0.00200
1.72400	 1650.00	 111	 41.90	 0.00200
1.75000	 1800.00	 111	 41.90	 0.00200
1.77500	 1800.00	 130	 36.54	 0.00200
1.80000	 1800.00	 140	 33.72	 0.00200
1.82500	 1800.00	 136	 34.85	 0.00200
1.85000	 1800.00	 144	 32.60	 0.00200
1.87500	 1800.00	 168	 25.83	 0.00300
1.90000	 1800.00	 150	 30.91	 0.00200
1.92500	 1800.00	 150	 30.91	 0.00200
1.95000	 1800.00	 150	 30.91	 0.00200
1.97500	 1800.00	 151	 30.62	 0.00200
2.00000	 1800.00	 151	 30.62	 0.00200
2.02500	 1800.00	 151	 30.62	 0.00200
2.05000	 1800.00	 151	 30.62	 0.00200
2.07500	 1800.00	 150	 30.91	 0.00200
2.10000	 1800.00	 151	 30.62	 0.00200
2.12500	 1800.00	 151	 30.62	 0.00200
2.15000	 1800.00	 151	 30.62	 0.00200
2.17600	 1800.00	 151	 30.62	 0.00200
2.20100	 1800.00	 151	 30.62	 0.00200
2.22600	 1800.00	 151	 30.62	 0.00200
2.25100	 1800.00	 151	 30.62	 0.00200
2.27600	 1800.00	 151	 30.62	 0.00200
2.30100	 1800.00	 151	 30.62	 0.00300
2.32600	 1800.00	 151	 30.62	 0.00200
2.35100	 1800.00	 151	 30.62	 0.00200
2.37600	 1800.00	 151	 30.62	 0.00200
2.40100	 1800.00	 151	 30.62	 0.00200
2.42600	 1800.00	 151	 30.62	 0.00200
2.45100	 1800.00	 151	 30.62	 0.00200
2.47600	 1800.00	 151	 30.62	 0.00200
2.50100	 1800.00	 151	 30.62	 0.00200
2.52600	 1800.00	 151	 30.62	 0.00200
2.55100	 1800.00	 151	 30.62	 0.00200
2.57600	 1800.00	 151	 30.62	 0.00200
2.60100	 1800.00	 152	 30.34	 0.00300
2.62600	 1800.00	 151	 30.62	 0.00200
2.65100	 1800.00	 152	 30.34	 0.00200
2.67600	 1800.00	 152	 30.34	 0.00200
2.70100	 1800.00	 152	 30.34	 0.00200
2.72600	 1800.00	 152	 30.34	 0.00200
2.75100	 1800.00	 152	 30.34	 0.00200
2.77600	 1800.00	 152	 30.34	 0.00200
2.80100	 1800.00	 152	 30.34	 0.00200
2.82600	 1800.00	 152	 30.34	 0.00200
2.85100	 1800.00	 152	 30.34	 0.00200
2.87600	 1800.00	 152	 30.34	 0.00200
2.90200	 1800.00	 152	 30.34	 0.00200
2.92700	 1800.00	 151	 30.62	 0.00200
2.95200	 1800.00	 152	 30.34	 0.00200
2.97700	 1800.00	 151	 30.62	 0.00200
3.00200	 1800.00	 152	 30.34	 0.00200
3.02700	 1800.00	 151	 30.62	 0.00300
3.05200	 1800.00	 152	 30.34	 0.00200
3.07700	 1800.00	 152	 30.34	 0.00200
3.10200	 1800.00	 152	 30.34	 0.00200
3.12700	 1800.00	 152	 30.34	 0.00200
3.15200	 1800.00	 152	 30.34	 0.00200
3.17700	 1800.00	 151	 30.62	 0.00200
3.20200	 1800.00	 152	 30.34	 0.00200
3.22700	 1800.00	 152	 30.34	 0.00200
3.25200	 1800.00	 152	 30.34	 0.00200
3.27700	 1800.00	 152	 30.34	 0.00200
3.30200	 1800.00	 151	 30.62	 0.00200
3.32800	 1800.00	 151	 30.62	 0.00200
3.35300	 1800.00	 151	 30.62	 0.00200
3.37800	 1800.00	 151	 30.62	 0.00200
3.40300	 1800.00	 152	 30.34	 0.00200
3.42800	 1800.00	 152	 30.34	 0.00200
3.45300	 1800.00	 152	 30.34	 0.00300
3.47800	 1800.00	 152	 30.34	 0.00200
3.50300	 1800.00	 152	 30.34	 0.00200
3.52800	 1800.00	 152	 30.34	 0.00200
3.55300	 1800.00	 151	 30.62	 0.00200
3.57800	 1800.00	 152	 30.34	 0.00200
3.60300	 1800.00	 151	 30.62	 0.00200
3.62800	 1800.00	 152	 30.34	 0.00200
3.65300	 1800.00	 152	 30.34	 0.00200
3.67800	 1800.00	 152	 30.34	 0.00200
3.70300	 1800.00	 152	 30.34	 0.00200
3.72800	 1800.00	 152	 30.34	 0.00200
3.75300	 1800.00	 152	 30.34	 0.00300
3.77800	 1800.00	 151	 30.62	 0.00200
3.80300	 1800.00	 152	 30.34	 0.00200
3.82800	 1800.00	 152	 30.34	 0.00200
3.85300	 1800.00	 152	 30.34	 0.00200
3.87800	 1800.00	 152	 30.34	 0.00200
3.90300	 1800.00	 152	 30.34	 0.00200
3.92800	 1800.00	 151	 30.62	 0.00200
3.95300	 1800.00	 152	 30.34	 0.00200
3.97800	 1800.00	 151	 30.62	 0.00200
4.00300	 1800.00	 152	 30.34	 0.00200
4.02800	 1800.00	 152	 30.34	 0.00200
4.05400	 1800.00	 152	 30.34	 0.00200
4.07900	 1800.00	 152	 30.34	 0.00200
4.10400	 1800.00	 152	 30.34	 0.00200
4.12900	 1800.00	 152	 30.34	 0.00200
4.15400	 1800.00	 151	 30.62	 0.00200
4.17900	 1800.00	 152	 30.34	 0.00300
4.20400	 1800.00	 152	 30.34	 0.00200
4.22900	 1800.00	 152	 30.34	 0.00200
4.25400	 1800.00	 152	 30.34	 0.00200
4.27900	 1800.00	 152	 30.34	 0.00200
4.30400	 1800.00	 152	 30.34	 0.00200
4.32900	 1800.00	 151	 30.62	 0.00200
4.35400	 1800.00	 152	 30.34	 0.00200
4.37900	 1800.00	 151	 30.62	 0.00200
4.40400	 1800.00	 151	 30.62	 0.00200
4.42900	 1800.00	 152	 30.34	 0.00200
4.45400	 1800.00	 152	 30.34	 0.00200
4.48000	 1800.00	 152	 30.34	 0.00200
4.50500	 1800.00	 152	 30.34	 0.00200
4.53000	 1800.00	 152	 30.34	 0.00200
4.55500	 1650.00	 152	 30.34	 0.00200
4.58000	 1650.00	 171	 24.99	 0.00200
4.60500	 1650.00	 167	 26.11	 0.00300
4.63000	 1650.00	 132	 35.98	 0.00200
4.65500	 1650.00	 122	 38.80	 0.00200
4.68000	 1650.00	 115	 40.77	 0.00200
4.70500	 1650.00	 114	 41.05	 0.00200
4.73000	 1650.00	 114	 41.05	 0.00200
4.75500	 1650.00	 114	 41.05	 0.00200
4.78000	 1650.00	 113	 41.33	 0.00200
4.80500	 1650.00	 113	 41.33	 0.00200
4.83000	 1650.00	 113	 41.33	 0.00200
4.85500	 1650.00	 113	 41.33	 0.00200
4.88000	 1650.00	 113	 41.33	 0.00200
4.90500	 1650.00	 112	 41.61	 0.00300
4.93000	 1650.00	 113	 41.33	 0.00200
4.95500	 1650.00	 113	 41.33	 0.00200
4.98000	 1650.00	 113	 41.33	 0.00200
5.00500	 1650.00	 113	 41.33	 0.00200
5.03000	 1650.00	 112	 41.61	 0.00200
5.05500	 1650.00	 113	 41.33	 0.00200
5.08000	 1650.00	 112	 41.61	 0.00200
5.10500	 1650.00	 112	 41.61	 0.00200
5.13000	 1650.00	 112	 41.61	 0.00200
5.15500	 1650.00	 112	 41.61	 0.00200
5.18000	 1650.00	 112	 41.61	 0.00200
5.20600	 1650.00	 111	 41.90	 0.00200
5.23100	 1650.00	 112	 41.61	 0.00200
5.25600	 1650.00	 112	 41.61	 0.00200
5.28100	 1650.00	 112	 41.61	 0.00200
5.30600	 1650.00	 112	 41.61	 0.00200
5.33100	 1650.00	 112	 41.61	 0.00300
5.35600	 1650.00	 112	 41.61	 0.00200
5.38100	 1650.00	 112	 41.61	 0.00200
5.40600	 1650.00	 112	 41.61	 0.00200
5.43100	 1650.00	 112	 41.61	 0.00200
5.45600	 1650.00	 112	 41.61	 0.00200
5.48100	 1650.00	 112	 41.61	 0.00200
5.50600	 1650.00	 112	 41.61	 0.00200
5.53100	 1650.00	 111	 41.90	 0.00200
5.55600	 1650.00	 112	 41.61	 0.00200
5.58100	 1650.00	 112	 41.61	 0.00200
5.60600	 1650.00	 112	 41.61	 0.00200
5.63200	 1650.00	 112	 41.61	 0.00200
5.65700	 1650.00	 112	 41.61	 0.00200
5.68200	 1650.00	 112	 41.61	 0.00200
5.70700	 1650.00	 112	 41.61	 0.00200
5.73200	 1650.00	 112	 41.61	 0.00200
5.75700	 1650.00	 112	 41.61	 0.00300
5.78200	 1650.00	 112	 41.61	 0.00200
5.80700	 1650.00	 112	 41.61	 0.00200
5.83200	 1650.00	 112	 41.61	 0.00200
5.85700	 1650.00	 112	 41.61	 0.00200
5.88200	 1650.00	 112	 41.61	 0.00200
5.90700	 1650.00	 112	 41.61	 0.00200
5.93200	 1650.00	 112	 41.61	 0.00200
5.95700	 1650.00	 112	 41.61	 0.00200
5.98200	 1650.00	 112	 41.61	 0.00200
6.00700	 1650.00	 111	 41.90	 0.00200
6.03200	 1650.00	 112	 41.61	 0.00200
6.05700	 1650.00	 112	 41.61	 0.00300
6.08200	 1650.00	 112	 41.61	 0.00200
6.10700	 1650.00	 111	 41.90	 0.00200
6.13200	 1650.00	 112	 41.61	 0.00200
6.15700	 1650.00	 112	 41.61	 0.00200
6.18200	 1650.00	 112	 41.61	 0.00200
6.20700	 1650.00	 111	 41.90	 0.00200
6.23200	 1650.00	 112	 41.61	 0.00200
6.25700	 1650.00	 112	 41.61	 0.00200
6.28200	 1650.00	 112	 41.61	 0.00200
6.30700	 1650.00	 112	 41.61	 0.00200
6.33200	 1650.00	 111	 41.90	 0.00200
6.35800	 1650.00	 112	 41.61	 0.00200
6.38300	 1650.00	 112	 41.61	 0.00200
6.40800	 1650.00	 111	 41.90	 0.00200
6.43300	 1650.00	 111	 41.90	 0.00200
6.45800	 1650.00	 112	 41.61	 0.00200
6.48300	 1650.00	 112	 41.61	 0.00300
6.50800	 1650.00	 112	 41.61	 0.00200
6.53300	 1650.00	 112	 41.61	 0.00200
6.55800	 1650.00	 111	 41.90	 0.00200
6.58300	 1650.00	 112	 41.61	 0.00200
6.60800	 1650.00	 111	 41.90	 0.00200
6.63300	 1650.00	 111	 41.90	 0.00200
6.65800	 1650.00	 111	 41.90	 0.00200
6.68300	 1650.00	 112	 41.61	 0.00200
6.70800	 1650.00	 111	 41.90	 0.00200
6.73300	 1650.00	 112	 41.61	 0.00200
6.75800	 1650.00	 111	 41.90	 0.00200
6.78400	 1650.00	 111	 41.90	 0.00200
6.80900	 1650.00	 111	 41.90	 0.00200
6.83400	 1650.00	 111	 41.90	 0.00200
6.85900	 1650.00	 112	 41.61	 0.00200
6.88400	 1650.00	 111	 41.90	 0.00200
6.90900	 1650.00	 111	 41.90	 0.00300
6.93400	 1650.00	 111	 41.90	 0.00200
6.95900	 1650.00	 111	 41.90	 0.00200
6.98400	 1650.00	 111	 41.90	 0.00200
7.00900	 1650.00	 111	 41.90	 0.00200
7.03400	 1650.00	 111	 41.90	 0.00200
7.05900	 1650.00	 112	 41.61	 0.00200
7.08400	 1650.00	 112	 41.61	 0.00200
7.10900	 1650.00	 112	 41.61	 0.00200
7.13400	 1650.00	 111	 41.90	 0.00200
7.15900	 1650.00	 111	 41.90	 0.00200
7.18400	 1650.00	 111	 41.90	 0.00200
7.20900	 1650.00	 111	 41.90	 0.00300
7.23400	 1650.00	 112	 41.61	 0.00200
7.25900	 1650.00	 111	 41.90	 0.00200
7.28400	 1650.00	 111	 41.90	 0.00200
7.30900	 1650.00	 111	 41.90	 0.00200
7.33400	 1650.00	 111	 41.90	 0.00200
7.35900	 2350.00	 111	 41.90	 0.00200
7.38400	 2350.00	 133	 35.70	 0.00200
7.40900	 2350.00	 134	 35.41	 0.00200
7.43400	 2350.00	 148	 31.47	 0.00200
7.45900	 2350.00	 168	 25.83	 0.00200
7.48400	 2350.00	 194	 18.51	 0.00200
7.51000	 2350.00	 216	 12.31	 0.00200
7.53500	 2350.00	 229	 8.64	 0.00200
7.56000	 2350.00	 254	 1.60	 0.00200
7.58500	 2350.00	 259	 0.19	 0.00200
7.61000	 2350.00	 266	 -1.78	 0.00200
7.63500	 2350.00	 267	 -2.07	 0.00300
7.66000	 2350.00	 267	 -2.07	 0.00200
7.68500	 2350.00	 267	 -2.07	 0.00100
7.71000	 2350.00	 267	 -2.07	 0.00100
7.73500	 2350.00	 267	 -2.07	 0.00200
7.76000	 2350.00	 267	 -2.07	 0.00100
7.78500	 2350.00	 267	 -2.07	 0.00100
7.81000	 2350.00	 267	 -2.07	 0.00200
7.83500	 2350.00	 267	 -2.07	 0.00100
7.86000	 2350.00	 267	 -2.07	 0.00200
7.88500	 2350.00	 267	 -2.07	 0.00200
7.91000	 2350.00	 267	 -2.07	 0.00200
7.93600	 2350.00	 267	 -2.07	 0.00200
7.96100	 2350.00	 267	 -2.07	 0.00200
7.98600	 2350.00	 267	 -2.07	 0.00100
8.01100	 2350.00	 267	 -2.07	 0.00100
8.03600	 2350.00	 267	 -2.07	 0.00200
8.06100	 2350.00	 267	 -2.07	 0.00300
8.08600	 2350.00	 267	 -2.07	 0.00200
8.11100	 2350.00	 267	 -2.07	 0.00200
8.13600	 2350.00	 267	 -2.07	 0.00200
8.16100	 2350.00	 267	 -2.07	 0.00200
8.18600	 2350.00	 267	 -2.07	 0.00200
8.21100	 2350.00	 267	 -2.07	 0.00200
8.23600	 2350.00	 267	 -2.07	 0.00200
8.26100	 2350.00	 267	 -2.07	 0.00200
8.28600	 2350.00	 267	 -2.07	 0.00200
8.31100	 2350.00	 267	 -2.07	 0.00200
8.33600	 2350.00	 267	 -2.07	 0.00200
8.36100	 2350.00	 267	 -2.07	 0.00300
8.38600	 2350.00	 267	 -2.07	 0.00100
8.41100	 2350.00	 267	 -2.07	 0.00100
8.43600	 2350.00	 267	 -2.07	 0.00200
8.46100	 2350.00	 268	 -2.35	 0.00200
8.48600	 2350.00	 267	 -2.07	 0.00200
8.51100	 2350.00	 267	 -2.07	 0.00100
8.53600	 2350.00	 267	 -2.07	 0.00200
8.56100	 2350.00	 267	 -2.07	 0.00200
8.58600	 2350.00	 267	 -2.07	 0.00200
8.61100	 2350.00	 267	 -2.07	 0.00200
8.63600	 2350.00	 267	 -2.07	 0.00200
8.66200	 2350.00	 267	 -2.07	 0.00200
8.68700	 2350.00	 267	 -2.07	 0.00200
8.71200	 2350.00	 267	 -2.07	 0.00200
8.73700	 2350.00	 267	 -2.07	 0.00200
8.76200	 2350.00	 267	 -2.07	 0.00200
8.78700	 2350.00	 268	 -2.35	 0.00300
8.81200	 2350.00	 267	 -2.07	 0.00100
8.83700	 2350.00	 267	 -2.07	 0.00200
8.86200	 2350.00	 267	 -2.07	 0.00200
8.88700	 2350.00	 267	 -2.07	 0.00200
8.91200	 2350.00	 267	 -2.07	 0.00100
8.93700	 2350.00	 267	 -2.07	 0.00200
8.96200	 2350.00	 267	 -2.07	 0.00200
8.98700	 2350.00	 267	 -2.07	 0.00200
9.01200	 2350.00	 267	 -2.07	 0.00200
9.03700	 2350.00	 267	 -2.07	 0.00200
9.06200	 2350.00	 267	 -2.07	 0.00200
9.08800	 2350.00	 267	 -2.07	 0.00200
9.11300	 2350.00	 267	 -2.07	 0.00200
9.13800	 2350.00	 267	 -2.07	 0.00200
9.16300	 2350.00	 267	 -2.07	 0.00100
9.18800	 2350.00	 267	 -2.07	 0.00100
9.21300	 2350.00	 267	 -2.07	 0.00300
9.23800	 2350.00	 267	 -2.07	 0.00100
9.26300	 2350.00	 267	 -2.07	 0.00100
9.28800	 2350.00	 267	 -2.07	 0.00200
9.31300	 2350.00	 267	 -2.07	 0.00100
9.33800	 2350.00	 267	 -2.07	 0.00200
9.36300	 2350.00	 267	 -2.07	 0.00200
9.38800	 2350.00	 267	 -2.07	 0.00100
9.41300	 2350.00	 267	 -2.07	 0.00100
9.43800	 2350.00	 267	 -2.07	 0.00200
9.46300	 2350.00	 267	 -2.07	 0.00200
9.48800	 2350.00	 267	 -2.07	 0.00200
9.51300	 2350.00	 267	 -2.07	 0.00300
9.53800	 2350.00	 267	 -2.07	 0.00200
9.56300	 2350.00	 267	 -2.07	 0.00200
9.58800	 2350.00	 267	 -2.07	 0.00200
9.61300	 2350.00	 267	 -2.07	 0.00100
9.63800	 2350.00	 267	 -2.07	 0.00100
9.66300	 2350.00	 267	 -2.07	 0.00200
9.68800	 2350.00	 267	 -2.07	 0.00200
9.71300	 2350.00	 267	 -2.07	 0.00200
9.73800	 2350.00	 267	 -2.07	 0.00200
9.76300	 2350.00	 267	 -2.07	 0.00100
9.78800	 2350.00	 267	 -2.07	 0.00200
9.81400	 2350.00	 267	 -2.07	 0.00200
9.83900	 2350.00	 267	 -2.07	 0.00200
9.86400	 2350.00	 267	 -2.07	 0.00200
9.88900	 2350.00	 267	 -2.07	 0.00200
9.91400	 2350.00	 267	 -2.07	 0.00200
9.93900	 2350.00	 267	 -2.07	 0.00300
9.96400	 2350.00	 267	 -2.07	 0.00200
9.98900	 2350.00	 267	 -2.07	 0.00200
10.01400	 2350.00	 267	 -2.07	 0.00200
10.03900	 2350.00	 267	 -2.07	 0.00200
10.06400	 2350.00	 267	 -2.07	 0.00200
10.08900	 2350.00	 267	 -2.07	 0.00200
10.11400	 2350.00	 268	 -2.35	 0.00200
10.13900	 2350.00	 267	 -2.07	 0.00200
10.16400	 1650.00	 268	 -2.35	 0.00200
10.18900	 1650.00	 274	 -4.04	 0.00200
10.21400	 1650.00	 267	 -2.07	 0.00200
10.24000	 1650.00	 250	 2.73	 0.00200
10.26500	 1650.00	 229	 8.64	 0.00200
10.29000	 1650.00	 203	 15.97	 0.00200
10.31500	 1650.00	 171	 24.99	 0.00200
10.34000	 1650.00	 153	 30.06	 0.00200
10.36500	 1650.00	 124	 38.23	 0.00300
10.39000	 1650.00	 113	 41.33	 0.00200
10.41500	 1650.00	 112	 41.61	 0.00200
10.44000	 1650.00	 112	 41.61	 0.00200
10.46500	 1650.00	 112	 41.61	 0.00200
10.49000	 1650.00	 111	 41.90	 0.00200
10.51500	 1650.00	 112	 41.61	 0.00200
10.54000	 1650.00	 112	 41.61	 0.00200
10.56500	 1650.00	 112	 41.61	 0.00200
10.59000	 1650.00	 112	 41.61	 0.00200
10.61500	 1650.00	 112	 41.61	 0.00200
10.64000	 1650.00	 112	 41.61	 0.00200
10.66500	 1650.00	 112	 41.61	 0.00300
10.69000	 1650.00	 112	 41.61	 0.00200
10.71500	 1650.00	 112	 41.61	 0.00200
10.74000	 1650.00	 112	 41.61	 0.00200
10.76500	 1650.00	 112	 41.61	 0.00200
10.79000	 1650.00	 112	 41.61	 0.00200
10.81500	 1650.00	 112	 41.61	 0.00200
10.84000	 1650.00	 112	 41.61	 0.00200
10.86500	 1650.00	 112	 41.61	 0.00200
10.89000	 1650.00	 112	 41.61	 0.00200
10.91500	 1650.00	 112	 41.61	 0.00200
10.94000	 1650.00	 112	 41.61	 0.00200
10.96600	 1650.00	 112	 41.61	 0.00200
10.99100	 1650.00	 111	 41.90	 0.00200
11.01600	 1650.00	 112	 41.61	 0.00200
11.04100	 1650.00	 112	 41.61	 0.00200
11.06600	 1650.00	 111	 41.90	 0.00200
11.09100	 1650.00	 111	 41.90	 0.00300
11.11600	 1650.00	 112	 41.61	 0.00200
11.14100	 1650.00	 112	 41.61	 0.00200
11.16600	 1650.00	 112	 41.61	 0.00200
11.19100	 1650.00	 112	 41.61	 0.00200
11.21600	 1650.00	 112	 41.61	 0.00200
11.24100	 1650.00	 111	 41.90	 0.00200
11.26600	 1650.00	 112	 41.61	 0.00200
11.29100	 1650.00	 112	 41.61	 0.00200
11.31600	 1650.00	 112	 41.61	 0.00200
11.34100	 1650.00	 111	 41.90	 0.00200
11.36600	 1650.00	 112	 41.61	 0.00200
11.39200	 1650.00	 111	 41.90	 0.00200
11.41700	 1650.00	 112	 41.61	 0.00200
11.44200	 1650.00	 111	 41.90	 0.00200
11.46700	 1650.00	 112	 41.61	 0.00200
11.49200	 1650.00	 111	 41.90	 0.00200
11.51700	 1650.00	 112	 41.61	 0.00300
11.54200	 1650.00	 112	 41.61	 0.00200
11.56700	 1650.00	 112	 41.61	 0.00200
11.59200	 1650.00	 111	 41.90	 0.00200
11.61700	 1650.00	 112	 41.61	 0.00200
11.64200	 1650.00	 111	 41.90	 0.00200
11.66700	 1650.00	 112	 41.61	 0.00200
11.69200	 1650.00	 112	 41.61	 0.00200
11.71700	 1650.00	 112	 41.61	 0.00200
11.74200	 1650.00	 112	 41.61	 0.00200
11.76700	 1650.00	 111	 41.90	 0.00200
11.79200	 1650.00	 111	 41.90	 0.00200
11.81700	 1650.00	 111	 41.90	 0.00300
11.84200	 1650.00	 111	 41.90	 0.00200
11.86700	 1650.00	 112	 41.61	 0.00200
11.89200	 1650.00	 111	 41.90	 0.00200
11.91700	 1650.00	 111	 41.90	 0.00200
11.94200	 1650.00	 111	 41.90	 0.00200
11.96700	 1650.00	 111	 41.90	 0.00200
11.99200	 1650.00	 112	 41.61	 0.00200
12.01700	 1650.00	 111	 41.90	 0.00200
12.04200	 1650.00	 111	 41.90	 0.00200
12.06700	 1650.00	 112	 41.61	 0.00200
12.09200	 1650.00	 111	 41.90	 0.00200
12.11800	 1650.00	 111	 41.90	 0.00200
12.14300	 1650.00	 111	 41.90	 0.00200
12.16800	 1650.00	 112	 41.61	 0.00200
12.19300	 1650.00	 111	 41.90	 0.00200
12.21800	 1650.00	 112	 41.61	 0.00200
12.24300	 1650.00	 111	 41.90	 0.00300
12.26800	 1650.00	 112	 41.61	 0.00200
12.29300	 1650.00	 111	 41.90	 0.00200
12.31800	 1650.00	 111	 41.90	 0.00200
12.34300	 1650.00	 111	 41.90	 0.00200
12.36800	 1650.00	 111	 41.90	 0.00200
12.39300	 1650.00	 111	 41.90	 0.00200
12.41800	 1650.00	 111	 41.90	 0.00200
12.44300	 1650.00	 111	 41.90	 0.00200
12.46800	 1650.00	 111	 41.90	 0.00200
12.49300	 1650.00	 111	 41.90	 0.00200
12.51800	 1650.00	 111	 41.90	 0.00200
12.54400	 1650.00	 112	 41.61	 0.00200
12.56900	 1650.00	 111	 41.90	 0.00200
12.59400	 1650.00	 111	 41.90	 0.00200
12.61900	 1650.00	 112	 41.61	 0.00200
12.64400	 1650.00	 111	 41.90	 0.00200
12.66900	 1650.00	 112	 41.61	 0.00300
12.69400	 1650.00	 111	 41.90	 0.00200
12.71900	 1650.00	 112	 41.61	 0.00200
12.74400	 1650.00	 111	 41.90	 0.00200
12.76900	 1650.00	 111	 41.90	 0.00200
12.79400	 1650.00	 111	 41.90	 0.00200
12.81900	 1650.00	 111	 41.90	 0.00200
12.84400	 1650.00	 111	 41.90	 0.00200
12.86900	 1650.00	 111	 41.90	 0.00200
12.89400	 1650.00	 111	 41.90	 0.00200
12.91900	 1650.00	 111	 41.90	 0.00200
12.94400	 1650.00	 112	 41.61	 0.00200
12.96900	 1650.00	 111	 41.90	 0.00300
12.99400	 1650.00	 111	 41.90	 0.00200
13.01900	 1650.00	 111	 41.90	 0.00200
13.04400	 1650.00	 111	 41.90	 0.00200
13.06900	 1650.00	 111	 41.90	 0.00200
13.09400	 1650.00	 111	 41.90	 0.00200
13.11900	 1650.00	 112	 41.61	 0.00200
13.14400	 1650.00	 111	 41.90	 0.00200
13.16900	 1650.00	 112	 41.61	 0.00200
13.19400	 1650.00	 111	 41.90	 0.00200
13.21900	 1650.00	 112	 41.61	 0.00200
13.24400	 1650.00	 111	 41.90	 0.00200
13.27000	 1650.00	 112	 41.61	 0.00200
13.29500	 1650.00	 111	 41.90	 0.00200
13.32000	 1650.00	 112	 41.61	 0.00200
13.34500	 1650.00	 111	 41.90	 0.00200
13.37000	 1650.00	 111	 41.90	 0.00200
13.39500	 1650.00	 112	 41.61	 0.00300
13.42000	 1650.00	 111	 41.90	 0.00200
13.44500	 1650.00	 111	 41.90	 0.00200
13.47000	 1650.00	 112	 41.61	 0.00200
13.49500	 1650.00	 111	 41.90	 0.00200
13.52000	 1650.00	 112	 41.61	 0.00200
13.54500	 1650.00	 112	 41.61	 0.00200
13.57000	 1650.00	 111	 41.90	 0.00200
13.59500	 1650.00	 112	 41.61	 0.00200
13.62000	 1650.00	 111	 41.90	 0.00200
13.64500	 1650.00	 112	 41.61	 0.00200
13.67000	 1650.00	 112	 41.61	 0.00200
13.69600	 1650.00	 111	 41.90	 0.00200
13.72100	 1650.00	 112	 41.61	 0.00200
13.74600	 1650.00	 111	 41.90	 0.00200
13.77100	 1650.00	 111	 41.90	 0.00200
13.79600	 1650.00	 111	 41.90	 0.00200
13.82100	 1650.00	 111	 41.90	 0.00300
13.84600	 1650.00	 111	 41.90	 0.00200
13.87100	 1650.00	 111	 41.90	 0.00200
13.89600	 1650.00	 111	 41.90	 0.00200
13.92100	 1650.00	 111	 41.90	 0.00200
13.94600	 1650.00	 111	 41.90	 0.00200
13.97100	 1650.00	 111	 41.90	 0.00200
13.99600	 1650.00	 111	 41.90	 0.00200
14.02100	 1650.00	 112	 41.61	 0.00200
14.04600	 1650.00	 111	 41.90	 0.00200
14.07100	 1650.00	 111	 41.90	 0.00200
14.09600	 1650.00	 112	 41.61	 0.00200
14.12100	 1650.00	 112	 41.61	 0.00300
14.14600	 1650.00	 112	 41.61	 0.00200
14.17100	 1650.00	 112	 41.61	 0.00200
14.19600	 1650.00	 112	 41.61	 0.00200
14.22100	 1650.00	 111	 41.90	 0.00200
14.24600	 1650.00	 111	 41.90	 0.00200
14.27100	 1650.00	 111	 41.90	 0.00200
14.29600	 1650.00	 112	 41.61	 0.00200
14.32100	 1650.00	 111	 41.90	 0.00200
14.34600	 1650.00	 111	 41.90	 0.00200
14.37100	 1650.00	 111	 41.90	 0.00200
14.39600	 1650.00	 111	 41.90	 0.00200
14.42200	 1650.00	 111	 41.90	 0.00200
14.44700	 1650.00	 112	 41.61	 0.00200
14.47200	 1650.00	 111	 41.90	 0.00200
14.49700	 1650.00	 111	 41.90	 0.00200
14.52200	 1650.00	 111	 41.90	 0.00200
14.54700	 1650.00	 112	 41.61	 0.00300
14.57200	 1650.00	 111	 41.90	 0.00200
14.59700	 1650.00	 111	 41.90	 0.00200
14.62200	 1650.00	 111	 41.90	 0.00200
14.64700	 1650.00	 111	 41.90	 0.00200
14.67200	 1650.00	 111	 41.90	 0.00200
14.69700	 1650.00	 111	 41.90	 0.00200
14.72200	 1650.00	 111	 41.90	 0.00200
14.74700	 1650.00	 111	 41.90	 0.00200
14.77200	 1650.00	 112	 41.61	 0.00200
14.79700	 1650.00	 112	 41.61	 0.00200
14.82200	 1650.00	 111	 41.90	 0.00200
14.84800	 1650.00	 111	 41.90	 0.00200
14.87300	 1650.00	 111	 41.90	 0.00200
14.89800	 1650.00	 111	 41.90	 0.00200
14.92300	 1650.00	 111	 41.90	 0.00200
14.94800	 1650.00	 111	 41.90	 0.00200
14.97300	 1650.00	 111	 41.90	 0.00300
14.99800	 1650.00	 111	 41.90	 0.00200
15.02300	 1650.00	 112	 41.61	 0.00200
15.04800	 1650.00	 112	 41.61	 0.00200
15.07300	 1650.00	 111	 41.90	 0.00200
15.09800	 1650.00	 111	 41.90	 0.00200
15.12300	 1650.00	 111	 41.90	 0.00200
15.14800	 1650.00	 112	 41.61	 0.00200
15.17300	 1650.00	 111	 41.90	 0.00200
15.19800	 1650.00	 111	 41.90	 0.00200
15.22300	 1650.00	 111	 41.90	 0.00200
15.24800	 1650.00	 111	 41.90	 0.00200
15.27300	 1650.00	 111	 41.90	 0.00300
15.29800	 1650.00	 111	 41.90	 0.00200
15.32300	 1650.00	 112	 41.61	 0.00200
15.34800	 1650.00	 111	 41.90	 0.00200
15.37300	 1650.00	 111	 41.90	 0.00200
15.39800	 1650.00	 111	 41.90	 0.00200
15.42300	 1650.00	 111	 41.90	 0.00200
15.44800	 1650.00	 112	 41.61	 0.00200
15.47300	 1650.00	 111	 41.90	 0.00200
15.49800	 1650.00	 111	 41.90	 0.00200
15.52300	 1650.00	 111	 41.90	 0.00200
15.54800	 1650.00	 111	 41.90	 0.00200
15.57400	 1650.00	 111	 41.90	 0.00200
15.59900	 1650.00	 112	 41.61	 0.00200
15.62400	 1650.00	 112	 41.61	 0.00200
15.64900	 1650.00	 112	 41.61	 0.00200
15.67400	 1650.00	 111	 41.90	 0.00200
15.69900	 1650.00	 112	 41.61	 0.00300
15.72400	 1650.00	 111	 41.90	 0.00200
15.74900	 1650.00	 112	 41.61	 0.00200
15.77400	 1650.00	 111	 41.90	 0.00200
15.79900	 1650.00	 112	 41.61	 0.00200
15.82400	 1650.00	 111	 41.90	 0.00200
15.84900	 1650.00	 112	 41.61	 0.00200
15.87400	 1650.00	 112	 41.61	 0.00200
15.89900	 1650.00	 111	 41.90	 0.00200
15.92400	 1650.00	 111	 41.90	 0.00200
15.94900	 1650.00	 112	 41.61	 0.00200
15.97400	 1650.00	 111	 41.90	 0.00200
16.00000	 1650.00	 112	 41.61	 0.00200
16.02500	 1650.00	 111	 41.90	 0.00200
16.05000	 1650.00	 111	 41.90	 0.00200
16.07500	 1650.00	 111	 41.90	 0.00200
16.10000	 1650.00	 111	 41.90	 0.00200
16.12500	 1650.00	 111	 41.90	 0.00300
16.15000	 1650.00	 111	 41.90	 0.00200
16.17500	 1650.00	 111	 41.90	 0.00200
16.20000	 1650.00	 111	 41.90	 0.00200
16.22500	 1650.00	 111	 41.90	 0.00200
16.25000	 1650.00	 111	 41.90	 0.00200
16.27500	 1650.00	 111	 41.90	 0.00200
16.30000	 1650.00	 111	 41.90	 0.00200
16.32500	 1650.00	 111	 41.90	 0.00200
16.35000	 1650.00	 111	 41.90	 0.00200
16.37500	 1650.00	 111	 41.90	 0.00200
16.40000	 1650.00	 111	 41.90	 0.00200
16.42500	 1650.00	 111	 41.90	 0.00300
16.45000	 1650.00	 111	 41.90	 0.00200
16.47500	 1650.00	 111	 41.90	 0.00200
16.50000	 1650.00	 111	 41.90	 0.00200
16.52500	 1650.00	 111	 41.90	 0.00200
16.55000	 1650.00	 112	 41.61	 0.00200
16.57500	 1650.00	 111	 41.90	 0.00200
16.60000	 1650.00	 111	 41.90	 0.00200
16.62500	 1650.00	 111	 41.90	 0.00200
16.65000	 1650.00	 111	 41.90	 0.00200
16.67500	 1650.00	 111	 41.90	 0.00200
16.70000	 1650.00	 111	 41.90	 0.00200
16.72600	 1650.00	 111	 41.90	 0.00200
16.75100	 1650.00	 111	 41.90	 0.00200
16.77600	 1650.00	 111	 41.90	 0.00200
16.80100	 1650.00	 111	 41.90	 0.00200
16.82600	 1650.00	 111	 41.90	 0.00200
16.85100	 1650.00	 111	 41.90	 0.00300
16.87600	 1650.00	 111	 41.90	 0.00200
16.90100	 1650.00	 112	 41.61	 0.00200
16.92600	 1650.00	 111	 41.90	 0.00200
16.95100	 1650.00	 111	 41.90	 0.00200
16.97600	 1650.00	 111	 41.90	 0.00200
17.00100	 1650.00	 111	 41.90	 0.00200
17.02600	 1650.00	 111	 41.90	 0.00200
17.05100	 1650.00	 111	 41.90	 0.00200
17.07600	 1650.00	 111	 41.90	 0.00200
17.10100	 1650.00	 111	 41.90	 0.00200
17.12600	 1650.00	 111	 41.90	 0.00200
17.15200	 1650.00	 112	 41.61	 0.00200
17.17700	 1650.00	 111	 41.90	 0.00200
17.20200	 1650.00	 111	 41.90	 0.00200
17.22700	 1650.00	 111	 41.90	 0.00200
17.25200	 1650.00	 111	 41.90	 0.00200
17.27700	 1650.00	 111	 41.90	 0.00300
17.30200	 1650.00	 111	 41.90	 0.00200
17.32700	 1650.00	 111	 41.90	 0.00200
17.35200	 1650.00	 111	 41.90	 0.00200
17.37700	 1650.00	 111	 41.90	 0.00200
17.40200	 1650.00	 111	 41.90	 0.00200
17.42700	 1650.00	 111	 41.90	 0.00200
17.45200	 1650.00	 112	 41.61	 0.00200
17.47700	 1650.00	 111	 41.90	 0.00200
17.50200	 1650.00	 111	 41.90	 0.00200
17.52700	 1650.00	 111	 41.90	 0.00200
17.55200	 1650.00	 111	 41.90	 0.00200
17.57700	 1650.00	 111	 41.90	 0.00300
17.60200	 1650.00	 111	 41.90	 0.00200
17.62700	 1650.00	 111	 41.90	 0.00200
17.65200	 1650.00	 111	 41.90	 0.00200
17.67700	 1650.00	 111	 41.90	 0.00200
17.70200	 1650.00	 111	 41.90	 0.00200
17.72700	 1650.00	 111	 41.90	 0.00200
17.75200	 1650.00	 111	 41.90	 0.00200
17.77700	 1650.00	 111	 41.90	 0.00200
17.80200	 1650.00	 111	 41.90	 0.00200
17.82700	 1650.00	 111	 41.90	 0.00200
17.85200	 1650.00	 111	 41.90	 0.00200
17.87800	 1650.00	 111	 41.90	 0.00200
17.90300	 1650.00	 111	 41.90	 0.00200
17.92800	 1650.00	 112	 41.61	 0.00200
17.95300	 1650.00	 111	 41.90	 0.00200
17.97800	 1650.00	 111	 41.90	 0.00200
18.00300	 1650.00	 111	 41.90	 0.00300
18.02800	 1650.00	 111	 41.90	 0.00200
18.05300	 1650.00	 111	 41.90	 0.00200
18.07800	 1650.00	 112	 41.61	 0.00200
18.10300	 1650.00	 111	 41.90	 0.00200
18.12800	 1650.00	 112	 41.61	 0.00200
18.15300	 1650.00	 111	 41.90	 0.00200
18.17800	 1650.00	 111	 41.90	 0.00200
18.20300	 1650.00	 111	 41.90	 0.00200
18.22800	 1650.00	 111	 41.90	 0.00200
18.25300	 1650.00	 111	 41.90	 0.00200
18.27800	 1650.00	 111	 41.90	 0.00200
18.30400	 1650.00	 111	 41.90	 0.00200
18.32900	 1650.00	 111	 41.90	 0.00200
18.35400	 1650.00	 111	 41.90	 0.00200
18.37900	 1650.00	 111	 41.90	 0.00200
18.40400	 1650.00	 111	 41.90	 0.00200
18.42900	 1650.00	 112	 41.61	 0.00300
18.45400	 1650.00	 111	 41.90	 0.00200
18.47900	 1650.00	 111	 41.90	 0.00200
18.50400	 1650.00	 111	 41.90	 0.00200
18.52900	 1650.00	 111	 41.90	 0.00200
18.55400	 1650.00	 111	 41.90	 0.00200
18.57900	 1650.00	 111	 41.90	 0.00200
18.60400	 1650.00	 111	 41.90	 0.00200
18.62900	 1650.00	 111	 41.90	 0.00200
18.65400	 1650.00	 111	 41.90	 0.00200
18.67900	 1650.00	 111	 41.90	 0.00200
18.70400	 1650.00	 111	 41.90	 0.00200
18.72900	 1650.00	 111	 41.90	 0.00300
18.75400	 1650.00	 111	 41.90	 0.00200
18.77900	 1650.00	 111	 41.90	 0.00200
18.80400	 1650.00	 111	 41.90	 0.00200
18.82900	 1650.00	 111	 41.90	 0.00200
18.85400	 1650.00	 111	 41.90	 0.00200
18.87900	 1650.00	 111	 41.90	 0.00200
18.90400	 1650.00	 111	 41.90	 0.00200
18.92900	 1650.00	 111	 41.90	 0.00200
18.95400	 1650.00	 111	 41.90	 0.00200
18.97900	 1650.00	 111	 41.90	 0.00200
19.00400	 1650.00	 111	 41.90	 0.00200
19.03000	 1650.00	 112	 41.61	 0.00200
19.05500	 1650.00	 111	 41.90	 0.00200
19.08000	 1650.00	 111	 41.90	 0.00200
19.10500	 1650.00	 111	 41.90	 0.00200
19.13000	 1650.00	 111	 41.90	 0.00200
19.15500	 1650.00	 111	 41.90	 0.00300
19.18000	 1650.00	 111	 41.90	 0.00200
19.20500	 1650.00	 111	 41.90	 0.00200
19.23000	 1650.00	 112	 41.61	 0.00200
19.25500	 1650.00	 111	 41.90	 0.00200
19.28000	 1650.00	 111	 41.90	 0.00200
19.30500	 1650.00	 111	 41.90	 0.00200
19.33000	 1650.00	 111	 41.90	 0.00200
19.35500	 1650.00	 111	 41.90	 0.00200
19.38000	 1650.00	 111	 41.90	 0.00200
19.40500	 1650.00	 112	 41.61	 0.00200
19.43000	 1650.00	 112	 41.61	 0.00200
19.45600	 1650.00	 111	 41.90	 0.00200
19.48100	 1650.00	 111	 41.90	 0.00200
19.50600	 1650.00	 111	 41.90	 0.00200
19.53100	 1650.00	 112	 41.61	 0.00200
19.55600	 1650.00	 111	 41.90	 0.00200
19.58100	 1650.00	 111	 41.90	 0.00300
19.60600	 1650.00	 111	 41.90	 0.00200
19.63100	 1650.00	 112	 41.61	 0.00200
19.65600	 1650.00	 111	 41.90	 0.00200
19.68100	 1650.00	 111	 41.90	 0.00200
19.70600	 1650.00	 111	 41.90	 0.00200
19.73100	 1650.00	 111	 41.90	 0.00200
19.75600	 1650.00	 111	 41.90	 0.00200
19.78100	 1650.00	 112	 41.61	 0.00200
19.80600	 1650.00	 111	 41.90	 0.00200
19.83100	 1650.00	 111	 41.90	 0.00200
19.85600	 1650.00	 111	 41.90	 0.00200
19.88100	 1650.00	 111	 41.90	 0.00300
19.90600	 1650.00	 111	 41.90	 0.00200
19.93100	 1650.00	 112	 41.61	 0.00200
19.95600	 1650.00	 111	 41.90	 0.00200
19.98100	 1650.00	 112	 41.61	 0.00200
20.00600	 1650.00	 111	 41.90	 0.00200
20.03100	 1650.00	 111	 41.90	 0.00200
20.05600	 1650.00	 111	 41.90	 0.00200
20.08100	 1650.00	 112	 41.61	 0.00200
20.10600	 1650.00	 111	 41.90	 0.00200
20.13100	 1650.00	 111	 41.90	 0.00200
20.15600	 1650.00	 111	 41.90	 0.00200
20.18200	 1650.00	 111	 41.90	 0.00200
20.20700	 1650.00	 111	 41.90	 0.00200
20.23200	 1650.00	 111	 41.90	 0.00200
20.25700	 1650.00	 111	 41.90	 0.00200
20.28200	 1650.00	 111	 41.90	 0.00200
20.30700	 1650.00	 111	 41.90	 0.00300
20.33200	 1650.00	 111	 41.90	 0.00200
20.35700	 1650.00	 111	 41.90	 0.00200
20.38200	 1650.00	 111	 41.90	 0.00200
20.40700	 1650.00	 111	 41.90	 0.00200
20.43200	 1650.00	 111	 41.90	 0.00200
20.45700	 1650.00	 112	 41.61	 0.00200
20.48200	 1650.00	 111	 41.90	 0.00200
20.50700	 1650.00	 111	 41.90	 0.00200
20.53200	 1650.00	 111	 41.90	 0.00200
20.55700	 1650.00	 111	 41.90	 0.00200
20.58200	 1650.00	 111	 41.90	 0.00200
20.60800	 1650.00	 111	 41.90	 0.00200
20.63300	 1650.00	 111	 41.90	 0.00200
20.65800	 1650.00	 111	 41.90	 0.00200
20.68300	 1650.00	 111	 41.90	 0.00200
20.70800	 1650.00	 111	 41.90	 0.00200
20.73300	 1650.00	 111	 41.90	 0.00300
20.75800	 1650.00	 111	 41.90	 0.00200
20.78300	 1650.00	 116	 40.49	 0.00200
20.80800	 1650.00	 111	 41.90	 0.00200
20.83300	 1650.00	 111	 41.90	 0.00200
20.85800	 1650.00	 111	 41.90	 0.00200
20.88300	 1650.00	 111	 41.90	 0.00200
20.90800	 1650.00	 111	 41.90	 0.00200
20.93300	 1650.00	 112	 41.61	 0.00200
20.95800	 1650.00	 111	 41.90	 0.00200
20.98300	 1650.00	 111	 41.90	 0.00200
21.00800	 1650.00	 111	 41.90	 0.00200
21.03300	 1650.00	 111	 41.90	 0.00300
21.05800	 1650.00	 111	 41.90	 0.00200
21.08300	 1650.00	 111	 41.90	 0.00200
21.10800	 1650.00	 111	 41.90	 0.00200
21.13300	 1650.00	 111	 41.90	 0.00200
21.15800	 1650.00	 111	 41.90	 0.00200
21.18300	 1650.00	 111	 41.90	 0.00200
21.20800	 1650.00	 111	 41.90	 0.00200
21.23300	 1650.00	 111	 41.90	 0.00200
21.25800	 1650.00	 111	 41.90	 0.00200
21.28300	 1650.00	 111	 41.90	 0.00200
21.30800	 1650.00	 111	 41.90	 0.00200
21.33400	 1650.00	 111	 41.90	 0.00200
21.35900	 1650.00	 112	 41.61	 0.00200
21.38400	 1650.00	 111	 41.90	 0.00200
21.40900	 1650.00	 112	 41.61	 0.00200
21.43400	 1650.00	 111	 41.90	 0.00200
21.45900	 1650.00	 112	 41.61	 0.00300
21.48400	 1650.00	 111	 41.90	 0.00200
21.50900	 1650.00	 112	 41.61	 0.00200
21.53400	 1650.00	 111	 41.90	 0.00200
21.55900	 1650.00	 111	 41.90	 0.00200
21.58400	 1650.00	 111	 41.90	 0.00200
21.60900	 1650.00	 112	 41.61	 0.00200
21.63400	 1650.00	 111	 41.90	 0.00200
21.65900	 1650.00	 111	 41.90	 0.00200
21.68400	 1650.00	 111	 41.90	 0.00200
21.70900	 1650.00	 111	 41.90	 0.00200
21.73400	 1650.00	 111	 41.90	 0.00200
21.76000	 1650.00	 111	 41.90	 0.00200
21.78500	 1650.00	 111	 41.90	 0.00200
21.81000	 1650.00	 111	 41.90	 0.00200
21.83500	 1650.00	 111	 41.90	 0.00200
21.86000	 1650.00	 111	 41.90	 0.00200
21.88500	 1650.00	 111	 41.90	 0.00300
21.91000	 1650.00	 111	 41.90	 0.00200
21.93500	 1650.00	 111	 41.90	 0.00200
21.96000	 1650.00	 111	 41.90	 0.00200
21.98500	 1650.00	 111	 41.90	 0.00200
22.01000	 1650.00	 111	 41.90	 0.00200
22.03500	 1650.00	 111	 41.90	 0.00200
22.06000	 1650.00	 111	 41.90	 0.00200
22.08500	 1650.00	 111	 41.90	 0.00200
22.11000	 1650.00	 111	 41.90	 0.00200
22.13500	 1650.00	 111	 41.90	 0.00200
22.16000	 1650.00	 111	 41.90	 0.00200
22.18500	 1650.00	 112	 41.61	 0.00300
22.21000	 1650.00	 111	 41.90	 0.00200
22.23500	 1650.00	 112	 41.61	 0.00200
22.26000	 1650.00	 111	 41.90	 0.00200
22.28500	 1650.00	 111	 41.90	 0.00200
22.31000	 1650.00	 111	 41.90	 0.00200
22.33500	 1650.00	 111	 41.90	 0.00200
22.36000	 1650.00	 111	 41.90	 0.00200
22.38500	 1650.00	 111	 41.90	 0.00200
22.41000	 1650.00	 111	 41.90	 0.00200
22.43500	 1650.00	 111	 41.90	 0.00200
22.46000	 1650.00	 111	 41.90	 0.00200
22.48600	 1650.00	 111	 41.90	 0.00200
22.51100	 1650.00	 111	 41.90	 0.00200
22.53600	 1650.00	 111	 41.90	 0.00200
22.56100	 1650.00	 112	 41.61	 0.00200
22.58600	 1650.00	 111	 41.90	 0.00200
22.61100	 1650.00	 111	 41.90	 0.00300
22.63600	 1650.00	 111	 41.90	 0.00200
22.66100	 1650.00	 111	 41.90	 0.00200
22.68600	 1650.00	 111	 41.90	 0.00200
22.71100	 1650.00	 111	 41.90	 0.00200
22.73600	 1650.00	 111	 41.90	 0.00200
22.76100	 1650.00	 111	 41.90	 0.00200
22.78600	 1650.00	 111	 41.90	 0.00200
22.81100	 1650.00	 111	 41.90	 0.00200
22.83600	 1650.00	 112	 41.61	 0.00200
22.86100	 1650.00	 111	 41.90	 0.00200
22.88600	 1650.00	 111	 41.90	 0.00200
22.91200	 1650.00	 111	 41.90	 0.00200
22.93700	 1650.00	 111	 41.90	 0.00200
22.96200	 1650.00	 112	 41.61	 0.00200
22.98700	 1650.00	 111	 41.90	 0.00200
23.01200	 1650.00	 111	 41.90	 0.00200
23.03700	 1650.00	 111	 41.90	 0.00300
23.06200	 1650.00	 111	 41.90	 0.00200
23.08700	 1650.00	 112	 41.61	 0.00200
23.11200	 1650.00	 111	 41.90	 0.00200
23.13700	 1650.00	 111	 41.90	 0.00200
23.16200	 1650.00	 111	 41.90	 0.00200
23.18700	 1650.00	 111	 41.90	 0.00200
23.21200	 1650.00	 112	 41.61	 0.00200
23.23700	 1650.00	 111	 41.90	 0.00200
23.26200	 1650.00	 111	 41.90	 0.00200
23.28700	 1650.00	 111	 41.90	 0.00200
23.31200	 1650.00	 111	 41.90	 0.00200
23.33700	 1650.00	 111	 41.90	 0.00300
23.36200	 1650.00	 112	 41.61	 0.00200
23.38700	 1650.00	 111	 41.90	 0.00200
23.41200	 1650.00	 111	 41.90	 0.00200
23.43700	 1650.00	 111	 41.90	 0.00200
23.46200	 1650.00	 111	 41.90	 0.00200
23.48700	 1650.00	 111	 41.90	 0.00200
23.51200	 1650.00	 111	 41.90	 0.00200
23.53700	 1650.00	 111	 41.90	 0.00200
23.56200	 1650.00	 111	 41.90	 0.00200
23.58700	 1650.00	 111	 41.90	 0.00200
23.61200	 1650.00	 111	 41.90	 0.00200
23.63800	 1650.00	 111	 41.90	 0.00200
23.66300	 1650.00	 111	 41.90	 0.00200
23.68800	 1650.00	 111	 41.90	 0.00200
23.71300	 1650.00	 111	 41.90	 0.00200
23.73800	 1650.00	 111	 41.90	 0.00200
23.76300	 1650.00	 111	 41.90	 0.00300
23.78800	 1650.00	 111	 41.90	 0.00200
23.81300	 1650.00	 111	 41.90	 0.00200
23.83800	 1650.00	 111	 41.90	 0.00200
23.86300	 1650.00	 112	 41.61	 0.00200
23.88800	 1650.00	 111	 41.90	 0.00200
23.91300	 1650.00	 111	 41.90	 0.00200
23.93800	 1650.00	 111	 41.90	 0.00200
23.96300	 1650.00	 111	 41.90	 0.00200
23.98800	 1650.00	 111	 41.90	 0.00200
24.01300	 1650.00	 111	 41.90	 0.00200
24.03800	 1650.00	 111	 41.90	 0.00200
24.06400	 1650.00	 111	 41.90	 0.00200
24.08900	 1650.00	 112	 41.61	 0.00200
24.11400	 1650.00	 111	 41.90	 0.00200
24.13900	 1650.00	 111	 41.90	 0.00200
24.16400	 1650.00	 111	 41.90	 0.00200
24.18900	 1650.00	 111	 41.90	 0.00300
24.21400	 1650.00	 111	 41.90	 0.00200
24.23900	 1650.00	 111	 41.90	 0.00200
24.26400	 1650.00	 111	 41.90	 0.00200
24.28900	 1650.00	 112	 41.61	 0.00200
24.31400	 1650.00	 111	 41.90	 0.00200
24.33900	 1650.00	 111	 41.90	 0.00200
24.36400	 1650.00	 111	 41.90	 0.00200
24.38900	 1650.00	 112	 41.61	 0.00200
24.41400	 1650.00	 111	 41.90	 0.00200
24.43900	 1650.00	 111	 41.90	 0.00200
24.46400	 1650.00	 111	 41.90	 0.00200
24.48900	 1650.00	 111	 41.90	 0.00300
24.51400	 1650.00	 111	 41.90	 0.00200
24.53900	 1650.00	 111	 41.90	 0.00200
24.56400	 1650.00	 111	 41.90	 0.00200
24.58900	 1650.00	 111	 41.90	 0.00200
24.61400	 1650.00	 111	 41.90	 0.00200
24.63900	 1650.00	 111	 41.90	 0.00200
24.66400	 1650.00	 112	 41.61	 0.00200
24.68900	 1650.00	 111	 41.90	 0.00200
24.71400	 1650.00	 111	 41.90	 0.00200
24.73900	 1650.00	 111	 41.90	 0.00200
24.76400	 1650.00	 111	 41.90	 0.00200
24.79000	 1650.00	 111	 41.90	 0.00200
24.81500	 1650.00	 111	 41.90	 0.00200
24.84000	 1650.00	 112	 41.61	 0.00200
24.86500	 1650.00	 111	 41.90	 0.00200
24.89000	 1650.00	 112	 41.61	 0.00200
24.91500	 1650.00	 111	 41.90	 0.00300
24.94000	 1650.00	 111	 41.90	 0.00200
24.96500	 1650.00	 111	 41.90	 0.00200
24.99000	 1650.00	 111	 41.90	 0.00200
25.01500	 1650.00	 111	 41.90	 0.00200
25.04000	 1650.00	 111	 41.90	 0.00200
25.06500	 1650.00	 111	 41.90	 0.00200
25.09000	 1650.00	 111	 41.90	 0.00200
25.11500	 1650.00	 111	 41.90	 0.00200
25.14000	 1650.00	 111	 41.90	 0.00200
25.16500	 1650.00	 111	 41.90	 0.00200
25.19000	 1650.00	 111	 41.90	 0.00200
25.21600	 1650.00	 111	 41.90	 0.00200
25.24100	 1650.00	 111	 41.90	 0.00200
25.26600	 1650.00	 112	 41.61	 0.00200
25.29100	 1650.00	 111	 41.90	 0.00200
25.31600	 1650.00	 111	 41.90	 0.00200
25.34100	 1650.00	 111	 41.90	 0.00300
25.36600	 1650.00	 111	 41.90	 0.00200
25.39100	 1650.00	 111	 41.90	 0.00200
25.41600	 1650.00	 111	 41.90	 0.00200
25.44100	 1650.00	 111	 41.90	 0.00200
25.46600	 1650.00	 111	 41.90	 0.00200
25.49100	 1650.00	 111	 41.90	 0.00200
25.51600	 1650.00	 111	 41.90	 0.00200
25.54100	 1650.00	 111	 41.90	 0.00200
25.56600	 1650.00	 111	 41.90	 0.00200
25.59100	 1650.00	 111	 41.90	 0.00200
25.61600	 1650.00	 111	 41.90	 0.00200
25.64100	 1650.00	 111	 41.90	 0.00300
25.66600	 1650.00	 111	 41.90	 0.00200
25.69100	 1650.00	 111	 41.90	 0.00200
25.71600	 1650.00	 111	 41.90	 0.00200
25.74100	 1650.00	 111	 41.90	 0.00200
25.76600	 1650.00	 111	 41.90	 0.00200
25.79100	 1650.00	 111	 41.90	 0.00200
25.81600	 1650.00	 111	 41.90	 0.00200
25.84100	 1650.00	 111	 41.90	 0.00200
25.86600	 1650.00	 111	 41.90	 0.00200
25.89100	 1650.00	 112	 41.61	 0.00200
25.91600	 1650.00	 111	 41.90	 0.00200
25.94200	 1650.00	 111	 41.90	 0.00200
25.96700	 1650.00	 111	 41.90	 0.00200
25.99200	 1650.00	 111	 41.90	 0.00200
26.01700	 1650.00	 111	 41.90	 0.00200
26.04200	 1650.00	 112	 41.61	 0.00200
26.06700	 1650.00	 111	 41.90	 0.00300
26.09200	 1650.00	 111	 41.90	 0.00200
26.11700	 1650.00	 111	 41.90	 0.00200
26.14200	 1650.00	 111	 41.90	 0.00200
26.16700	 1650.00	 111	 41.90	 0.00200
26.19200	 1650.00	 111	 41.90	 0.00200
26.21700	 1650.00	 111	 41.90	 0.00200
26.24200	 1650.00	 111	 41.90	 0.00200
26.26700	 1650.00	 111	 41.90	 0.00200
26.29200	 1650.00	 111	 41.90	 0.00200
26.31700	 1650.00	 111	 41.90	 0.00200
26.34200	 1650.00	 111	 41.90	 0.00200
26.36800	 1650.00	 111	 41.90	 0.00200
26.39300	 1650.00	 111	 41.90	 0.00200
26.41800	 1650.00	 111	 41.90	 0.00200
26.44300	 1650.00	 112	 41.61	 0.00200
26.46800	 1650.00	 111	 41.90	 0.00200
26.49300	 1650.00	 111	 41.90	 0.00300
26.51800	 1650.00	 111	 41.90	 0.00200
26.54300	 1650.00	 112	 41.61	 0.00200
26.56800	 1650.00	 111	 41.90	 0.00200
26.59300	 1650.00	 111	 41.90	 0.00200
26.61800	 1650.00	 111	 41.90	 0.00200
26.64300	 1650.00	 111	 41.90	 0.00200
26.66800	 1650.00	 111	 41.90	 0.00200
26.69300	 1650.00	 111	 41.90	 0.00200
26.71800	 1650.00	 111	 41.90	 0.00200
26.74300	 1650.00	 111	 41.90	 0.00200
26.76800	 1650.00	 111	 41.90	 0.00200
26.79300	 1650.00	 111	 41.90	 0.00300
26.81800	 1650.00	 111	 41.90	 0.00200
26.84300	 1650.00	 111	 41.90	 0.00200
26.86800	 1650.00	 111	 41.90	 0.00200
26.89300	 1650.00	 111	 41.90	 0.00200
26.91800	 1650.00	 111	 41.90	 0.00200
26.94300	 1650.00	 111	 41.90	 0.00200
26.96800	 1650.00	 111	 41.90	 0.00200
26.99300	 1650.00	 112	 41.61	 0.00200
27.01800	 1650.00	 111	 41.90	 0.00200
27.04300	 1650.00	 111	 41.90	 0.00200
27.06800	 1650.00	 111	 41.90	 0.00200
27.09400	 1650.00	 112	 41.61	 0.00200
27.11900	 1650.00	 111	 41.90	 0.00200
27.14400	 1650.00	 111	 41.90	 0.00200
27.16900	 1650.00	 111	 41.90	 0.00200
27.19400	 1650.00	 111	 41.90	 0.00200
27.21900	 1650.00	 111	 41.90	 0.00300
27.24400	 1650.00	 111	 41.90	 0.00200
27.26900	 1650.00	 111	 41.90	 0.00200
27.29400	 1650.00	 111	 41.90	 0.00200
27.31900	 1650.00	 111	 41.90	 0.00200
27.34400	 1650.00	 111	 41.90	 0.00200
27.36900	 1650.00	 111	 41.90	 0.00200
27.39400	 1650.00	 111	 41.90	 0.00200
27.41900	 1650.00	 111	 41.90	 0.00200
27.44400	 1650.00	 111	 41.90	 0.00200
27.46900	 1650.00	 111	 41.90	 0.00200
27.49400	 1650.00	 111	 41.90	 0.00200
27.52000	 1650.00	 111	 41.90	 0.00200
27.54500	 1650.00	 111	 41.90	 0.00200