8.38000	 1650.00	 638	 40.70	 0.00200
8.40600	 1650.00	 638	 40.70	 0.00200
8.43100	 1650.00	 638	 40.70	 0.00200
8.45600	 1650.00	 639	 40.47	 0.00200
8.48100	 1650.00	 638	 40.70	 0.00200
8.50600	 1650.00	 638	 40.70	 0.00200
8.53100	 1650.00	 638	 40.70	 0.00300
8.55600	 1650.00	 639	 40.47	 0.00200
8.58100	 1650.00	 639	 40.47	 0.00200
8.60600	 1650.00	 638	 40.70	 0.00200
8.63100	 1650.00	 638	 40.70	 0.00200
8.65600	 1650.00	 639	 40.47	 0.00200
8.68100	 1650.00	 639	 40.47	 0.00200
8.70600	 1650.00	 638	 40.70	 0.00200
8.73100	 1650.00	 638	 40.70	 0.00200
8.75600	 1650.00	 639	 40.47	 0.00200
8.78100	 1650.00	 638	 40.70	 0.00200
8.80600	 1650.00	 638	 40.70	 0.00200
8.83200	 1650.00	 638	 40.70	 0.00200
8.85700	 1650.00	 639	 40.47	 0.00200
8.88200	 1650.00	 639	 40.47	 0.00200
8.90700	 1650.00	 638	 40.70	 0.00200
8.93200	 1650.00	 638	 40.70	 0.00200
8.95700	 1650.00	 639	 40.47	 0.00300
8.98200	 1650.00	 638	 40.70	 0.00200
9.00700	 1650.00	 639	 40.47	 0.00200
9.03200	 1650.00	 638	 40.70	 0.00200
9.05700	 1650.00	 639	 40.47	 0.00200
9.08200	 1650.00	 638	 40.70	 0.00200
9.10700	 1650.00	 638	 40.70	 0.00200
9.13200	 1650.00	 638	 40.70	 0.00200
9.15700	 1650.00	 638	 40.70	 0.00200
9.18200	 1650.00	 639	 40.47	 0.00200
9.20700	 1650.00	 639	 40.47	 0.00200
9.23200	 1650.00	 638	 40.70	 0.00200
9.25700	 1650.00	 638	 40.70	 0.00300
9.28200	 1650.00	 638	 40.70	 0.00200
9.30700	 1650.00	 639	 40.47	 0.00200
9.33200	 1650.00	 639	 40.47	 0.00200
9.35700	 1650.00	 639	 40.47	 0.00200
9.38200	 1650.00	 639	 40.47	 0.00200
9.40700	 1650.00	 638	 40.70	 0.00200
9.43200	 1650.00	 638	 40.70	 0.00200
9.45700	 1650.00	 639	 40.47	 0.00200
9.48200	 1650.00	 639	 40.47	 0.00200
9.50700	 1800.00	 638	 40.70	 0.00200
9.53200	 1800.00	 639	 40.47	 0.00200
9.55800	 1800.00	 638	 40.70	 0.00200
9.58300	 1800.00	 667	 33.85	 0.00200
9.60800	 1800.00	 676	 31.72	 0.00200
9.63300	 1800.00	 681	 30.54	 0.00200
9.65800	 1800.00	 655	 36.69	 0.00200
9.68300	 1800.00	 682	 30.30	 0.00300
9.70800	 1800.00	 682	 30.30	 0.00200
9.73300	 1800.00	 682	 30.30	 0.00200
9.75800	 1800.00	 655	 36.69	 0.00200
9.78300	 1800.00	 682	 30.30	 0.00200
9.80800	 1800.00	 682	 30.30	 0.00200
9.83300	 1800.00	 682	 30.30	 0.00200
9.85800	 1800.00	 682	 30.30	 0.00200
9.88300	 1800.00	 682	 30.30	 0.00200
9.90800	 1800.00	 682	 30.30	 0.00200
9.93300	 1800.00	 682	 30.30	 0.00200
9.95800	 1800.00	 682	 30.30	 0.00200
9.98400	 1800.00	 682	 30.30	 0.00200
10.00900	 1800.00	 682	 30.30	 0.00200
10.03400	 1800.00	 682	 30.30	 0.00200
10.05900	 1800.00	 682	 30.30	 0.00200
10.08400	 1800.00	 682	 30.30	 0.00200
10.10900	 1800.00	 682	 30.30	 0.00300
10.13400	 1800.00	 682	 30.30	 0.00200
10.15900	 1800.00	 682	 30.30	 0.00200
10.18400	 1800.00	 682	 30.30	 0.00200
10.20900	 1800.00	 682	 30.30	 0.00200
10.23400	 1800.00	 682	 30.30	 0.00200
10.25900	 1800.00	 682	 30.30	 0.00200
10.28400	 1800.00	 682	 30.30	 0.00200
10.30900	 1800.00	 682	 30.30	 0.00200
10.33400	 1800.00	 682	 30.30	 0.00200
10.35900	 1800.00	 682	 30.30	 0.00200
10.38400	 1800.00	 682	 30.30	 0.00200
10.40900	 1800.00	 683	 30.07	 0.00300
10.43400	 1800.00	 682	 30.30	 0.00200
10.45900	 1800.00	 682	 30.30	 0.00200
10.48400	 1800.00	 682	 30.30	 0.00200
10.50900	 1800.00	 682	 30.30	 0.00200
10.53400	 1800.00	 682	 30.30	 0.00200
10.55900	 1800.00	 682	 30.30	 0.00200
10.58400	 1800.00	 682	 30.30	 0.00200
10.60900	 1800.00	 682	 30.30	 0.00200
10.63400	 1800.00	 683	 30.07	 0.00200
10.65900	 1800.00	 683	 30.07	 0.00200
10.68400	 1800.00	 682	 30.30	 0.00200
10.71000	 1800.00	 682	 30.30	 0.00200
10.73500	 1800.00	 682	 30.30	 0.00200
10.76000	 1800.00	 682	 30.30	 0.00200
10.78500	 1800.00	 683	 30.07	 0.00200
10.81000	 1800.00	 682	 30.30	 0.00200
10.83500	 1800.00	 682	 30.30	 0.00300
10.86000	 1800.00	 682	 30.30	 0.00200
10.88500	 1800.00	 683	 30.07	 0.00200
10.91000	 1800.00	 682	 30.30	 0.00200
10.93500	 1800.00	 682	 30.30	 0.00200
10.96000	 1800.00	 683	 30.07	 0.00200
10.98500	 1800.00	 682	 30.30	 0.00200
11.01000	 1800.00	 682	 30.30	 0.00200
11.03500	 1800.00	 683	 30.07	 0.00200
11.06000	 1800.00	 682	 30.30	 0.00200
11.08500	 1800.00	 683	 30.07	 0.00200
11.11000	 1800.00	 683	 30.07	 0.00200
11.13600	 1800.00	 683	 30.07	 0.00200
11.16100	 1800.00	 683	 30.07	 0.00200
11.18600	 1800.00	 683	 30.07	 0.00200
11.21100	 1800.00	 683	 30.07	 0.00200
11.23600	 1800.00	 683	 30.07	 0.00200
11.26100	 1800.00	 683	 30.07	 0.00300
11.28600	 1800.00	 683	 30.07	 0.00200
11.31100	 1800.00	 683	 30.07	 0.00200
11.33600	 1800.00	 683	 30.07	 0.00200
11.36100	 1800.00	 683	 30.07	 0.00200
11.38600	 1800.00	 683	 30.07	 0.00200
11.41100	 1800.00	 683	 30.07	 0.00200
11.43600	 1800.00	 682	 30.30	 0.00200
11.46100	 1800.00	 683	 30.07	 0.00200
11.48600	 1800.00	 683	 30.07	 0.00200
11.51100	 1800.00	 683	 30.07	 0.00200
11.53600	 1800.00	 683	 30.07	 0.00200
11.56100	 1800.00	 683	 30.07	 0.00300
11.58600	 1800.00	 682	 30.30	 0.00200
11.61100	 1800.00	 683	 30.07	 0.00200
11.63600	 1800.00	 683	 30.07	 0.00200
11.66100	 1800.00	 683	 30.07	 0.00200
11.68600	 1800.00	 683	 30.07	 0.00200
11.71100	 1800.00	 683	 30.07	 0.00200
11.73600	 1800.00	 683	 30.07	 0.00200
11.76100	 1800.00	 683	 30.07	 0.00200
11.78600	 1800.00	 683	 30.07	 0.00200
11.81100	 1800.00	 682	 30.30	 0.00200
11.83600	 1800.00	 683	 30.07	 0.00200
11.86200	 1800.00	 682	 30.30	 0.00200
11.88700	 1800.00	 683	 30.07	 0.00200
11.91200	 1800.00	 683	 30.07	 0.00200
11.93700	 1800.00	 683	 30.07	 0.00200
11.96200	 1800.00	 683	 30.07	 0.00200
11.98700	 1800.00	 683	 30.07	 0.00300
12.01200	 1800.00	 683	 30.07	 0.00200
12.03700	 1800.00	 683	 30.07	 0.00200
12.06200	 1800.00	 683	 30.07	 0.00200
12.08700	 1800.00	 683	 30.07	 0.00200
12.11200	 1800.00	 683	 30.07	 0.00200
12.13700	 1800.00	 683	 30.07	 0.00200
12.16200	 1800.00	 682	 30.30	 0.00200
12.18700	 1800.00	 683	 30.07	 0.00200
12.21200	 1800.00	 683	 30.07	 0.00200
12.23700	 1800.00	 683	 30.07	 0.00200
12.26200	 1800.00	 683	 30.07	 0.00200
12.28800	 1800.00	 682	 30.30	 0.00200
12.31300	 1800.00	 682	 30.30	 0.00200
12.33800	 1800.00	 683	 30.07	 0.00200
12.36300	 1800.00	 683	 30.07	 0.00200
12.38800	 1800.00	 682	 30.30	 0.00200
12.41300	 1800.00	 683	 30.07	 0.00300
12.43800	 1800.00	 683	 30.07	 0.00200
12.46300	 1800.00	 683	 30.07	 0.00200
12.48800	 1800.00	 683	 30.07	 0.00200
12.51300	 1800.00	 683	 30.07	 0.00200
12.53800	 1800.00	 683	 30.07	 0.00200
12.56300	 1800.00	 683	 30.07	 0.00200
12.58800	 1800.00	 683	 30.07	 0.00200
12.61300	 1800.00	 683	 30.07	 0.00200
12.63800	 1800.00	 683	 30.07	 0.00200
12.66300	 1800.00	 683	 30.07	 0.00200
12.68800	 1800.00	 683	 30.07	 0.00200
12.71300	 1800.00	 682	 30.30	 0.00300
12.73800	 1800.00	 683	 30.07	 0.00200
12.76300	 1800.00	 683	 30.07	 0.00200
12.78800	 1800.00	 683	 30.07	 0.00200
12.81300	 1800.00	 683	 30.07	 0.00200
12.83800	 1800.00	 683	 30.07	 0.00200
12.86300	 1800.00	 683	 30.07	 0.00200
12.88800	 1800.00	 683	 30.07	 0.00200
12.91300	 1800.00	 683	 30.07	 0.00200
12.93800	 1800.00	 682	 30.30	 0.00200
12.96300	 1800.00	 683	 30.07	 0.00200
12.98800	 1800.00	 683	 30.07	 0.00200
13.01400	 1800.00	 683	 30.07	 0.00200
13.03900	 1800.00	 683	 30.07	 0.00200
13.06400	 1800.00	 683	 30.07	 0.00200
13.08900	 1800.00	 683	 30.07	 0.00200
13.11400	 1800.00	 683	 30.07	 0.00200
13.13900	 1800.00	 683	 30.07	 0.00300
13.16400	 1800.00	 683	 30.07	 0.00200
13.18900	 1800.00	 683	 30.07	 0.00200
13.21400	 1800.00	 683	 30.07	 0.00200
13.23900	 1800.00	 683	 30.07	 0.00200
13.26400	 1800.00	 683	 30.07	 0.00200
13.28900	 1800.00	 683	 30.07	 0.00200
13.31400	 1800.00	 683	 30.07	 0.00200
13.33900	 1800.00	 683	 30.07	 0.00200
13.36400	 1800.00	 682	 30.30	 0.00200
13.38900	 1800.00	 683	 30.07	 0.00200
13.41400	 1800.00	 683	 30.07	 0.00200
13.44000	 1800.00	 683	 30.07	 0.00200
13.46500	 1800.00	 683	 30.07	 0.00200
13.49000	 1800.00	 683	 30.07	 0.00200
13.51500	 1800.00	 683	 30.07	 0.00200
13.54000	 1800.00	 683	 30.07	 0.00200
13.56500	 1800.00	 683	 30.07	 0.00300
13.59000	 1800.00	 683	 30.07	 0.00200
13.61500	 1800.00	 683	 30.07	 0.00200
13.64000	 1800.00	 683	 30.07	 0.00200
13.66500	 1800.00	 683	 30.07	 0.00200
13.69000	 1800.00	 683	 30.07	 0.00200
13.71500	 1800.00	 683	 30.07	 0.00200
13.74000	 1800.00	 683	 30.07	 0.00200
13.76500	 1800.00	 683	 30.07	 0.00200
13.79000	 1800.00	 683	 30.07	 0.00200
13.81500	 1800.00	 683	 30.07	 0.00200
13.84000	 1800.00	 683	 30.07	 0.00200
13.86500	 1800.00	 683	 30.07	 0.00300
13.89000	 1800.00	 683	 30.07	 0.00200
13.91500	 1800.00	 683	 30.07	 0.00200
13.94000	 1800.00	 682	 30.30	 0.00200
13.96500	 1800.00	 683	 30.07	 0.00200
13.99000	 1800.00	 683	 30.07	 0.00200
14.01500	 1800.00	 683	 30.07	 0.00200
14.04000	 1800.00	 683	 30.07	 0.00200
14.06500	 1800.00	 683	 30.07	 0.00200
14.09000	 1800.00	 683	 30.07	 0.00200
14.11500	 1800.00	 683	 30.07	 0.00200
14.14000	 1800.00	 683	 30.07	 0.00200
14.16600	 1800.00	 683	 30.07	 0.00200
14.19100	 1800.00	 683	 30.07	 0.00200
14.21600	 1800.00	 683	 30.07	 0.00200
14.24100	 1800.00	 683	 30.07	 0.00200
14.26600	 1800.00	 683	 30.07	 0.00200
14.29100	 1800.00	 683	 30.07	 0.00300
14.31600	 1800.00	 683	 30.07	 0.00200
14.34100	 1800.00	 683	 30.07	 0.00200
14.36600	 1800.00	 683	 30.07	 0.00200
14.39100	 1800.00	 683	 30.07	 0.00200
14.41600	 1800.00	 683	 30.07	 0.00200
14.44100	 1800.00	 683	 30.07	 0.00200
14.46600	 1800.00	 683	 30.07	 0.00200
14.49100	 1800.00	 683	 30.07	 0.00200
14.51600	 1650.00	 683	 30.07	 0.00200
14.54100	 1650.00	 662	 35.03	 0.00200
14.56600	 1650.00	 667	 33.85	 0.00200
14.59200	 1650.00	 653	 37.16	 0.00200
14.61700	 1650.00	 645	 39.05	 0.00200
14.64200	 1650.00	 643	 39.52	 0.00200
14.66700	 1650.00	 643	 39.52	 0.00200
14.69200	 1650.00	 642	 39.76	 0.00200
14.71700	 1650.00	 642	 39.76	 0.00300
14.74200	 1650.00	 642	 39.76	 0.00200
14.76700	 1650.00	 641	 40.00	 0.00200
14.79200	 1650.00	 640	 40.23	 0.00200
14.81700	 1650.00	 640	 40.23	 0.00200
14.84200	 1650.00	 640	 40.23	 0.00200
14.86700	 1650.00	 639	 40.47	 0.00200
14.89200	 1650.00	 639	 40.47	 0.00200
14.91700	 1650.00	 639	 40.47	 0.00200
14.94200	 1650.00	 639	 40.47	 0.00200
14.96700	 1650.00	 639	 40.47	 0.00200
14.99200	 1650.00	 639	 40.47	 0.00200
15.01700	 1650.00	 639	 40.47	 0.00300
15.04200	 1650.00	 639	 40.47	 0.00200
15.06700	 1650.00	 639	 40.47	 0.00200
15.09200	 1650.00	 639	 40.47	 0.00200
15.11700	 1650.00	 639	 40.47	 0.00200
15.14200	 1650.00	 638	 40.70	 0.00200
15.16700	 1650.00	 639	 40.47	 0.00200
15.19200	 1650.00	 639	 40.47	 0.00200
15.21700	 1650.00	 639	 40.47	 0.00200
15.24200	 1650.00	 639	 40.47	 0.00200
15.26700	 1650.00	 639	 40.47	 0.00200
15.29200	 1650.00	 638	 40.70	 0.00200
15.31800	 1650.00	 639	 40.47	 0.00200
15.34300	 1650.00	 639	 40.47	 0.00200
15.36800	 1650.00	 639	 40.47	 0.00200
15.39300	 1650.00	 639	 40.47	 0.00200
15.41800	 1650.00	 639	 40.47	 0.00200
15.44300	 1650.00	 639	 40.47	 0.00300
15.46800	 1650.00	 639	 40.47	 0.00200
15.49300	 1650.00	 639	 40.47	 0.00200
15.51800	 1650.00	 639	 40.47	 0.00200
15.54300	 1650.00	 638	 40.70	 0.00200
15.56800	 1650.00	 639	 40.47	 0.00200
15.59300	 1650.00	 639	 40.47	 0.00200
15.61800	 1650.00	 639	 40.47	 0.00200
15.64300	 1650.00	 639	 40.47	 0.00200
15.66800	 1650.00	 639	 40.47	 0.00200
15.69300	 1650.00	 639	 40.47	 0.00200
15.71800	 1650.00	 639	 40.47	 0.00200
15.74400	 1650.00	 639	 40.47	 0.00200
15.76900	 1650.00	 639	 40.47	 0.00200
15.79400	 1650.00	 639	 40.47	 0.00200
15.81900	 1650.00	 639	 40.47	 0.00200
15.84400	 1650.00	 639	 40.47	 0.00200
15.86900	 1650.00	 639	 40.47	 0.00300
15.89400	 1650.00	 639	 40.47	 0.00200
15.91900	 1650.00	 638	 40.70	 0.00200
15.94400	 1650.00	 639	 40.47	 0.00200
15.96900	 1650.00	 639	 40.47	 0.00200
15.99400	 1650.00	 639	 40.47	 0.00200
16.01900	 1650.00	 639	 40.47	 0.00200
16.04400	 1650.00	 639	 40.47	 0.00200
16.06900	 1650.00	 639	 40.47	 0.00200
16.09400	 1650.00	 639	 40.47	 0.00200
16.11900	 1650.00	 639	 40.47	 0.00200
16.14400	 1650.00	 639	 40.47	 0.00200
16.16900	 1650.00	 639	 40.47	 0.00300
16.19400	 1650.00	 639	 40.47	 0.00200
16.21900	 1650.00	 639	 40.47	 0.00200
16.24400	 1650.00	 639	 40.47	 0.00200
16.26900	 1650.00	 639	 40.47	 0.00200
16.29400	 1650.00	 639	 40.47	 0.00200
16.31900	 1650.00	 639	 40.47	 0.00200
16.34400	 1650.00	 639	 40.47	 0.00200
16.36900	 1650.00	 639	 40.47	 0.00200
16.39400	 1650.00	 639	 40.47	 0.00200
16.41900	 1650.00	 639	 40.47	 0.00200
16.44400	 1650.00	 639	 40.47	 0.00200
16.47000	 1650.00	 639	 40.47	 0.00200
16.49500	 1650.00	 639	 40.47	 0.00200
16.52000	 1650.00	 639	 40.47	 0.00200
16.54500	 1650.00	 639	 40.47	 0.00200
16.57000	 1650.00	 639	 40.47	 0.00200
16.59500	 1650.00	 638	 40.70	 0.00300
16.62000	 1650.00	 639	 40.47	 0.00200
16.64500	 1650.00	 639	 40.47	 0.00200
16.67000	 1650.00	 639	 40.47	 0.00200
16.69500	 1650.00	 639	 40.47	 0.00200
16.72000	 1650.00	 639	 40.47	 0.00200
16.74500	 1650.00	 639	 40.47	 0.00200
16.77000	 1650.00	 639	 40.47	 0.00200
16.79500	 1650.00	 639	 40.47	 0.00200
16.82000	 1650.00	 639	 40.47	 0.00200
16.84500	 1650.00	 639	 40.47	 0.00200
16.87000	 1650.00	 639	 40.47	 0.00200
16.89600	 1650.00	 639	 40.47	 0.00200
16.92100	 1650.00	 639	 40.47	 0.00200
16.94600	 1650.00	 639	 40.47	 0.00200
16.97100	 1650.00	 639	 40.47	 0.00200
16.99600	 1650.00	 639	 40.47	 0.00200
17.02100	 1650.00	 639	 40.47	 0.00300
17.04600	 1650.00	 639	 40.47	 0.00200
17.07100	 1650.00	 639	 40.47	 0.00200
17.09600	 1650.00	 639	 40.47	 0.00200
17.12100	 1650.00	 639	 40.47	 0.00200
17.14600	 1650.00	 639	 40.47	 0.00200
17.17100	 1650.00	 639	 40.47	 0.00200
17.19600	 1650.00	 639	 40.47	 0.00200
17.22100	 1650.00	 639	 40.47	 0.00200
17.24600	 1650.00	 638	 40.70	 0.00200
17.27100	 1650.00	 639	 40.47	 0.00200
17.29600	 1650.00	 639	 40.47	 0.00200
17.32100	 1650.00	 639	 40.47	 0.00300
17.34600	 1650.00	 639	 40.47	 0.00200
17.37100	 1650.00	 639	 40.47	 0.00200
17.39600	 1650.00	 639	 40.47	 0.00200
17.42100	 1650.00	 639	 40.47	 0.00200
17.44600	 1650.00	 639	 40.47	 0.00200
17.47100	 1650.00	 639	 40.47	 0.00200
17.49600	 1650.00	 639	 40.47	 0.00200
17.52100	 1650.00	 639	 40.47	 0.00200
17.54600	 1650.00	 639	 40.47	 0.00200
17.57100	 1650.00	 639	 40.47	 0.00200
17.59600	 1650.00	 639	 40.47	 0.00200
17.62200	 1650.00	 639	 40.47	 0.00200
17.64700	 1650.00	 638	 40.70	 0.00200
17.67200	 1650.00	 639	 40.47	 0.00200
17.69700	 1650.00	 638	 40.70	 0.00200
17.72200	 1650.00	 639	 40.47	 0.00200
17.74700	 1650.00	 639	 40.47	 0.00300
17.77200	 1650.00	 639	 40.47	 0.00200
17.79700	 1650.00	 639	 40.47	 0.00200
17.82200	 1650.00	 639	 40.47	 0.00200
17.84700	 1650.00	 638	 40.70	 0.00200
17.87200	 1650.00	 639	 40.47	 0.00200
17.89700	 1650.00	 639	 40.47	 0.00200
17.92200	 1650.00	 639	 40.47	 0.00200
17.94700	 1650.00	 639	 40.47	 0.00200
17.97200	 1650.00	 639	 40.47	 0.00200
17.99700	 1650.00	 639	 40.47	 0.00200
18.02200	 1650.00	 638	 40.70	 0.00200
18.04800	 1650.00	 639	 40.47	 0.00200
18.07300	 1650.00	 639	 40.47	 0.00200
18.09800	 1650.00	 639	 40.47	 0.00200
18.12300	 1650.00	 639	 40.47	 0.00200
18.14800	 1650.00	 639	 40.47	 0.00200
18.17300	 1650.00	 639	 40.47	 0.00300
18.19800	 1650.00	 639	 40.47	 0.00200
18.22300	 1650.00	 639	 40.47	 0.00200
18.24800	 1650.00	 639	 40.47	 0.00200
18.27300	 1650.00	 639	 40.47	 0.00200
18.29800	 1650.00	 639	 40.47	 0.00200
18.32300	 1650.00	 639	 40.47	 0.00200
18.34800	 1650.00	 639	 40.47	 0.00200
18.37300	 1650.00	 639	 40.47	 0.00200
18.39800	 1650.00	 639	 40.47	 0.00200
18.42300	 1650.00	 639	 40.47	 0.00200
18.44800	 1650.00	 639	 40.47	 0.00200
18.47300	 1650.00	 639	 40.47	 0.00300
18.49800	 1650.00	 639	 40.47	 0.00200
18.52300	 1650.00	 639	 40.47	 0.00200
18.54800	 1650.00	 639	 40.47	 0.00200
18.57300	 1650.00	 639	 40.47	 0.00200
18.59800	 1650.00	 639	 40.47	 0.00200
18.62300	 1650.00	 639	 40.47	 0.00200
18.64800	 1650.00	 639	 40.47	 0.00200
18.67300	 1650.00	 639	 40.47	 0.00200
18.69800	 1650.00	 639	 40.47	 0.00200
18.72300	 1650.00	 639	 40.47	 0.00200
18.74800	 1650.00	 638	 40.70	 0.00200
18.77400	 1650.00	 639	 40.47	 0.00200
18.79900	 1650.00	 639	 40.47	 0.00200
18.82400	 1650.00	 639	 40.47	 0.00200
18.84900	 1650.00	 639	 40.47	 0.00200
18.87400	 1650.00	 639	 40.47	 0.00200
18.89900	 1650.00	 638	 40.70	 0.00300
18.92400	 1650.00	 639	 40.47	 0.00200
18.94900	 1650.00	 639	 40.47	 0.00200
18.97400	 1650.00	 639	 40.47	 0.00200
18.99900	 1650.00	 639	 40.47	 0.00200
19.02400	 1650.00	 639	 40.47	 0.00200
19.04900	 1650.00	 639	 40.47	 0.00200
19.07400	 1650.00	 639	 40.47	 0.00200
19.09900	 1650.00	 639	 40.47	 0.00200
19.12400	 1650.00	 639	 40.47	 0.00200
19.14900	 1650.00	 639	 40.47	 0.00200
19.17400	 1650.00	 639	 40.47	 0.00200
19.20000	 1650.00	 639	 40.47	 0.00200
19.22500	 1650.00	 639	 40.47	 0.00200
19.25000	 1650.00	 639	 40.47	 0.00200
19.27500	 1650.00	 639	 40.47	 0.00200
19.30000	 1650.00	 639	 40.47	 0.00200
19.32500	 1650.00	 639	 40.47	 0.00300
19.35000	 1650.00	 639	 40.47	 0.00200
19.37500	 1650.00	 639	 40.47	 0.00200
19.40000	 1650.00	 639	 40.47	 0.00200
19.42500	 1650.00	 639	 40.47	 0.00200
19.45000	 1650.00	 639	 40.47	 0.00200
19.47500	 1650.00	 639	 40.47	 0.00200
19.50000	 1650.00	 639	 40.47	 0.00200
19.52500	 2350.00	 639	 40.47	 0.00200
19.55000	 2350.00	 620	 44.96	 0.00200
19.57500	 2350.00	 638	 40.70	 0.00200
19.60000	 2350.00	 661	 35.27	 0.00200
19.62500	 2350.00	 686	 29.36	 0.00300
19.65000	 2350.00	 711	 23.45	 0.00200
19.67500	 2350.00	 735	 17.77	 0.00200
19.70000	 2350.00	 770	 9.50	 0.00200
19.72500	 2350.00	 771	 9.26	 0.00200
19.75000	 2350.00	 797	 3.12	 0.00200
19.77500	 2350.00	 801	 2.17	 0.00200
19.80000	 2350.00	 802	 1.94	 0.00200
19.82500	 2350.00	 802	 1.94	 0.00200
19.85000	 2350.00	 802	 1.94	 0.00200
19.87500	 2350.00	 802	 1.94	 0.00200
19.90000	 2350.00	 801	 2.17	 0.00200
19.92600	 2350.00	 801	 2.17	 0.00200
19.95100	 2350.00	 802	 1.94	 0.00200
19.97600	 2350.00	 802	 1.94	 0.00200
20.00100	 2350.00	 802	 1.94	 0.00200
20.02600	 2350.00	 802	 1.94	 0.00200
20.05100	 2350.00	 802	 1.94	 0.00300
20.07600	 2350.00	 802	 1.94	 0.00200
20.10100	 2350.00	 802	 1.94	 0.00200
20.12600	 2350.00	 802	 1.94	 0.00200
20.15100	 2350.00	 802	 1.94	 0.00200
20.17600	 2350.00	 802	 1.94	 0.00200
20.20100	 2350.00	 802	 1.94	 0.00200
20.22600	 2350.00	 802	 1.94	 0.00200
20.25100	 2350.00	 802	 1.94	 0.00200
20.27600	 2350.00	 802	 1.94	 0.00200
20.30100	 2350.00	 802	 1.94	 0.00200
20.32600	 2350.00	 802	 1.94	 0.00200
20.35200	 2350.00	 802	 1.94	 0.00200
20.37700	 2350.00	 802	 1.94	 0.00200
20.40200	 2350.00	 801	 2.17	 0.00200
20.42700	 2350.00	 802	 1.94	 0.00200
20.45200	 2350.00	 802	 1.94	 0.00200
20.47700	 2350.00	 802	 1.94	 0.00300
20.50200	 2350.00	 802	 1.94	 0.00200
20.52700	 2350.00	 802	 1.94	 0.00200
20.55200	 2350.00	 802	 1.94	 0.00200
20.57700	 2350.00	 802	 1.94	 0.00200
20.60200	 2350.00	 801	 2.17	 0.00200
20.62700	 2350.00	 802	 1.94	 0.00200
20.65200	 2350.00	 802	 1.94	 0.00200
20.67700	 2350.00	 802	 1.94	 0.00200
20.70200	 2350.00	 802	 1.94	 0.00200
20.72700	 2350.00	 802	 1.94	 0.00200
20.75200	 2350.00	 802	 1.94	 0.00200
20.77700	 2350.00	 802	 1.94	 0.00300
20.80200	 2350.00	 802	 1.94	 0.00200
20.82700	 2350.00	 802	 1.94	 0.00200
20.85200	 2350.00	 802	 1.94	 0.00200
20.87700	 2350.00	 802	 1.94	 0.00200
20.90200	 2350.00	 802	 1.94	 0.00200
20.92700	 2350.00	 802	 1.94	 0.00200
20.95200	 2350.00	 802	 1.94	 0.00200
20.97700	 2350.00	 801	 2.17	 0.00200
21.00200	 2350.00	 802	 1.94	 0.00200
21.02700	 2350.00	 802	 1.94	 0.00200
21.05200	 2350.00	 802	 1.94	 0.00200
21.07800	 2350.00	 802	 1.94	 0.00200
21.10300	 2350.00	 802	 1.94	 0.00200
21.12800	 2350.00	 802	 1.94	 0.00200
21.15300	 2350.00	 802	 1.94	 0.00200
21.17800	 2350.00	 802	 1.94	 0.00200
21.20300	 2350.00	 802	 1.94	 0.00300
21.22800	 2350.00	 802	 1.94	 0.00200
21.25300	 2350.00	 802	 1.94	 0.00200
21.27800	 2350.00	 802	 1.94	 0.00200
21.30300	 2350.00	 802	 1.94	 0.00200
21.32800	 2350.00	 802	 1.94	 0.00200
21.35300	 2350.00	 802	 1.94	 0.00200
21.37800	 2350.00	 802	 1.94	 0.00200
21.40300	 2350.00	 802	 1.94	 0.00200
21.42800	 2350.00	 802	 1.94	 0.00200
21.45300	 2350.00	 802	 1.94	 0.00200
21.47800	 2350.00	 802	 1.94	 0.00200
21.50400	 2350.00	 802	 1.94	 0.00200
21.52900	 2350.00	 802	 1.94	 0.00200
21.55400	 2350.00	 802	 1.94	 0.00200
21.57900	 2350.00	 802	 1.94	 0.00200
21.60400	 2350.00	 802	 1.94	 0.00200
21.62900	 2350.00	 802	 1.94	 0.00300
21.65400	 2350.00	 802	 1.94	 0.00200
21.67900	 2350.00	 802	 1.94	 0.00200
21.70400	 2350.00	 802	 1.94	 0.00200
21.72900	 2350.00	 802	 1.94	 0.00200
21.75400	 2350.00	 802	 1.94	 0.00200
21.77900	 2350.00	 802	 1.94	 0.00200
21.80400	 2350.00	 802	 1.94	 0.00200
21.82900	 2350.00	 802	 1.94	 0.00200
21.85400	 2350.00	 802	 1.94	 0.00200
21.87900	 2350.00	 802	 1.94	 0.00200
21.90400	 2350.00	 801	 2.17	 0.00200
21.92900	 2350.00	 802	 1.94	 0.00300
21.95400	 2350.00	 802	 1.94	 0.00200
21.97900	 2350.00	 802	 1.94	 0.00200
22.00400	 2350.00	 802	 1.94	 0.00200
22.02900	 2350.00	 802	 1.94	 0.00200
22.05400	 2350.00	 802	 1.94	 0.00200
22.07900	 2350.00	 802	 1.94	 0.00200
22.10400	 2350.00	 802	 1.94	 0.00200
22.12900	 2350.00	 802	 1.94	 0.00200
22.15400	 2350.00	 802	 1.94	 0.00200
22.17900	 2350.00	 802	 1.94	 0.00200
22.20400	 2350.00	 802	 1.94	 0.00200
22.23000	 2350.00	 802	 1.94	 0.00200
22.25500	 2350.00	 802	 1.94	 0.00200
22.28000	 2350.00	 802	 1.94	 0.00200
22.30500	 2350.00	 802	 1.94	 0.00200
22.33000	 2350.00	 802	 1.94	 0.00200
22.35500	 2350.00	 802	 1.94	 0.00300
22.38000	 2350.00	 802	 1.94	 0.00200
22.40500	 2350.00	 802	 1.94	 0.00200
22.43000	 2350.00	 802	 1.94	 0.00200
22.45500	 2350.00	 802	 1.94	 0.00200
22.48000	 2350.00	 803	 1.70	 0.00200
22.50500	 2350.00	 802	 1.94	 0.00200
22.53000	 2350.00	 802	 1.94	 0.00200
22.55500	 2350.00	 802	 1.94	 0.00200
22.58000	 2350.00	 802	 1.94	 0.00200
22.60500	 2350.00	 802	 1.94	 0.00200
22.63000	 2350.00	 802	 1.94	 0.00200
22.65600	 2350.00	 802	 1.94	 0.00200
22.68100	 2350.00	 802	 1.94	 0.00200
22.70600	 2350.00	 802	 1.94	 0.00200
22.73100	 2350.00	 802	 1.94	 0.00200
22.75600	 2350.00	 802	 1.94	 0.00200
22.78100	 2350.00	 802	 1.94	 0.00300
22.80600	 2350.00	 801	 2.17	 0.00200
22.83100	 2350.00	 802	 1.94	 0.00200
22.85600	 2350.00	 802	 1.94	 0.00200
22.88100	 2350.00	 802	 1.94	 0.00200
22.90600	 2350.00	 801	 2.17	 0.00200
22.93100	 2350.00	 802	 1.94	 0.00200
22.95600	 2350.00	 801	 2.17	 0.00200
22.98100	 2350.00	 802	 1.94	 0.00200
23.00600	 2350.00	 802	 1.94	 0.00200
23.03100	 2350.00	 802	 1.94	 0.00200
23.05600	 2350.00	 802	 1.94	 0.00200
23.08100	 2350.00	 802	 1.94	 0.00300
23.10600	 2350.00	 802	 1.94	 0.00200
23.13100	 2350.00	 802	 1.94	 0.00200
23.15600	 2350.00	 802	 1.94	 0.00200
23.18100	 2350.00	 802	 1.94	 0.00200
23.20600	 2350.00	 802	 1.94	 0.00200
23.23100	 2350.00	 802	 1.94	 0.00200
23.25600	 2350.00	 802	 1.94	 0.00200
23.28100	 2350.00	 802	 1.94	 0.00200
23.30600	 2350.00	 802	 1.94	 0.00200
23.33100	 2350.00	 802	 1.94	 0.00200
23.35600	 2350.00	 802	 1.94	 0.00200
23.38200	 2350.00	 802	 1.94	 0.00200
23.40700	 2350.00	 802	 1.94	 0.00200
23.43200	 2350.00	 802	 1.94	 0.00200
23.45700	 2350.00	 802	 1.94	 0.00200
23.48200	 2350.00	 802	 1.94	 0.00200
23.50700	 2350.00	 802	 1.94	 0.00300
23.53200	 2350.00	 802	 1.94	 0.00200
23.55700	 2350.00	 802	 1.94	 0.00200
23.58200	 2350.00	 802	 1.94	 0.00200
23.60700	 2350.00	 802	 1.94	 0.00200
23.63200	 2350.00	 802	 1.94	 0.00200
23.65700	 2350.00	 802	 1.94	 0.00200
23.68200	 2350.00	 802	 1.94	 0.00200
23.70700	 2350.00	 802	 1.94	 0.00200
23.73200	 2350.00	 802	 1.94	 0.00200
23.75700	 2350.00	 802	 1.94	 0.00200
23.78200	 2350.00	 802	 1.94	 0.00200
23.80800	 2350.00	 802	 1.94	 0.00200
23.83300	 2350.00	 802	 1.94	 0.00200
23.85800	 2350.00	 802	 1.94	 0.00200
23.88300	 2350.00	 802	 1.94	 0.00200
23.90800	 2350.00	 802	 1.94	 0.00200
23.93300	 2350.00	 802	 1.94	 0.00300
23.95800	 2350.00	 802	 1.94	 0.00200
23.98300	 2350.00	 802	 1.94	 0.00200
24.00800	 2350.00	 802	 1.94	 0.00200
24.03300	 2350.00	 802	 1.94	 0.00200
24.05800	 2350.00	 802	 1.94	 0.00200
24.08300	 2350.00	 802	 1.94	 0.00200
24.10800	 2350.00	 802	 1.94	 0.00200
24.13300	 2350.00	 802	 1.94	 0.00200
24.15800	 2350.00	 802	 1.94	 0.00200
24.18300	 2350.00	 802	 1.94	 0.00200
24.20800	 2350.00	 802	 1.94	 0.00200
24.23300	 2350.00	 802	 1.94	 0.00300
24.25800	 2350.00	 802	 1.94	 0.00200
24.28300	 2350.00	 791	 4.54	 0.00200
24.30800	 2350.00	 802	 1.94	 0.00200
24.33300	 2350.00	 802	 1.94	 0.00200
24.35800	 2350.00	 802	 1.94	 0.00200
24.38300	 2350.00	 802	 1.94	 0.00200
24.40800	 2350.00	 802	 1.94	 0.00200
24.43300	 2350.00	 802	 1.94	 0.00200
24.45800	 2350.00	 802	 1.94	 0.00200
24.48300	 2350.00	 802	 1.94	 0.00200
24.50800	 2350.00	 802	 1.94	 0.00200
24.53400	 1650.00	 802	 1.94	 0.00200
24.55900	 1650.00	 779	 7.37	 0.00200
24.58400	 1650.00	 776	 8.08	 0.00200
24.60900	 1650.00	 764	 10.92	 0.00200
24.63400	 1650.00	 746	 15.17	 0.00200
24.65900	 1650.00	 723	 20.61	 0.00300
24.68400	 1650.00	 693	 27.70	 0.00200
24.70900	 1650.00	 673	 32.43	 0.00200
24.73400	 1650.00	 649	 38.10	 0.00200
24.75900	 1650.00	 638	 40.70	 0.00200
24.78400	 1650.00	 636	 41.18	 0.00200
24.80900	 1650.00	 637	 40.94	 0.00200
24.83400	 1650.00	 638	 40.70	 0.00200
24.85900	 1650.00	 638	 40.70	 0.00200
24.88400	 1650.00	 638	 40.70	 0.00200
24.90900	 1650.00	 638	 40.70	 0.00200
24.93400	 1650.00	 638	 40.70	 0.00200
24.96000	 1650.00	 638	 40.70	 0.00200
24.98500	 1650.00	 638	 40.70	 0.00200
25.01000	 1650.00	 638	 40.70	 0.00200
25.03500	 1650.00	 638	 40.70	 0.00200
25.06000	 1650.00	 638	 40.70	 0.00200
25.08500	 1650.00	 638	 40.70	 0.00300
25.11000	 1650.00	 638	 40.70	 0.00200
25.13500	 1650.00	 638	 40.70	 0.00200
25.16000	 1650.00	 638	 40.70	 0.00200
25.18500	 1650.00	 638	 40.70	 0.00200
25.21000	 1650.00	 638	 40.70	 0.00200
25.23500	 1650.00	 638	 40.70	 0.00200
25.26000	 1650.00	 638	 40.70	 0.00200
25.28500	 1650.00	 638	 40.70	 0.00200
25.31000	 1650.00	 638	 40.70	 0.00200
25.33500	 1650.00	 638	 40.70	 0.00200
25.36000	 1650.00	 638	 40.70	 0.00200
25.38500	 1650.00	 638	 40.70	 0.00300
25.41000	 1650.00	 638	 40.70	 0.00200
25.43500	 1650.00	 638	 40.70	 0.00200
25.46000	 1650.00	 638	 40.70	 0.00200
25.48500	 1650.00	 638	 40.70	 0.00200
25.51000	 1650.00	 638	 40.70	 0.00200
25.53500	 1650.00	 638	 40.70	 0.00200
25.56000	 1650.00	 638	 40.70	 0.00200
25.58500	 1650.00	 638	 40.70	 0.00200
25.61000	 1650.00	 638	 40.70	 0.00200
25.63500	 1650.00	 638	 40.70	 0.00200
25.66000	 1650.00	 638	 40.70	 0.00200
25.68600	 1650.00	 638	 40.70	 0.00200
25.71100	 1650.00	 638	 40.70	 0.00200
25.73600	 1650.00	 638	 40.70	 0.00200
25.76100	 1650.00	 638	 40.70	 0.00200
25.78600	 1650.00	 638	 40.70	 0.00200
25.81100	 1650.00	 638	 40.70	 0.00300
25.83600	 1650.00	 638	 40.70	 0.00200
25.86100	 1650.00	 638	 40.70	 0.00200
25.88600	 1650.00	 638	 40.70	 0.00200
25.91100	 1650.00	 638	 40.70	 0.00200
25.93600	 1650.00	 638	 40.70	 0.00200
25.96100	 1650.00	 638	 40.70	 0.00200
25.98600	 1650.00	 638	 40.70	 0.00200
26.01100	 1650.00	 638	 40.70	 0.00200
26.03600	 1650.00	 638	 40.70	 0.00200
26.06100	 1650.00	 638	 40.70	 0.00200
26.08600	 1650.00	 638	 40.70	 0.00200
26.11200	 1650.00	 638	 40.70	 0.00200
26.13700	 1650.00	 638	 40.70	 0.00200
26.16200	 1650.00	 638	 40.70	 0.00200
26.18700	 1650.00	 638	 40.70	 0.00200
26.21200	 1650.00	 638	 40.70	 0.00200
26.23700	 1650.00	 638	 40.70	 0.00300
26.26200	 1650.00	 638	 40.70	 0.00200
26.28700	 1650.00	 638	 40.70	 0.00200
26.31200	 1650.00	 638	 40.70	 0.00200
26.33700	 1650.00	 638	 40.70	 0.00200
26.36200	 1650.00	 638	 40.70	 0.00200
26.38700	 1650.00	 638	 40.70	 0.00200
26.41200	 1650.00	 638	 40.70	 0.00200
26.43700	 1650.00	 638	 40.70	 0.00200
26.46200	 1650.00	 638	 40.70	 0.00200
26.48700	 1650.00	 638	 40.70	 0.00200
26.51200	 1650.00	 638	 40.70	 0.00200
26.53700	 1650.00	 638	 40.70	 0.00300
26.56200	 1650.00	 639	 40.47	 0.00200
26.58700	 1650.00	 638	 40.70	 0.00200
26.61200	 1650.00	 638	 40.70	 0.00200
26.63700	 1650.00	 638	 40.70	 0.00200
26.66200	 1650.00	 638	 40.70	 0.00200
26.68700	 1650.00	 638	 40.70	 0.00200
26.71200	 1650.00	 638	 40.70	 0.00200
26.73700	 1650.00	 638	 40.70	 0.00200
26.76200	 1650.00	 638	 40.70	 0.00200
26.78700	 1650.00	 638	 40.70	 0.00200
26.81200	 1650.00	 638	 40.70	 0.00200
26.83800	 1650.00	 638	 40.70	 0.00200
26.86300	 1650.00	 638	 40.70	 0.00200
26.88800	 1650.00	 638	 40.70	 0.00200
26.91300	 1650.00	 638	 40.70	 0.00200
26.93800	 1650.00	 638	 40.70	 0.00200
26.96300	 1650.00	 638	 40.70	 0.00300
26.98800	 1650.00	 638	 40.70	 0.00200
27.01300	 1650.00	 638	 40.70	 0.00200
27.03800	 1650.00	 639	 40.47	 0.00200
27.06300	 1650.00	 638	 40.70	 0.00200
27.08800	 1650.00	 638	 40.70	 0.00200
27.11300	 1650.00	 638	 40.70	 0.00200
27.13800	 1650.00	 638	 40.70	 0.00200
27.16300	 1650.00	 638	 40.70	 0.00200
27.18800	 1650.00	 638	 40.70	 0.00200
27.21300	 1650.00	 638	 40.70	 0.00200
27.23800	 1650.00	 638	 40.70	 0.00200
27.26400	 1650.00	 638	 40.70	 0.00200
27.28900	 1650.00	 638	 40.70	 0.00200
27.31400	 1650.00	 638	 40.70	 0.00200
27.33900	 1650.00	 638	 40.70	 0.00200
27.36400	 1650.00	 616	 45.91	 0.00200
27.38900	 1650.00	 638	 40.70	 0.00300
27.41400	 1650.00	 638	 40.70	 0.00200
27.43900	 1650.00	 638	 40.70	 0.00200
27.46400	 1650.00	 638	 40.70	 0.00200
27.48900	 1650.00	 638	 40.70	 0.00200
27.51400	 1650.00	 639	 40.47	 0.00200
27.53900	 1650.00	 638	 40.70	 0.00200
27.56400	 1650.00	 638	 40.70	 0.00200
27.58900	 1650.00	 638	 40.70	 0.00200
27.61400	 1650.00	 638	 40.70	 0.00200
27.63900	 1650.00	 638	 40.70	 0.00200
27.66400	 1650.00	 638	 40.70	 0.00200
27.68900	 1650.00	 638	 40.70	 0.00300
27.71400	 1650.00	 638	 40.70	 0.00200
27.73900	 1650.00	 638	 40.70	 0.00200
27.76400	 1650.00	 638	 40.70	 0.00200
27.78900	 1650.00	 638	 40.70	 0.00200
27.81400	 1650.00	 638	 40.70	 0.00200
27.83900	 1650.00	 638	 40.70	 0.00200
27.86400	 1650.00	 638	 40.70	 0.00200
27.88900	 1650.00	 638	 40.70	 0.00200
27.91400	 1650.00	 638	 40.70	 0.00200
27.93900	 1650.00	 638	 40.70	 0.00200
27.96400	 1650.00	 638	 40.70	 0.00200
27.99000	 1650.00	 638	 40.70	 0.00200
28.01500	 1650.00	 638	 40.70	 0.00200
28.04000	 1650.00	 638	 40.70	 0.00200
28.06500	 1650.00	 638	 40.70	 0.00200
28.09000	 1650.00	 638	 40.70	 0.00200
28.11500	 1650.00	 638	 40.70	 0.00300
28.14000	 1650.00	 638	 40.70	 0.00200
28.16500	 1650.00	 638	 40.70	 0.00200
28.19000	 1650.00	 638	 40.70	 0.00200
28.21500	 1650.00	 638	 40.70	 0.00200
28.24000	 1650.00	 638	 40.70	 0.00200
28.26500	 1650.00	 638	 40.70	 0.00200
28.29000	 1650.00	 638	 40.70	 0.00200
28.31500	 1650.00	 638	 40.70	 0.00200
28.34000	 1650.00	 638	 40.70	 0.00200
28.36500	 1650.00	 638	 40.70	 0.00200
28.39000	 1650.00	 638	 40.70	 0.00200
28.41600	 1650.00	 638	 40.70	 0.00200
28.44100	 1650.00	 638	 40.70	 0.00200
28.46600	 1650.00	 638	 40.70	 0.00200
28.49100	 1650.00	 638	 40.70	 0.00200
28.51600	 1650.00	 638	 40.70	 0.00200
28.54100	 1650.00	 638	 40.70	 0.00300
28.56600	 1650.00	 638	 40.70	 0.00200
28.59100	 1650.00	 638	 40.70	 0.00200
28.61600	 1650.00	 638	 40.70	 0.00200
28.64100	 1650.00	 638	 40.70	 0.00200
28.66600	 1650.00	 638	 40.70	 0.00200
28.69100	 1650.00	 638	 40.70	 0.00200
28.71600	 1650.00	 638	 40.70	 0.00200
28.74100	 1650.00	 638	 40.70	 0.00200
28.76600	 1650.00	 638	 40.70	 0.00200
28.79100	 1650.00	 638	 40.70	 0.00200
28.81600	 1650.00	 638	 40.70	 0.00200
28.84100	 1650.00	 638	 40.70	 0.00300
28.86600	 1650.00	 638	 40.70	 0.00200
28.89100	 1650.00	 638	 40.70	 0.00200
28.91600	 1650.00	 638	 40.70	 0.00200
28.94100	 1650.00	 638	 40.70	 0.00200
28.96600	 1650.00	 638	 40.70	 0.00200
28.99100	 1650.00	 638	 40.70	 0.00200
29.01600	 1650.00	 638	 40.70	 0.00200
29.04100	 1650.00	 638	 40.70	 0.00200
29.06600	 1650.00	 638	 40.70	 0.00200
29.09100	 1650.00	 638	 40.70	 0.00200
29.11600	 1650.00	 638	 40.70	 0.00200
29.14200	 1650.00	 638	 40.70	 0.00200
29.16700	 1650.00	 638	 40.70	 0.00200
29.19200	 1650.00	 638	 40.70	 0.00200
