0.24900	 1700.00	 873	 3492.00	 0	 0.00200
0.29900	 1700.00	 872	 3488.00	 1	 0.00200
0.34900	 1700.00	 878	 3512.00	 2	 0.00200
0.39900	 1700.00	 881	 3524.00	 3	 0.00200
0.44900	 1700.00	 881	 3524.00	 4	 0.00200
0.49900	 1700.00	 882	 3528.00	 5	 0.00200
0.54900	 1700.00	 882	 3528.00	 6	 0.00200
0.59900	 1700.00	 882	 3528.00	 7	 0.00200
0.64900	 1700.00	 882	 3528.00	 8	 0.00200
0.69900	 1700.00	 882	 3528.00	 9	 0.00200
0.74900	 1700.00	 882	 3528.00	 10	 0.00200
0.79900	 1700.00	 882	 3528.00	 11	 0.00200
0.84900	 1700.00	 882	 3528.00	 12	 0.00200
0.89900	 1700.00	 882	 3528.00	 13	 0.00200
0.94900	 1700.00	 883	 3532.00	 14	 0.00200
0.99900	 1700.00	 882	 3528.00	 15	 0.00200
1.04900	 1700.00	 882	 3528.00	 16	 0.00200
1.09900	 1700.00	 882	 3528.00	 17	 0.00200
1.14900	 1700.00	 883	 3532.00	 18	 0.00300
1.19900	 1700.00	 882	 3528.00	 19	 0.00200
1.24900	 1700.00	 882	 3528.00	 20	 0.00200
1.29900	 1700.00	 882	 3528.00	 21	 0.00200
1.34900	 1700.00	 883	 3532.00	 22	 0.00200
1.39900	 1700.00	 882	 3528.00	 23	 0.00200
1.44900	 1700.00	 882	 3528.00	 24	 0.00300
1.49900	 1700.00	 883	 3532.00	 25	 0.00200
1.54900	 1700.00	 883	 3532.00	 26	 0.00200
1.59900	 1700.00	 882	 3528.00	 27	 0.00200
1.64900	 1700.00	 882	 3528.00	 28	 0.00200
1.69900	 1700.00	 882	 3528.00	 29	 0.00200
1.75000	 1700.00	 883	 3532.00	 30	 0.00200
1.80000	 1700.00	 883	 3532.00	 31	 0.00200
1.85000	 1700.00	 882	 3528.00	 32	 0.00200
1.90000	 1700.00	 882	 3528.00	 33	 0.00200
1.95000	 1700.00	 883	 3532.00	 34	 0.00200
2.00000	 1700.00	 882	 3528.00	 35	 0.00200
2.05000	 1700.00	 882	 3528.00	 36	 0.00200
2.10000	 1700.00	 882	 3528.00	 37	 0.00200
2.15000	 1700.00	 881	 3524.00	 38	 0.00200
2.20000	 1700.00	 882	 3528.00	 39	 0.00200
2.25000	 1700.00	 882	 3528.00	 40	 0.00200
2.30000	 1700.00	 882	 3528.00	 41	 0.00200
2.35000	 1700.00	 882	 3528.00	 42	 0.00200
2.40000	 1700.00	 882	 3528.00	 43	 0.00200
2.45000	 1700.00	 882	 3528.00	 44	 0.00200
2.50000	 1700.00	 882	 3528.00	 45	 0.00200
2.55000	 1700.00	 883	 3532.00	 46	 0.00200
2.60000	 1700.00	 883	 3532.00	 47	 0.00300
2.65000	 1700.00	 882	 3528.00	 48	 0.00200
2.70000	 1700.00	 882	 3528.00	 49	 0.00200
2.75000	 1750.00	 882	 3528.00	 50	 0.00200
2.80000	 1750.00	 886	 3544.00	 51	 0.00200
2.85000	 1750.00	 890	 3560.00	 52	 0.00200
2.90000	 1750.00	 891	 3564.00	 53	 0.00300
2.95000	 1750.00	 892	 3568.00	 54	 0.00200
3.00000	 1750.00	 893	 3572.00	 55	 0.00200
3.05000	 1750.00	 893	 3572.00	 56	 0.00200
3.10000	 1750.00	 894	 3576.00	 57	 0.00200
3.15000	 1750.00	 894	 3576.00	 58	 0.00200
3.20000	 1750.00	 894	 3576.00	 59	 0.00200
3.25000	 1750.00	 895	 3580.00	 60	 0.00200
3.30000	 1750.00	 894	 3576.00	 61	 0.00200
3.35000	 1750.00	 894	 3576.00	 62	 0.00200
3.40000	 1750.00	 894	 3576.00	 63	 0.00200
3.45000	 1750.00	 894	 3576.00	 64	 0.00200
3.50000	 1750.00	 894	 3576.00	 65	 0.00200
3.55000	 1750.00	 895	 3580.00	 66	 0.00200
3.60000	 1750.00	 895	 3580.00	 67	 0.00200
3.65000	 1750.00	 895	 3580.00	 68	 0.00200
3.70000	 1750.00	 894	 3576.00	 69	 0.00200
3.75000	 1750.00	 895	 3580.00	 70	 0.00200
3.80000	 1750.00	 895	 3580.00	 71	 0.00200
3.85000	 1750.00	 895	 3580.00	 72	 0.00200
3.90000	 1750.00	 895	 3580.00	 73	 0.00200
3.95000	 1750.00	 894	 3576.00	 74	 0.00200
4.00000	 1750.00	 895	 3580.00	 75	 0.00200
4.05000	 1750.00	 895	 3580.00	 76	 0.00200
4.10000	 1750.00	 895	 3580.00	 77	 0.00200
4.15000	 1750.00	 895	 3580.00	 78	 0.00200
4.20000	 1750.00	 895	 3580.00	 79	 0.00200
4.25000	 1750.00	 894	 3576.00	 80	 0.00200
4.30000	 1750.00	 895	 3580.00	 81	 0.00200
4.35000	 1750.00	 894	 3576.00	 82	 0.00300
4.40000	 1750.00	 895	 3580.00	 83	 0.00200
4.45000	 1750.00	 895	 3580.00	 84	 0.00200
4.50000	 1750.00	 895	 3580.00	 85	 0.00200
4.55000	 1750.00	 895	 3580.00	 86	 0.00200
4.60000	 1750.00	 895	 3580.00	 87	 0.00200
4.65100	 1750.00	 895	 3580.00	 88	 0.00200
4.70100	 1750.00	 895	 3580.00	 89	 0.00200
4.75100	 1750.00	 895	 3580.00	 90	 0.00200
4.80100	 1750.00	 894	 3576.00	 91	 0.00200
4.85100	 1750.00	 894	 3576.00	 92	 0.00200
4.90100	 1750.00	 895	 3580.00	 93	 0.00200
4.95100	 1750.00	 894	 3576.00	 94	 0.00200
5.00100	 1750.00	 895	 3580.00	 95	 0.00200
5.05100	 1750.00	 895	 3580.00	 96	 0.00200
5.10100	 1750.00	 895	 3580.00	 97	 0.00200
5.15100	 1750.00	 895	 3580.00	 98	 0.00200
5.20100	 1750.00	 895	 3580.00	 99	 0.00200
5.25100	 1800.00	 895	 3580.00	 100	 0.00200
5.30100	 1800.00	 901	 3604.00	 101	 0.00200
5.35100	 1800.00	 905	 3620.00	 102	 0.00200
5.40100	 1800.00	 906	 3624.00	 103	 0.00200
5.45100	 1800.00	 906	 3624.00	 104	 0.00200
5.50100	 1800.00	 906	 3624.00	 105	 0.00300
5.55100	 1800.00	 907	 3628.00	 106	 0.00200
5.60100	 1800.00	 907	 3628.00	 107	 0.00200
5.65100	 1800.00	 907	 3628.00	 108	 0.00200
5.70100	 1800.00	 907	 3628.00	 109	 0.00200
5.75100	 1800.00	 907	 3628.00	 110	 0.00200
5.80100	 1800.00	 907	 3628.00	 111	 0.00300
5.85100	 1800.00	 907	 3628.00	 112	 0.00200
5.90100	 1800.00	 907	 3628.00	 113	 0.00200
5.95100	 1800.00	 907	 3628.00	 114	 0.00200
6.00100	 1800.00	 907	 3628.00	 115	 0.00200
6.05100	 1800.00	 907	 3628.00	 116	 0.00200
6.10200	 1800.00	 907	 3628.00	 117	 0.00200
6.15200	 1800.00	 907	 3628.00	 118	 0.00200
6.20200	 1800.00	 907	 3628.00	 119	 0.00200
6.25200	 1800.00	 906	 3624.00	 120	 0.00200
6.30200	 1800.00	 907	 3628.00	 121	 0.00200
6.35200	 1800.00	 907	 3628.00	 122	 0.00200
6.40200	 1800.00	 907	 3628.00	 123	 0.00200
6.45200	 1800.00	 907	 3628.00	 124	 0.00200
6.50200	 1800.00	 907	 3628.00	 125	 0.00200
6.55200	 1800.00	 908	 3632.00	 126	 0.00200
6.60200	 1800.00	 907	 3628.00	 127	 0.00200
6.65200	 1800.00	 907	 3628.00	 128	 0.00200
6.70200	 1800.00	 907	 3628.00	 129	 0.00200
6.75200	 1800.00	 908	 3632.00	 130	 0.00200
6.80200	 1800.00	 907	 3628.00	 131	 0.00200
6.85200	 1800.00	 907	 3628.00	 132	 0.00200
6.90200	 1800.00	 907	 3628.00	 133	 0.00200
6.95200	 1800.00	 907	 3628.00	 134	 0.00300
7.00200	 1800.00	 907	 3628.00	 135	 0.00200
7.05200	 1800.00	 907	 3628.00	 136	 0.00200
7.10200	 1800.00	 907	 3628.00	 137	 0.00200
7.15200	 1800.00	 907	 3628.00	 138	 0.00200
7.20200	 1800.00	 907	 3628.00	 139	 0.00200
7.25200	 1800.00	 907	 3628.00	 140	 0.00300
7.30200	 1800.00	 907	 3628.00	 141	 0.00200
7.35200	 1800.00	 907	 3628.00	 142	 0.00200
7.40200	 1800.00	 907	 3628.00	 143	 0.00200
7.45200	 1800.00	 907	 3628.00	 144	 0.00200
7.50200	 1800.00	 907	 3628.00	 145	 0.00200
7.55200	 1800.00	 907	 3628.00	 146	 0.00200
7.60200	 1800.00	 907	 3628.00	 147	 0.00200
7.65200	 1800.00	 907	 3628.00	 148	 0.00200
7.70200	 1800.00	 906	 3624.00	 149	 0.00200
7.75200	 1850.00	 907	 3628.00	 150	 0.00200
7.80200	 1850.00	 913	 3652.00	 151	 0.00200
7.85200	 1850.00	 916	 3664.00	 152	 0.00200
7.90200	 1850.00	 917	 3668.00	 153	 0.00200
7.95200	 1850.00	 918	 3672.00	 154	 0.00200
8.00200	 1850.00	 918	 3672.00	 155	 0.00200
8.05200	 1850.00	 919	 3676.00	 156	 0.00200
8.10200	 1850.00	 919	 3676.00	 157	 0.00200
8.15200	 1850.00	 919	 3676.00	 158	 0.00200
8.20200	 1850.00	 919	 3676.00	 159	 0.00200
8.25200	 1850.00	 919	 3676.00	 160	 0.00200
8.30200	 1850.00	 919	 3676.00	 161	 0.00200
8.35200	 1850.00	 919	 3676.00	 162	 0.00200
8.40200	 1850.00	 919	 3676.00	 163	 0.00200
8.45200	 1850.00	 919	 3676.00	 164	 0.00200
8.50200	 1850.00	 919	 3676.00	 165	 0.00200
8.55200	 1850.00	 919	 3676.00	 166	 0.00200
8.60200	 1850.00	 920	 3680.00	 167	 0.00200
8.65200	 1850.00	 919	 3676.00	 168	 0.00200
8.70200	 1850.00	 919	 3676.00	 169	 0.00300
8.75200	 1850.00	 919	 3676.00	 170	 0.00200
8.80200	 1850.00	 919	 3676.00	 171	 0.00200
8.85200	 1850.00	 919	 3676.00	 172	 0.00200
8.90200	 1850.00	 919	 3676.00	 173	 0.00200
8.95200	 1850.00	 919	 3676.00	 174	 0.00200
9.00300	 1850.00	 919	 3676.00	 175	 0.00200
9.05300	 1850.00	 919	 3676.00	 176	 0.00200
9.10300	 1850.00	 919	 3676.00	 177	 0.00200
9.15300	 1850.00	 920	 3680.00	 178	 0.00200
9.20300	 1850.00	 919	 3676.00	 179	 0.00200
9.25300	 1850.00	 919	 3676.00	 180	 0.00200
9.30300	 1850.00	 919	 3676.00	 181	 0.00200
9.35300	 1850.00	 919	 3676.00	 182	 0.00200
9.40300	 1850.00	 919	 3676.00	 183	 0.00200
9.45300	 1850.00	 919	 3676.00	 184	 0.00200
9.50300	 1850.00	 919	 3676.00	 185	 0.00200
9.55300	 1850.00	 918	 3672.00	 186	 0.00200
9.60300	 1850.00	 919	 3676.00	 187	 0.00200
9.65300	 1850.00	 919	 3676.00	 188	 0.00200
9.70300	 1850.00	 919	 3676.00	 189	 0.00200
9.75300	 1850.00	 919	 3676.00	 190	 0.00200
9.80300	 1850.00	 919	 3676.00	 191	 0.00200
9.85300	 1850.00	 918	 3672.00	 192	 0.00300
9.90300	 1850.00	 919	 3676.00	 193	 0.00200
9.95300	 1850.00	 919	 3676.00	 194	 0.00200
10.00300	 1850.00	 919	 3676.00	 195	 0.00200
10.05300	 1850.00	 919	 3676.00	 196	 0.00200
10.10300	 1850.00	 919	 3676.00	 197	 0.00200
10.15300	 1850.00	 919	 3676.00	 198	 0.00300
10.20300	 1850.00	 919	 3676.00	 199	 0.00200
10.25300	 1900.00	 920	 3680.00	 200	 0.00200
10.30300	 1900.00	 923	 3692.00	 201	 0.00200
10.35300	 1900.00	 926	 3704.00	 202	 0.00200
10.40300	 1900.00	 927	 3708.00	 203	 0.00200
10.45400	 1900.00	 928	 3712.00	 204	 0.00200
10.50400	 1900.00	 928	 3712.00	 205	 0.00200
10.55400	 1900.00	 929	 3716.00	 206	 0.00200
10.60400	 1900.00	 929	 3716.00	 207	 0.00200
10.65400	 1900.00	 930	 3720.00	 208	 0.00200
10.70400	 1900.00	 930	 3720.00	 209	 0.00200
10.75400	 1900.00	 929	 3716.00	 210	 0.00200
10.80400	 1900.00	 930	 3720.00	 211	 0.00200
10.85400	 1900.00	 930	 3720.00	 212	 0.00200
10.90400	 1900.00	 929	 3716.00	 213	 0.00200
10.95400	 1900.00	 930	 3720.00	 214	 0.00200
11.00400	 1900.00	 930	 3720.00	 215	 0.00200
11.05400	 1900.00	 930	 3720.00	 216	 0.00200
11.10400	 1900.00	 930	 3720.00	 217	 0.00200
11.15400	 1900.00	 930	 3720.00	 218	 0.00200
11.20400	 1900.00	 930	 3720.00	 219	 0.00200
11.25400	 1900.00	 930	 3720.00	 220	 0.00200
11.30400	 1900.00	 930	 3720.00	 221	 0.00300
11.35400	 1900.00	 930	 3720.00	 222	 0.00200
11.40400	 1900.00	 930	 3720.00	 223	 0.00200
11.45400	 1900.00	 930	 3720.00	 224	 0.00200
11.50400	 1900.00	 930	 3720.00	 225	 0.00200
11.55400	 1900.00	 930	 3720.00	 226	 0.00200
11.60400	 1900.00	 930	 3720.00	 227	 0.00300
11.65400	 1900.00	 930	 3720.00	 228	 0.00200
11.70400	 1900.00	 930	 3720.00	 229	 0.00200
11.75400	 1900.00	 930	 3720.00	 230	 0.00200
11.80400	 1900.00	 930	 3720.00	 231	 0.00200
11.85400	 1900.00	 930	 3720.00	 232	 0.00200
11.90400	 1900.00	 930	 3720.00	 233	 0.00200
11.95400	 1900.00	 930	 3720.00	 234	 0.00200
12.00400	 1900.00	 930	 3720.00	 235	 0.00200
12.05400	 1900.00	 930	 3720.00	 236	 0.00200
12.10400	 1900.00	 930	 3720.00	 237	 0.00200
12.15400	 1900.00	 930	 3720.00	 238	 0.00200
12.20400	 1900.00	 930	 3720.00	 239	 0.00200
12.25400	 1900.00	 930	 3720.00	 240	 0.00200
12.30400	 1900.00	 930	 3720.00	 241	 0.00200
12.35400	 1900.00	 930	 3720.00	 242	 0.00200
12.40400	 1900.00	 930	 3720.00	 243	 0.00200
12.45400	 1900.00	 930	 3720.00	 244	 0.00200
12.50400	 1900.00	 930	 3720.00	 245	 0.00200
12.55400	 1900.00	 930	 3720.00	 246	 0.00200
12.60400	 1900.00	 930	 3720.00	 247	 0.00200
12.65400	 1900.00	 928	 3712.00	 248	 0.00200
12.70400	 1900.00	 930	 3720.00	 249	 0.00200
12.75400	 1950.00	 930	 3720.00	 250	 0.00200
12.80400	 1950.00	 935	 3740.00	 251	 0.00200
12.85400	 1950.00	 937	 3748.00	 252	 0.00200
12.90400	 1950.00	 938	 3752.00	 253	 0.00200
12.95400	 1950.00	 939	 3756.00	 254	 0.00200
13.00400	 1950.00	 940	 3760.00	 255	 0.00200
13.05400	 1950.00	 941	 3764.00	 256	 0.00300
13.10400	 1950.00	 940	 3760.00	 257	 0.00200
13.15400	 1950.00	 941	 3764.00	 258	 0.00200
13.20400	 1950.00	 941	 3764.00	 259	 0.00200
13.25400	 1950.00	 941	 3764.00	 260	 0.00200
13.30400	 1950.00	 941	 3764.00	 261	 0.00200
13.35500	 1950.00	 942	 3768.00	 262	 0.00200
13.40500	 1950.00	 941	 3764.00	 263	 0.00200
13.45500	 1950.00	 941	 3764.00	 264	 0.00200
13.50500	 1950.00	 941	 3764.00	 265	 0.00200
13.55500	 1950.00	 941	 3764.00	 266	 0.00200
13.60500	 1950.00	 942	 3768.00	 267	 0.00200
13.65500	 1950.00	 941	 3764.00	 268	 0.00200
13.70500	 1950.00	 941	 3764.00	 269	 0.00200
13.75500	 1950.00	 941	 3764.00	 270	 0.00200
13.80500	 1950.00	 941	 3764.00	 271	 0.00200
13.85500	 1950.00	 941	 3764.00	 272	 0.00200
13.90500	 1950.00	 941	 3764.00	 273	 0.00200
13.95500	 1950.00	 941	 3764.00	 274	 0.00200
14.00500	 1950.00	 941	 3764.00	 275	 0.00200
14.05500	 1950.00	 941	 3764.00	 276	 0.00200
14.10500	 1950.00	 942	 3768.00	 277	 0.00200
14.15500	 1950.00	 941	 3764.00	 278	 0.00200
14.20500	 1950.00	 941	 3764.00	 279	 0.00300
14.25500	 1950.00	 941	 3764.00	 280	 0.00200
14.30500	 1950.00	 941	 3764.00	 281	 0.00200
14.35500	 1950.00	 941	 3764.00	 282	 0.00200
14.40500	 1950.00	 941	 3764.00	 283	 0.00200
14.45500	 1950.00	 941	 3764.00	 284	 0.00200
14.50500	 1950.00	 941	 3764.00	 285	 0.00300
14.55500	 1950.00	 941	 3764.00	 286	 0.00200
14.60500	 1950.00	 942	 3768.00	 287	 0.00200
14.65500	 1950.00	 941	 3764.00	 288	 0.00200
14.70500	 1950.00	 942	 3768.00	 289	 0.00200
14.75500	 1950.00	 942	 3768.00	 290	 0.00200
14.80600	 1950.00	 942	 3768.00	 291	 0.00200
14.85600	 1950.00	 941	 3764.00	 292	 0.00200
14.90600	 1950.00	 942	 3768.00	 293	 0.00200
14.95600	 1950.00	 942	 3768.00	 294	 0.00200
15.00600	 1950.00	 942	 3768.00	 295	 0.00200
15.05600	 1950.00	 942	 3768.00	 296	 0.00200
15.10600	 1950.00	 942	 3768.00	 297	 0.00200
15.15600	 1950.00	 942	 3768.00	 298	 0.00200
15.20600	 1950.00	 942	 3768.00	 299	 0.00200
15.25600	 2000.00	 942	 3768.00	 300	 0.00200
15.30600	 2000.00	 945	 3780.00	 301	 0.00200
15.35600	 2000.00	 948	 3792.00	 302	 0.00200
15.40600	 2000.00	 949	 3796.00	 303	 0.00200
15.45600	 2000.00	 949	 3796.00	 304	 0.00200
15.50600	 2000.00	 950	 3800.00	 305	 0.00200
15.55600	 2000.00	 951	 3804.00	 306	 0.00200
15.60600	 2000.00	 951	 3804.00	 307	 0.00200
15.65600	 2000.00	 951	 3804.00	 308	 0.00300
15.70600	 2000.00	 951	 3804.00	 309	 0.00200
15.75600	 2000.00	 951	 3804.00	 310	 0.00200
15.80600	 2000.00	 951	 3804.00	 311	 0.00200
15.85600	 2000.00	 952	 3808.00	 312	 0.00200
15.90600	 2000.00	 951	 3804.00	 313	 0.00200
15.95600	 2000.00	 951	 3804.00	 314	 0.00300
16.00600	 2000.00	 951	 3804.00	 315	 0.00200
16.05600	 2000.00	 951	 3804.00	 316	 0.00200
16.10600	 2000.00	 951	 3804.00	 317	 0.00200
16.15600	 2000.00	 952	 3808.00	 318	 0.00200
16.20600	 2000.00	 952	 3808.00	 319	 0.00200
16.25600	 2000.00	 952	 3808.00	 320	 0.00200
16.30600	 2000.00	 951	 3804.00	 321	 0.00200
16.35600	 2000.00	 952	 3808.00	 322	 0.00200
16.40600	 2000.00	 952	 3808.00	 323	 0.00200
16.45600	 2000.00	 952	 3808.00	 324	 0.00200
16.50600	 2000.00	 952	 3808.00	 325	 0.00200
16.55600	 2000.00	 952	 3808.00	 326	 0.00200
16.60600	 2000.00	 952	 3808.00	 327	 0.00200
16.65600	 2000.00	 952	 3808.00	 328	 0.00200
16.70600	 2000.00	 951	 3804.00	 329	 0.00200
16.75600	 2000.00	 952	 3808.00	 330	 0.00200
16.80600	 2000.00	 952	 3808.00	 331	 0.00200
16.85600	 2000.00	 952	 3808.00	 332	 0.00200
16.90600	 2000.00	 952	 3808.00	 333	 0.00200
16.95600	 2000.00	 951	 3804.00	 334	 0.00200
17.00600	 2000.00	 951	 3804.00	 335	 0.00200
17.05600	 2000.00	 952	 3808.00	 336	 0.00200
17.10600	 2000.00	 952	 3808.00	 337	 0.00200
17.15600	 2000.00	 951	 3804.00	 338	 0.00200
17.20600	 2000.00	 952	 3808.00	 339	 0.00200
17.25600	 2000.00	 952	 3808.00	 340	 0.00200
17.30600	 2000.00	 952	 3808.00	 341	 0.00200
17.35600	 2000.00	 952	 3808.00	 342	 0.00200
17.40600	 2000.00	 952	 3808.00	 343	 0.00300
17.45600	 2000.00	 952	 3808.00	 344	 0.00200
17.50600	 2000.00	 950	 3800.00	 345	 0.00200
17.55600	 2000.00	 952	 3808.00	 346	 0.00200
17.60600	 2000.00	 952	 3808.00	 347	 0.00200
17.65600	 2000.00	 952	 3808.00	 348	 0.00200
17.70700	 2000.00	 952	 3808.00	 349	 0.00200
17.75700	 2050.00	 952	 3808.00	 350	 0.00200
17.80700	 2050.00	 956	 3824.00	 351	 0.00200
17.85700	 2050.00	 958	 3832.00	 352	 0.00200
17.90700	 2050.00	 958	 3832.00	 353	 0.00200
17.95700	 2050.00	 959	 3836.00	 354	 0.00200
18.00700	 2050.00	 960	 3840.00	 355	 0.00200
18.05700	 2050.00	 960	 3840.00	 356	 0.00200
18.10700	 2050.00	 961	 3844.00	 357	 0.00200
18.15700	 2050.00	 961	 3844.00	 358	 0.00200
18.20700	 2050.00	 962	 3848.00	 359	 0.00200
18.25700	 2050.00	 961	 3844.00	 360	 0.00200
18.30700	 2050.00	 961	 3844.00	 361	 0.00200
18.35700	 2050.00	 961	 3844.00	 362	 0.00200
18.40700	 2050.00	 961	 3844.00	 363	 0.00200
18.45700	 2050.00	 961	 3844.00	 364	 0.00200
18.50700	 2050.00	 961	 3844.00	 365	 0.00200
18.55700	 2050.00	 961	 3844.00	 366	 0.00300
18.60700	 2050.00	 961	 3844.00	 367	 0.00200
18.65700	 2050.00	 961	 3844.00	 368	 0.00200
18.70700	 2050.00	 961	 3844.00	 369	 0.00200
18.75700	 2050.00	 962	 3848.00	 370	 0.00200
18.80700	 2050.00	 962	 3848.00	 371	 0.00200
18.85700	 2050.00	 961	 3844.00	 372	 0.00300
18.90700	 2050.00	 960	 3840.00	 373	 0.00200
18.95700	 2050.00	 961	 3844.00	 374	 0.00200
19.00700	 2050.00	 962	 3848.00	 375	 0.00200
19.05700	 2050.00	 961	 3844.00	 376	 0.00200
19.10700	 2050.00	 961	 3844.00	 377	 0.00200
19.15800	 2050.00	 961	 3844.00	 378	 0.00200
19.20800	 2050.00	 961	 3844.00	 379	 0.00200
19.25800	 2050.00	 961	 3844.00	 380	 0.00200
19.30800	 2050.00	 961	 3844.00	 381	 0.00200
19.35800	 2050.00	 962	 3848.00	 382	 0.00200
19.40800	 2050.00	 961	 3844.00	 383	 0.00200
19.45800	 2050.00	 961	 3844.00	 384	 0.00200
19.50800	 2050.00	 960	 3840.00	 385	 0.00200
19.55800	 2050.00	 961	 3844.00	 386	 0.00200
19.60800	 2050.00	 961	 3844.00	 387	 0.00200
19.65800	 2050.00	 962	 3848.00	 388	 0.00200
19.70800	 2050.00	 961	 3844.00	 389	 0.00200
19.75800	 2050.00	 962	 3848.00	 390	 0.00200
19.80800	 2050.00	 962	 3848.00	 391	 0.00200
19.85800	 2050.00	 961	 3844.00	 392	 0.00200
19.90800	 2050.00	 961	 3844.00	 393	 0.00200
19.95800	 2050.00	 961	 3844.00	 394	 0.00200
20.00800	 2050.00	 962	 3848.00	 395	 0.00300
20.05800	 2050.00	 962	 3848.00	 396	 0.00200
20.10800	 2050.00	 961	 3844.00	 397	 0.00200
20.15800	 2050.00	 961	 3844.00	 398	 0.00200
20.20800	 2050.00	 961	 3844.00	 399	 0.00200
20.25800	 2100.00	 962	 3848.00	 400	 0.00200
20.30800	 2100.00	 965	 3860.00	 401	 0.00300
20.35800	 2100.00	 967	 3868.00	 402	 0.00200
20.40800	 2100.00	 968	 3872.00	 403	 0.00200
20.45800	 2100.00	 969	 3876.00	 404	 0.00200
20.50800	 2100.00	 970	 3880.00	 405	 0.00200
20.55800	 2100.00	 970	 3880.00	 406	 0.00200
20.60800	 2100.00	 970	 3880.00	 407	 0.00200
20.65800	 2100.00	 970	 3880.00	 408	 0.00200
20.70800	 2100.00	 970	 3880.00	 409	 0.00200
20.75800	 2100.00	 970	 3880.00	 410	 0.00200
20.80800	 2100.00	 970	 3880.00	 411	 0.00200
20.85800	 2100.00	 970	 3880.00	 412	 0.00200
20.90800	 2100.00	 970	 3880.00	 413	 0.00200
20.95800	 2100.00	 970	 3880.00	 414	 0.00200
21.00800	 2100.00	 970	 3880.00	 415	 0.00200
21.05800	 2100.00	 970	 3880.00	 416	 0.00200
21.10800	 2100.00	 970	 3880.00	 417	 0.00200
21.15800	 2100.00	 970	 3880.00	 418	 0.00200
21.20800	 2100.00	 970	 3880.00	 419	 0.00200
21.25800	 2100.00	 970	 3880.00	 420	 0.00200
21.30800	 2100.00	 970	 3880.00	 421	 0.00200
21.35800	 2100.00	 970	 3880.00	 422	 0.00200
21.40800	 2100.00	 971	 3884.00	 423	 0.00200
21.45800	 2100.00	 970	 3880.00	 424	 0.00200
21.50800	 2100.00	 969	 3876.00	 425	 0.00200
21.55800	 2100.00	 970	 3880.00	 426	 0.00200
21.60800	 2100.00	 970	 3880.00	 427	 0.00200
21.65800	 2100.00	 970	 3880.00	 428	 0.00200
21.70800	 2100.00	 970	 3880.00	 429	 0.00200
21.75800	 2100.00	 970	 3880.00	 430	 0.00300
21.80800	 2100.00	 970	 3880.00	 431	 0.00200
21.85800	 2100.00	 970	 3880.00	 432	 0.00200
21.90800	 2100.00	 970	 3880.00	 433	 0.00200
21.95800	 2100.00	 970	 3880.00	 434	 0.00200
22.00800	 2100.00	 970	 3880.00	 435	 0.00200
22.05900	 2100.00	 971	 3884.00	 436	 0.00200
22.10900	 2100.00	 970	 3880.00	 437	 0.00200
22.15900	 2100.00	 970	 3880.00	 438	 0.00200
22.20900	 2100.00	 970	 3880.00	 439	 0.00200
22.25900	 2100.00	 970	 3880.00	 440	 0.00200
22.30900	 2100.00	 970	 3880.00	 441	 0.00200
22.35900	 2100.00	 970	 3880.00	 442	 0.00200
22.40900	 2100.00	 971	 3884.00	 443	 0.00200
22.45900	 2100.00	 970	 3880.00	 444	 0.00200
22.50900	 2100.00	 970	 3880.00	 445	 0.00200
22.55900	 2100.00	 970	 3880.00	 446	 0.00200
22.60900	 2100.00	 971	 3884.00	 447	 0.00200
22.65900	 2100.00	 970	 3880.00	 448	 0.00200
22.70900	 2100.00	 970	 3880.00	 449	 0.00200
22.75900	 2150.00	 970	 3880.00	 450	 0.00200
22.80900	 2150.00	 973	 3892.00	 451	 0.00200
22.85900	 2150.00	 973	 3892.00	 452	 0.00200
22.90900	 2150.00	 975	 3900.00	 453	 0.00300
22.95900	 2150.00	 976	 3904.00	 454	 0.00200
23.00900	 2150.00	 976	 3904.00	 455	 0.00200
23.05900	 2150.00	 977	 3908.00	 456	 0.00200
23.10900	 2150.00	 977	 3908.00	 457	 0.00200
23.15900	 2150.00	 978	 3912.00	 458	 0.00200
23.20900	 2150.00	 977	 3908.00	 459	 0.00300
23.25900	 2150.00	 978	 3912.00	 460	 0.00200
23.30900	 2150.00	 977	 3908.00	 461	 0.00200
23.35900	 2150.00	 977	 3908.00	 462	 0.00200
23.40900	 2150.00	 978	 3912.00	 463	 0.00200
23.45900	 2150.00	 978	 3912.00	 464	 0.00200
23.51000	 2150.00	 977	 3908.00	 465	 0.00200
23.56000	 2150.00	 976	 3904.00	 466	 0.00200
23.61000	 2150.00	 978	 3912.00	 467	 0.00200
23.66000	 2150.00	 978	 3912.00	 468	 0.00200
23.71000	 2150.00	 978	 3912.00	 469	 0.00200
23.76000	 2150.00	 978	 3912.00	 470	 0.00200
23.81000	 2150.00	 978	 3912.00	 471	 0.00200
23.86000	 2150.00	 978	 3912.00	 472	 0.00200
23.91000	 2150.00	 978	 3912.00	 473	 0.00200
23.96000	 2150.00	 978	 3912.00	 474	 0.00200
24.01000	 2150.00	 978	 3912.00	 475	 0.00200
24.06000	 2150.00	 978	 3912.00	 476	 0.00200
24.11000	 2150.00	 978	 3912.00	 477	 0.00200
24.16000	 2150.00	 978	 3912.00	 478	 0.00200
24.21000	 2150.00	 977	 3908.00	 479	 0.00200
24.26000	 2150.00	 978	 3912.00	 480	 0.00200
24.31000	 2150.00	 978	 3912.00	 481	 0.00200
24.36000	 2150.00	 978	 3912.00	 482	 0.00300
24.41000	 2150.00	 978	 3912.00	 483	 0.00200
24.46000	 2150.00	 978	 3912.00	 484	 0.00200
24.51000	 2150.00	 978	 3912.00	 485	 0.00200
24.56000	 2150.00	 978	 3912.00	 486	 0.00200
24.61000	 2150.00	 978	 3912.00	 487	 0.00200
24.66000	 2150.00	 978	 3912.00	 488	 0.00300
24.71000	 2150.00	 979	 3916.00	 489	 0.00200
24.76000	 2150.00	 978	 3912.00	 490	 0.00200
24.81000	 2150.00	 978	 3912.00	 491	 0.00200
24.86000	 2150.00	 978	 3912.00	 492	 0.00200
24.91000	 2150.00	 978	 3912.00	 493	 0.00200
24.96000	 2150.00	 978	 3912.00	 494	 0.00200
25.01000	 2150.00	 978	 3912.00	 495	 0.00200
25.06000	 2150.00	 978	 3912.00	 496	 0.00200
25.11000	 2150.00	 978	 3912.00	 497	 0.00200
25.16000	 2150.00	 978	 3912.00	 498	 0.00200
25.21000	 2150.00	 977	 3908.00	 499	 0.00200
25.26000	 2200.00	 978	 3912.00	 500	 0.00200
25.31000	 2200.00	 981	 3924.00	 501	 0.00200
25.36000	 2200.00	 983	 3932.00	 502	 0.00200
25.41000	 2200.00	 983	 3932.00	 503	 0.00200
25.46000	 2200.00	 984	 3936.00	 504	 0.00200
25.51000	 2200.00	 984	 3936.00	 505	 0.00200
25.56000	 2200.00	 984	 3936.00	 506	 0.00200
25.61000	 2200.00	 984	 3936.00	 507	 0.00200
25.66000	 2200.00	 983	 3932.00	 508	 0.00200
25.71000	 2200.00	 985	 3940.00	 509	 0.00200
25.76000	 2200.00	 985	 3940.00	 510	 0.00200
25.81000	 2200.00	 985	 3940.00	 511	 0.00200
25.86000	 2200.00	 985	 3940.00	 512	 0.00200
25.91000	 2200.00	 985	 3940.00	 513	 0.00200
25.96000	 2200.00	 985	 3940.00	 514	 0.00200
26.01000	 2200.00	 985	 3940.00	 515	 0.00200
26.06000	 2200.00	 985	 3940.00	 516	 0.00200
26.11000	 2200.00	 984	 3936.00	 517	 0.00300
26.16000	 2200.00	 985	 3940.00	 518	 0.00200
26.21000	 2200.00	 985	 3940.00	 519	 0.00200
26.26000	 2200.00	 985	 3940.00	 520	 0.00200
26.31000	 2200.00	 985	 3940.00	 521	 0.00200
26.36000	 2200.00	 985	 3940.00	 522	 0.00200
26.41100	 2200.00	 985	 3940.00	 523	 0.00200
26.46100	 2200.00	 985	 3940.00	 524	 0.00200
26.51100	 2200.00	 985	 3940.00	 525	 0.00200
26.56100	 2200.00	 984	 3936.00	 526	 0.00200
26.61100	 2200.00	 985	 3940.00	 527	 0.00200
26.66100	 2200.00	 984	 3936.00	 528	 0.00200
26.71100	 2200.00	 985	 3940.00	 529	 0.00200
26.76100	 2200.00	 985	 3940.00	 530	 0.00200
26.81100	 2200.00	 984	 3936.00	 531	 0.00200
26.86100	 2200.00	 985	 3940.00	 532	 0.00200
26.91100	 2200.00	 985	 3940.00	 533	 0.00200
26.96100	 2200.00	 985	 3940.00	 534	 0.00200
27.01100	 2200.00	 985	 3940.00	 535	 0.00200
27.06100	 2200.00	 985	 3940.00	 536	 0.00200
27.11100	 2200.00	 984	 3936.00	 537	 0.00200
27.16100	 2200.00	 985	 3940.00	 538	 0.00200
27.21100	 2200.00	 985	 3940.00	 539	 0.00200
27.26100	 2200.00	 985	 3940.00	 540	 0.00300
27.31100	 2200.00	 985	 3940.00	 541	 0.00200
27.36100	 2200.00	 985	 3940.00	 542	 0.00200
27.41100	 2200.00	 985	 3940.00	 543	 0.00200
27.46100	 2200.00	 985	 3940.00	 544	 0.00200
27.51100	 2200.00	 985	 3940.00	 545	 0.00200
27.56100	 2200.00	 984	 3936.00	 546	 0.00300
27.61100	 2200.00	 985	 3940.00	 547	 0.00200
27.66100	 2200.00	 985	 3940.00	 548	 0.00200
27.71100	 2200.00	 985	 3940.00	 549	 0.00200
27.76100	 2250.00	 985	 3940.00	 550	 0.00200
27.81100	 2250.00	 988	 3952.00	 551	 0.00200
27.86200	 2250.00	 989	 3956.00	 552	 0.00200
27.91200	 2250.00	 990	 3960.00	 553	 0.00200
27.96200	 2250.00	 990	 3960.00	 554	 0.00200
28.01200	 2250.00	 991	 3964.00	 555	 0.00200
28.06200	 2250.00	 992	 3968.00	 556	 0.00200
28.11200	 2250.00	 991	 3964.00	 557	 0.00200
28.16200	 2250.00	 992	 3968.00	 558	 0.00200
28.21200	 2250.00	 991	 3964.00	 559	 0.00200
28.26200	 2250.00	 992	 3968.00	 560	 0.00200
28.31200	 2250.00	 991	 3964.00	 561	 0.00200
28.36200	 2250.00	 992	 3968.00	 562	 0.00200
28.41200	 2250.00	 992	 3968.00	 563	 0.00200
28.46200	 2250.00	 991	 3964.00	 564	 0.00200
28.51200	 2250.00	 991	 3964.00	 565	 0.00200
28.56200	 2250.00	 992	 3968.00	 566	 0.00200
28.61200	 2250.00	 991	 3964.00	 567	 0.00200
28.66200	 2250.00	 992	 3968.00	 568	 0.00200
28.71200	 2250.00	 991	 3964.00	 569	 0.00300
28.76200	 2250.00	 992	 3968.00	 570	 0.00200
28.81200	 2250.00	 991	 3964.00	 571	 0.00200
28.86200	 2250.00	 992	 3968.00	 572	 0.00200
28.91200	 2250.00	 991	 3964.00	 573	 0.00200
28.96200	 2250.00	 992	 3968.00	 574	 0.00200
29.01200	 2250.00	 992	 3968.00	 575	 0.00300
29.06200	 2250.00	 992	 3968.00	 576	 0.00200
29.11200	 2250.00	 991	 3964.00	 577	 0.00200
29.16200	 2250.00	 992	 3968.00	 578	 0.00200
29.21200	 2250.00	 991	 3964.00	 579	 0.00200
29.26200	 2250.00	 992	 3968.00	 580	 0.00200
29.31200	 2250.00	 992	 3968.00	 581	 0.00200
29.36200	 2250.00	 992	 3968.00	 582	 0.00200
29.41200	 2250.00	 992	 3968.00	 583	 0.00200
29.46200	 2250.00	 992	 3968.00	 584	 0.00200
29.51200	 2250.00	 991	 3964.00	 585	 0.00200
29.56200	 2250.00	 992	 3968.00	 586	 0.00200
29.61200	 2250.00	 992	 3968.00	 587	 0.00200
29.66200	 2250.00	 992	 3968.00	 588	 0.00200
29.71200	 2250.00	 991	 3964.00	 589	 0.00200
29.76200	 2250.00	 992	 3968.00	 590	 0.00200
29.81200	 2250.00	 991	 3964.00	 591	 0.00200
29.86200	 2250.00	 992	 3968.00	 592	 0.00200
29.91200	 2250.00	 991	 3964.00	 593	 0.00200
29.96200	 2250.00	 992	 3968.00	 594	 0.00200
30.01200	 2250.00	 992	 3968.00	 595	 0.00200
30.06200	 2250.00	 991	 3964.00	 596	 0.00200
30.11200	 2250.00	 991	 3964.00	 597	 0.00200
30.16200	 2250.00	 992	 3968.00	 598	 0.00200
30.21200	 2250.00	 991	 3964.00	 599	 0.00200
30.26200	 2300.00	 992	 3968.00	 600	 0.00200
30.31200	 2300.00	 993	 3972.00	 601	 0.00200
30.36200	 2300.00	 995	 3980.00	 602	 0.00200
30.41200	 2300.00	 995	 3980.00	 603	 0.00200
30.46200	 2300.00	 995	 3980.00	 604	 0.00300
30.51200	 2300.00	 994	 3976.00	 605	 0.00200
30.56200	 2300.00	 995	 3980.00	 606	 0.00200
30.61200	 2300.00	 996	 3984.00	 607	 0.00200
30.66200	 2300.00	 996	 3984.00	 608	 0.00200
30.71200	 2300.00	 996	 3984.00	 609	 0.00200
30.76300	 2300.00	 996	 3984.00	 610	 0.00200
30.81300	 2300.00	 996	 3984.00	 611	 0.00200
30.86300	 2300.00	 995	 3980.00	 612	 0.00200
30.91300	 2300.00	 996	 3984.00	 613	 0.00200
30.96300	 2300.00	 996	 3984.00	 614	 0.00200
31.01300	 2300.00	 996	 3984.00	 615	 0.00200
31.06300	 2300.00	 997	 3988.00	 616	 0.00200
31.11300	 2300.00	 996	 3984.00	 617	 0.00200
31.16300	 2300.00	 996	 3984.00	 618	 0.00200
31.21300	 2300.00	 996	 3984.00	 619	 0.00200
31.26300	 2300.00	 996	 3984.00	 620	 0.00200
31.31300	 2300.00	 996	 3984.00	 621	 0.00200
31.36300	 2300.00	 996	 3984.00	 622	 0.00200
31.41300	 2300.00	 996	 3984.00	 623	 0.00200
31.46300	 2300.00	 996	 3984.00	 624	 0.00200
31.51300	 2300.00	 996	 3984.00	 625	 0.00200
31.56300	 2300.00	 996	 3984.00	 626	 0.00200
31.61300	 2300.00	 996	 3984.00	 627	 0.00300
31.66300	 2300.00	 996	 3984.00	 628	 0.00200
31.71300	 2300.00	 996	 3984.00	 629	 0.00200
31.76300	 2300.00	 996	 3984.00	 630	 0.00200
31.81300	 2300.00	 996	 3984.00	 631	 0.00200
31.86300	 2300.00	 995	 3980.00	 632	 0.00200
31.91300	 2300.00	 996	 3984.00	 633	 0.00300
31.96300	 2300.00	 996	 3984.00	 634	 0.00200
32.01300	 2300.00	 996	 3984.00	 635	 0.00200
32.06300	 2300.00	 996	 3984.00	 636	 0.00200
32.11300	 2300.00	 996	 3984.00	 637	 0.00200
32.16300	 2300.00	 996	 3984.00	 638	 0.00200
32.21400	 2300.00	 996	 3984.00	 639	 0.00200
32.26400	 2300.00	 996	 3984.00	 640	 0.00200
32.31400	 2300.00	 996	 3984.00	 641	 0.00200
32.36400	 2300.00	 996	 3984.00	 642	 0.00200
32.41400	 2300.00	 996	 3984.00	 643	 0.00200
32.46400	 2300.00	 996	 3984.00	 644	 0.00200
32.51400	 2300.00	 996	 3984.00	 645	 0.00200
32.56400	 2300.00	 996	 3984.00	 646	 0.00200
32.61400	 2300.00	 996	 3984.00	 647	 0.00200
32.66400	 2300.00	 997	 3988.00	 648	 0.00200
32.71400	 2300.00	 997	 3988.00	 649	 0.00200
32.76400	 2350.00	 996	 3984.00	 650	 0.00200
32.81400	 2350.00	 997	 3988.00	 651	 0.00200
32.86400	 2350.00	 999	 3996.00	 652	 0.00200
32.91400	 2350.00	 1000	 4000.00	 653	 0.00200
32.96400	 2350.00	 1000	 4000.00	 654	 0.00200
33.01400	 2350.00	 1000	 4000.00	 655	 0.00200
33.06400	 2350.00	 1000	 4000.00	 656	 0.00300
33.11400	 2350.00	 1000	 4000.00	 657	 0.00200
33.16400	 2350.00	 1000	 4000.00	 658	 0.00200
33.21400	 2350.00	 1000	 4000.00	 659	 0.00200
33.26400	 2350.00	 1000	 4000.00	 660	 0.00200
33.31400	 2350.00	 1000	 4000.00	 661	 0.00200
33.36400	 2350.00	 1000	 4000.00	 662	 0.00300
33.41400	 2350.00	 1000	 4000.00	 663	 0.00200
33.46400	 2350.00	 1000	 4000.00	 664	 0.00200
33.51400	 2350.00	 1000	 4000.00	 665	 0.00200
33.56400	 2350.00	 1000	 4000.00	 666	 0.00200
33.61400	 2350.00	 1000	 4000.00	 667	 0.00200
33.66400	 2350.00	 1000	 4000.00	 668	 0.00200
33.71400	 2350.00	 1000	 4000.00	 669	 0.00200
33.76400	 2350.00	 1000	 4000.00	 670	 0.00200
33.81400	 2350.00	 1000	 4000.00	 671	 0.00200
33.86400	 2350.00	 1001	 4004.00	 672	 0.00200
33.91400	 2350.00	 1000	 4000.00	 673	 0.00200
33.96400	 2350.00	 1000	 4000.00	 674	 0.00200
34.01400	 2350.00	 1000	 4000.00	 675	 0.00200
34.06400	 2350.00	 1000	 4000.00	 676	 0.00200
34.11400	 2350.00	 1000	 4000.00	 677	 0.00200
34.16400	 2350.00	 1000	 4000.00	 678	 0.00200
34.21400	 2350.00	 1000	 4000.00	 679	 0.00200
34.26400	 2350.00	 1000	 4000.00	 680	 0.00200
34.31400	 2350.00	 1000	 4000.00	 681	 0.00200
34.36400	 2350.00	 1000	 4000.00	 682	 0.00200
34.41400	 2350.00	 1000	 4000.00	 683	 0.00200
34.46400	 2350.00	 1000	 4000.00	 684	 0.00200
34.51400	 2350.00	 1000	 4000.00	 685	 0.00200
34.56400	 2350.00	 1000	 4000.00	 686	 0.00200
34.61400	 2350.00	 1000	 4000.00	 687	 0.00200
34.66400	 2350.00	 999	 3996.00	 688	 0.00200
34.71400	 2350.00	 1000	 4000.00	 689	 0.00200
34.76400	 2350.00	 1000	 4000.00	 690	 0.00200
34.81400	 2350.00	 1000	 4000.00	 691	 0.00300
34.86400	 2350.00	 1000	 4000.00	 692	 0.00200
34.91400	 2350.00	 1000	 4000.00	 693	 0.00200
34.96400	 2350.00	 1000	 4000.00	 694	 0.00200
35.01400	 2350.00	 998	 3992.00	 695	 0.00200
35.06400	 2350.00	 1000	 4000.00	 696	 0.00200
35.11500	 2350.00	 1000	 4000.00	 697	 0.00200
35.16500	 2350.00	 1000	 4000.00	 698	 0.00200
35.21500	 2350.00	 1000	 4000.00	 699	 0.00200
35.26500	 2300.00	 1000	 4000.00	 700	 0.00200
35.31500	 2300.00	 1000	 4000.00	 701	 0.00200
35.36500	 2300.00	 998	 3992.00	 702	 0.00200
35.41500	 2300.00	 997	 3988.00	 703	 0.00200
35.46500	 2300.00	 997	 3988.00	 704	 0.00200
35.51500	 2300.00	 997	 3988.00	 705	 0.00200
35.56500	 2300.00	 997	 3988.00	 706	 0.00200
35.61500	 2300.00	 997	 3988.00	 707	 0.00200
35.66500	 2300.00	 997	 3988.00	 708	 0.00200
35.71500	 2300.00	 997	 3988.00	 709	 0.00200
35.76500	 2300.00	 997	 3988.00	 710	 0.00200
35.81500	 2300.00	 997	 3988.00	 711	 0.00200
35.86500	 2300.00	 997	 3988.00	 712	 0.00200
35.91500	 2300.00	 997	 3988.00	 713	 0.00200
35.96500	 2300.00	 997	 3988.00	 714	 0.00300
36.01500	 2300.00	 997	 3988.00	 715	 0.00200
36.06500	 2300.00	 997	 3988.00	 716	 0.00200
36.11500	 2300.00	 997	 3988.00	 717	 0.00200
36.16500	 2300.00	 997	 3988.00	 718	 0.00200
36.21500	 2300.00	 997	 3988.00	 719	 0.00200
36.26500	 2300.00	 997	 3988.00	 720	 0.00300
36.31500	 2300.00	 997	 3988.00	 721	 0.00200
36.36500	 2300.00	 997	 3988.00	 722	 0.00200
36.41500	 2300.00	 997	 3988.00	 723	 0.00200
36.46500	 2300.00	 996	 3984.00	 724	 0.00200
36.51500	 2300.00	 997	 3988.00	 725	 0.00200
36.56600	 2300.00	 997	 3988.00	 726	 0.00200
36.61600	 2300.00	 997	 3988.00	 727	 0.00200
36.66600	 2300.00	 997	 3988.00	 728	 0.00200
36.71600	 2300.00	 997	 3988.00	 729	 0.00200
36.76600	 2300.00	 997	 3988.00	 730	 0.00200
36.81600	 2300.00	 997	 3988.00	 731	 0.00200
36.86600	 2300.00	 997	 3988.00	 732	 0.00200
36.91600	 2300.00	 997	 3988.00	 733	 0.00200
36.96600	 2300.00	 997	 3988.00	 734	 0.00200
37.01600	 2300.00	 997	 3988.00	 735	 0.00200
37.06600	 2300.00	 997	 3988.00	 736	 0.00200
37.11600	 2300.00	 996	 3984.00	 737	 0.00200
37.16600	 2300.00	 997	 3988.00	 738	 0.00200
37.21600	 2300.00	 997	 3988.00	 739	 0.00200
37.26600	 2300.00	 997	 3988.00	 740	 0.00200
37.31600	 2300.00	 997	 3988.00	 741	 0.00200
37.36600	 2300.00	 997	 3988.00	 742	 0.00200
37.41600	 2300.00	 997	 3988.00	 743	 0.00300
37.46600	 2300.00	 997	 3988.00	 744	 0.00200
37.51600	 2300.00	 997	 3988.00	 745	 0.00200
37.56600	 2300.00	 997	 3988.00	 746	 0.00200
37.61600	 2300.00	 997	 3988.00	 747	 0.00200
37.66600	 2300.00	 997	 3988.00	 748	 0.00200
37.71600	 2300.00	 997	 3988.00	 749	 0.00300
37.76600	 2250.00	 997	 3988.00	 750	 0.00200
37.81600	 2250.00	 996	 3984.00	 751	 0.00200
37.86600	 2250.00	 992	 3968.00	 752	 0.00200
37.91600	 2250.00	 992	 3968.00	 753	 0.00200
37.96600	 2250.00	 992	 3968.00	 754	 0.00200
38.01600	 2250.00	 992	 3968.00	 755	 0.00200
38.06600	 2250.00	 992	 3968.00	 756	 0.00200
38.11600	 2250.00	 992	 3968.00	 757	 0.00200
38.16600	 2250.00	 992	 3968.00	 758	 0.00200
38.21600	 2250.00	 992	 3968.00	 759	 0.00200
38.26600	 2250.00	 992	 3968.00	 760	 0.00200
38.31600	 2250.00	 992	 3968.00	 761	 0.00200
38.36600	 2250.00	 992	 3968.00	 762	 0.00200
38.41600	 2250.00	 992	 3968.00	 763	 0.00200
38.46600	 2250.00	 992	 3968.00	 764	 0.00200
38.51600	 2250.00	 992	 3968.00	 765	 0.00200
38.56600	 2250.00	 992	 3968.00	 766	 0.00200
38.61600	 2250.00	 992	 3968.00	 767	 0.00200
38.66600	 2250.00	 992	 3968.00	 768	 0.00200
38.71600	 2250.00	 992	 3968.00	 769	 0.00200
38.76600	 2250.00	 992	 3968.00	 770	 0.00200
38.81600	 2250.00	 992	 3968.00	 771	 0.00200
38.86600	 2250.00	 992	 3968.00	 772	 0.00200
38.91600	 2250.00	 992	 3968.00	 773	 0.00200
38.96600	 2250.00	 992	 3968.00	 774	 0.00200
39.01600	 2250.00	 992	 3968.00	 775	 0.00200
39.06600	 2250.00	 992	 3968.00	 776	 0.00200
39.11600	 2250.00	 992	 3968.00	 777	 0.00200
39.16600	 2250.00	 992	 3968.00	 778	 0.00300
39.21600	 2250.00	 992	 3968.00	 779	 0.00200
39.26600	 2250.00	 992	 3968.00	 780	 0.00200
39.31600	 2250.00	 992	 3968.00	 781	 0.00200
39.36600	 2250.00	 992	 3968.00	 782	 0.00200
39.41600	 2250.00	 992	 3968.00	 783	 0.00200
39.46700	 2250.00	 992	 3968.00	 784	 0.00200
39.51700	 2250.00	 992	 3968.00	 785	 0.00200
39.56700	 2250.00	 992	 3968.00	 786	 0.00200
39.61700	 2250.00	 992	 3968.00	 787	 0.00200
39.66700	 2250.00	 992	 3968.00	 788	 0.00200
39.71700	 2250.00	 992	 3968.00	 789	 0.00200
39.76700	 2250.00	 992	 3968.00	 790	 0.00200
39.81700	 2250.00	 992	 3968.00	 791	 0.00200
39.86700	 2250.00	 991	 3964.00	 792	 0.00200
39.91700	 2250.00	 992	 3968.00	 793	 0.00200
39.96700	 2250.00	 992	 3968.00	 794	 0.00200
40.01700	 2250.00	 992	 3968.00	 795	 0.00200
40.06700	 2250.00	 993	 3972.00	 796	 0.00200
40.11700	 2250.00	 992	 3968.00	 797	 0.00200
40.16700	 2250.00	 992	 3968.00	 798	 0.00200
40.21700	 2250.00	 992	 3968.00	 799	 0.00200
40.26700	 2200.00	 992	 3968.00	 800	 0.00200
40.31700	 2200.00	 990	 3960.00	 801	 0.00300
40.36700	 2200.00	 986	 3944.00	 802	 0.00200
40.41700	 2200.00	 985	 3940.00	 803	 0.00200
40.46700	 2200.00	 985	 3940.00	 804	 0.00200
40.51700	 2200.00	 985	 3940.00	 805	 0.00200
40.56700	 2200.00	 986	 3944.00	 806	 0.00200
40.61700	 2200.00	 985	 3940.00	 807	 0.00300
40.66700	 2200.00	 984	 3936.00	 808	 0.00200
40.71700	 2200.00	 985	 3940.00	 809	 0.00200
40.76700	 2200.00	 986	 3944.00	 810	 0.00200
40.81700	 2200.00	 985	 3940.00	 811	 0.00200
40.86700	 2200.00	 985	 3940.00	 812	 0.00200
40.91800	 2200.00	 985	 3940.00	 813	 0.00200
40.96800	 2200.00	 986	 3944.00	 814	 0.00200
41.01800	 2200.00	 985	 3940.00	 815	 0.00200
41.06800	 2200.00	 985	 3940.00	 816	 0.00200
41.11800	 2200.00	 985	 3940.00	 817	 0.00200
41.16800	 2200.00	 985	 3940.00	 818	 0.00200
41.21800	 2200.00	 985	 3940.00	 819	 0.00200
41.26800	 2200.00	 985	 3940.00	 820	 0.00200
41.31800	 2200.00	 984	 3936.00	 821	 0.00200
41.36800	 2200.00	 985	 3940.00	 822	 0.00200
41.41800	 2200.00	 985	 3940.00	 823	 0.00200
41.46800	 2200.00	 985	 3940.00	 824	 0.00200
41.51800	 2200.00	 985	 3940.00	 825	 0.00200
41.56800	 2200.00	 985	 3940.00	 826	 0.00200
41.61800	 2200.00	 985	 3940.00	 827	 0.00200
41.66800	 2200.00	 985	 3940.00	 828	 0.00200
41.71800	 2200.00	 985	 3940.00	 829	 0.00200
41.76800	 2200.00	 985	 3940.00	 830	 0.00300
41.81800	 2200.00	 985	 3940.00	 831	 0.00200
41.86800	 2200.00	 985	 3940.00	 832	 0.00200
41.91800	 2200.00	 985	 3940.00	 833	 0.00200
41.96800	 2200.00	 986	 3944.00	 834	 0.00200
42.01800	 2200.00	 985	 3940.00	 835	 0.00200
42.06800	 2200.00	 985	 3940.00	 836	 0.00300
42.11800	 2200.00	 985	 3940.00	 837	 0.00200
42.16800	 2200.00	 985	 3940.00	 838	 0.00200
42.21800	 2200.00	 986	 3944.00	 839	 0.00200
42.26800	 2200.00	 986	 3944.00	 840	 0.00200
42.31800	 2200.00	 985	 3940.00	 841	 0.00200
42.36800	 2200.00	 984	 3936.00	 842	 0.00200
42.41800	 2200.00	 985	 3940.00	 843	 0.00200
42.46800	 2200.00	 985	 3940.00	 844	 0.00200
42.51800	 2200.00	 986	 3944.00	 845	 0.00200
42.56800	 2200.00	 985	 3940.00	 846	 0.00200
42.61800	 2200.00	 986	 3944.00	 847	 0.00200
42.66800	 2200.00	 986	 3944.00	 848	 0.00200
42.71800	 2200.00	 985	 3940.00	 849	 0.00200
42.76800	 2150.00	 985	 3940.00	 850	 0.00200
42.81800	 2150.00	 984	 3936.00	 851	 0.00200
42.86800	 2150.00	 980	 3920.00	 852	 0.00200
42.91800	 2150.00	 979	 3916.00	 853	 0.00200
42.96800	 2150.00	 979	 3916.00	 854	 0.00200
43.01800	 2150.00	 979	 3916.00	 855	 0.00200
43.06800	 2150.00	 979	 3916.00	 856	 0.00200
43.11800	 2150.00	 979	 3916.00	 857	 0.00200
43.16800	 2150.00	 979	 3916.00	 858	 0.00200
43.21800	 2150.00	 979	 3916.00	 859	 0.00200
43.26800	 2150.00	 979	 3916.00	 860	 0.00200
43.31800	 2150.00	 979	 3916.00	 861	 0.00200
43.36800	 2150.00	 980	 3920.00	 862	 0.00200
43.41800	 2150.00	 979	 3916.00	 863	 0.00200
43.46800	 2150.00	 979	 3916.00	 864	 0.00200
43.51800	 2150.00	 979	 3916.00	 865	 0.00300
43.56800	 2150.00	 979	 3916.00	 866	 0.00200
43.61800	 2150.00	 979	 3916.00	 867	 0.00200
43.66800	 2150.00	 980	 3920.00	 868	 0.00200
43.71800	 2150.00	 979	 3916.00	 869	 0.00200
43.76800	 2150.00	 979	 3916.00	 870	 0.00200
43.81900	 2150.00	 979	 3916.00	 871	 0.00200
43.86900	 2150.00	 979	 3916.00	 872	 0.00200
43.91900	 2150.00	 979	 3916.00	 873	 0.00200
43.96900	 2150.00	 979	 3916.00	 874	 0.00200
44.01900	 2150.00	 979	 3916.00	 875	 0.00200
44.06900	 2150.00	 979	 3916.00	 876	 0.00200
44.11900	 2150.00	 978	 3912.00	 877	 0.00200
44.16900	 2150.00	 979	 3916.00	 878	 0.00200
44.21900	 2150.00	 979	 3916.00	 879	 0.00200
44.26900	 2150.00	 979	 3916.00	 880	 0.00200
44.31900	 2150.00	 979	 3916.00	 881	 0.00200
44.36900	 2150.00	 979	 3916.00	 882	 0.00200
44.41900	 2150.00	 979	 3916.00	 883	 0.00200
44.46900	 2150.00	 980	 3920.00	 884	 0.00200
44.51900	 2150.00	 979	 3916.00	 885	 0.00200
44.56900	 2150.00	 979	 3916.00	 886	 0.00200
44.61900	 2150.00	 979	 3916.00	 887	 0.00200
44.66900	 2150.00	 979	 3916.00	 888	 0.00300
44.71900	 2150.00	 979	 3916.00	 889	 0.00200
44.76900	 2150.00	 979	 3916.00	 890	 0.00200
44.81900	 2150.00	 979	 3916.00	 891	 0.00200
44.86900	 2150.00	 979	 3916.00	 892	 0.00200
44.91900	 2150.00	 979	 3916.00	 893	 0.00200
44.96900	 2150.00	 979	 3916.00	 894	 0.00300
45.01900	 2150.00	 979	 3916.00	 895	 0.00200
45.06900	 2150.00	 979	 3916.00	 896	 0.00200
45.11900	 2150.00	 979	 3916.00	 897	 0.00200
45.16900	 2150.00	 979	 3916.00	 898	 0.00200
45.21900	 2150.00	 979	 3916.00	 899	 0.00200
45.27000	 2100.00	 979	 3916.00	 900	 0.00200
45.32000	 2100.00	 976	 3904.00	 901	 0.00200
45.37000	 2100.00	 972	 3888.00	 902	 0.00200
45.42000	 2100.00	 971	 3884.00	 903	 0.00200
45.47000	 2100.00	 971	 3884.00	 904	 0.00200
45.52000	 2100.00	 971	 3884.00	 905	 0.00200
45.57000	 2100.00	 971	 3884.00	 906	 0.00200
45.62000	 2100.00	 971	 3884.00	 907	 0.00200
45.67000	 2100.00	 971	 3884.00	 908	 0.00200
45.72000	 2100.00	 971	 3884.00	 909	 0.00200
45.77000	 2100.00	 972	 3888.00	 910	 0.00200
45.82000	 2100.00	 971	 3884.00	 911	 0.00200
45.87000	 2100.00	 971	 3884.00	 912	 0.00200
45.92000	 2100.00	 971	 3884.00	 913	 0.00200
45.97000	 2100.00	 970	 3880.00	 914	 0.00200
46.02000	 2100.00	 971	 3884.00	 915	 0.00200
46.07000	 2100.00	 971	 3884.00	 916	 0.00200
46.12000	 2100.00	 971	 3884.00	 917	 0.00300
46.17000	 2100.00	 971	 3884.00	 918	 0.00200
46.22000	 2100.00	 971	 3884.00	 919	 0.00200
46.27000	 2100.00	 971	 3884.00	 920	 0.00200
46.32000	 2100.00	 971	 3884.00	 921	 0.00200
46.37000	 2100.00	 971	 3884.00	 922	 0.00200
46.42000	 2100.00	 971	 3884.00	 923	 0.00300
46.47000	 2100.00	 972	 3888.00	 924	 0.00200
46.52000	 2100.00	 971	 3884.00	 925	 0.00200
46.57000	 2100.00	 972	 3888.00	 926	 0.00200
46.62000	 2100.00	 971	 3884.00	 927	 0.00200
46.67000	 2100.00	 971	 3884.00	 928	 0.00200
46.72000	 2100.00	 971	 3884.00	 929	 0.00200
46.77000	 2100.00	 971	 3884.00	 930	 0.00200
46.82000	 2100.00	 971	 3884.00	 931	 0.00200
46.87000	 2100.00	 971	 3884.00	 932	 0.00200
46.92000	 2100.00	 971	 3884.00	 933	 0.00200
46.97000	 2100.00	 972	 3888.00	 934	 0.00200
47.02000	 2100.00	 971	 3884.00	 935	 0.00200
47.07000	 2100.00	 971	 3884.00	 936	 0.00200
47.12000	 2100.00	 971	 3884.00	 937	 0.00200
47.17000	 2100.00	 971	 3884.00	 938	 0.00200
47.22000	 2100.00	 971	 3884.00	 939	 0.00200
47.27000	 2100.00	 971	 3884.00	 940	 0.00200
47.32000	 2100.00	 971	 3884.00	 941	 0.00200
47.37000	 2100.00	 971	 3884.00	 942	 0.00200
47.42000	 2100.00	 971	 3884.00	 943	 0.00200
47.47000	 2100.00	 971	 3884.00	 944	 0.00200
47.52000	 2100.00	 971	 3884.00	 945	 0.00200
47.57000	 2100.00	 972	 3888.00	 946	 0.00200
47.62000	 2100.00	 971	 3884.00	 947	 0.00200
47.67000	 2100.00	 971	 3884.00	 948	 0.00200
47.72000	 2100.00	 971	 3884.00	 949	 0.00200
47.77000	 2050.00	 971	 3884.00	 950	 0.00200
47.82000	 2050.00	 968	 3872.00	 951	 0.00200
47.87000	 2050.00	 903	 3612.00	 952	 0.00300
47.92000	 2050.00	 963	 3852.00	 953	 0.00200
47.97000	 2050.00	 964	 3856.00	 954	 0.00200
48.02000	 2050.00	 963	 3852.00	 955	 0.00200
48.07000	 2050.00	 963	 3852.00	 956	 0.00200
48.12000	 2050.00	 963	 3852.00	 957	 0.00200
48.17100	 2050.00	 963	 3852.00	 958	 0.00200
48.22100	 2050.00	 963	 3852.00	 959	 0.00200
48.27100	 2050.00	 963	 3852.00	 960	 0.00200
48.32100	 2050.00	 964	 3856.00	 961	 0.00200
48.37100	 2050.00	 904	 3616.00	 962	 0.00200
48.42100	 2050.00	 963	 3852.00	 963	 0.00200
48.47100	 2050.00	 963	 3852.00	 964	 0.00200
48.52100	 2050.00	 963	 3852.00	 965	 0.00200
48.57100	 2050.00	 963	 3852.00	 966	 0.00200
48.62100	 2050.00	 963	 3852.00	 967	 0.00200
48.67100	 2050.00	 963	 3852.00	 968	 0.00200
48.72100	 2050.00	 963	 3852.00	 969	 0.00200
48.77100	 2050.00	 963	 3852.00	 970	 0.00200
48.82100	 2050.00	 962	 3848.00	 971	 0.00200
48.87100	 2050.00	 963	 3852.00	 972	 0.00200
48.92100	 2050.00	 963	 3852.00	 973	 0.00200
48.97100	 2050.00	 963	 3852.00	 974	 0.00200
49.02100	 2050.00	 963	 3852.00	 975	 0.00300
49.07100	 2050.00	 964	 3856.00	 976	 0.00200
49.12100	 2050.00	 963	 3852.00	 977	 0.00200
49.17100	 2050.00	 963	 3852.00	 978	 0.00200
49.22100	 2050.00	 962	 3848.00	 979	 0.00200
49.27100	 2050.00	 963	 3852.00	 980	 0.00200
49.32100	 2050.00	 963	 3852.00	 981	 0.00300
49.37100	 2050.00	 963	 3852.00	 982	 0.00200
49.42100	 2050.00	 963	 3852.00	 983	 0.00200
49.47100	 2050.00	 963	 3852.00	 984	 0.00200
49.52100	 2050.00	 963	 3852.00	 985	 0.00200
49.57100	 2050.00	 962	 3848.00	 986	 0.00200
49.62200	 2050.00	 963	 3852.00	 987	 0.00200
49.67200	 2050.00	 963	 3852.00	 988	 0.00200
49.72200	 2050.00	 963	 3852.00	 989	 0.00200
49.77200	 2050.00	 963	 3852.00	 990	 0.00200
49.82200	 2050.00	 963	 3852.00	 991	 0.00200
49.87200	 2050.00	 963	 3852.00	 992	 0.00200
49.92200	 2050.00	 963	 3852.00	 993	 0.00200
49.97200	 2050.00	 963	 3852.00	 994	 0.00200
50.02200	 2050.00	 963	 3852.00	 995	 0.00200
50.07200	 2050.00	 963	 3852.00	 996	 0.00200
50.12200	 2050.00	 963	 3852.00	 997	 0.00200
50.17200	 2050.00	 963	 3852.00	 998	 0.00200
50.22200	 2050.00	 963	 3852.00	 999	 0.00200
50.27200	 2000.00	 962	 3848.00	 1000	 0.00200
50.32200	 2000.00	 960	 3840.00	 1001	 0.00200
50.37200	 2000.00	 893	 3572.00	 1002	 0.00200
50.42200	 2000.00	 953	 3812.00	 1003	 0.00200
50.47200	 2000.00	 953	 3812.00	 1004	 0.00300
50.52200	 2000.00	 953	 3812.00	 1005	 0.00200
50.57200	 2000.00	 953	 3812.00	 1006	 0.00200
50.62200	 2000.00	 953	 3812.00	 1007	 0.00200
50.67200	 2000.00	 953	 3812.00	 1008	 0.00200
50.72200	 2000.00	 953	 3812.00	 1009	 0.00200
50.77200	 2000.00	 953	 3812.00	 1010	 0.00300
50.82200	 2000.00	 953	 3812.00	 1011	 0.00200
50.87200	 2000.00	 953	 3812.00	 1012	 0.00200
50.92200	 2000.00	 953	 3812.00	 1013	 0.00200
50.97200	 2000.00	 953	 3812.00	 1014	 0.00200
51.02200	 2000.00	 953	 3812.00	 1015	 0.00200
51.07200	 2000.00	 953	 3812.00	 1016	 0.00200
51.12200	 2000.00	 953	 3812.00	 1017	 0.00200
51.17200	 2000.00	 953	 3812.00	 1018	 0.00200
51.22200	 2000.00	 953	 3812.00	 1019	 0.00200
51.27200	 2000.00	 953	 3812.00	 1020	 0.00200
51.32200	 2000.00	 953	 3812.00	 1021	 0.00200
51.37200	 2000.00	 952	 3808.00	 1022	 0.00200
51.42200	 2000.00	 953	 3812.00	 1023	 0.00200
51.47200	 2000.00	 952	 3808.00	 1024	 0.00200
51.52200	 2000.00	 953	 3812.00	 1025	 0.00200
51.57200	 2000.00	 953	 3812.00	 1026	 0.00200
51.62200	 2000.00	 953	 3812.00	 1027	 0.00200
51.67200	 2000.00	 953	 3812.00	 1028	 0.00200
51.72200	 2000.00	 953	 3812.00	 1029	 0.00200
51.77200	 2000.00	 953	 3812.00	 1030	 0.00200
51.82200	 2000.00	 953	 3812.00	 1031	 0.00200
51.87200	 2000.00	 953	 3812.00	 1032	 0.00200
51.92200	 2000.00	 953	 3812.00	 1033	 0.00200
51.97200	 2000.00	 953	 3812.00	 1034	 0.00200
52.02200	 2000.00	 953	 3812.00	 1035	 0.00200
52.07200	 2000.00	 953	 3812.00	 1036	 0.00200
52.12200	 2000.00	 953	 3812.00	 1037	 0.00200
52.17200	 2000.00	 953	 3812.00	 1038	 0.00200
52.22200	 2000.00	 953	 3812.00	 1039	 0.00300
52.27200	 2000.00	 953	 3812.00	 1040	 0.00200
52.32200	 2000.00	 953	 3812.00	 1041	 0.00200
52.37200	 2000.00	 953	 3812.00	 1042	 0.00200
52.42200	 2000.00	 953	 3812.00	 1043	 0.00200
52.47200	 2000.00	 953	 3812.00	 1044	 0.00200
52.52300	 2000.00	 953	 3812.00	 1045	 0.00200
52.57300	 2000.00	 953	 3812.00	 1046	 0.00200
52.62300	 2000.00	 953	 3812.00	 1047	 0.00200
52.67300	 2000.00	 953	 3812.00	 1048	 0.00200
52.72300	 2000.00	 953	 3812.00	 1049	 0.00200
52.77300	 1950.00	 952	 3808.00	 1050	 0.00200
52.82300	 1950.00	 950	 3800.00	 1051	 0.00200
52.87300	 1950.00	 945	 3780.00	 1052	 0.00200
52.92300	 1950.00	 944	 3776.00	 1053	 0.00200
52.97300	 1950.00	 944	 3776.00	 1054	 0.00200
53.02300	 1950.00	 944	 3776.00	 1055	 0.00200
53.07300	 1950.00	 944	 3776.00	 1056	 0.00200
53.12300	 1950.00	 944	 3776.00	 1057	 0.00200
53.17300	 1950.00	 944	 3776.00	 1058	 0.00200
53.22300	 1950.00	 944	 3776.00	 1059	 0.00200
53.27300	 1950.00	 944	 3776.00	 1060	 0.00200
53.32300	 1950.00	 944	 3776.00	 1061	 0.00200
53.37300	 1950.00	 944	 3776.00	 1062	 0.00300
53.42300	 1950.00	 944	 3776.00	 1063	 0.00200
53.47300	 1950.00	 944	 3776.00	 1064	 0.00200
53.52300	 1950.00	 944	 3776.00	 1065	 0.00200
53.57300	 1950.00	 944	 3776.00	 1066	 0.00200
53.62300	 1950.00	 944	 3776.00	 1067	 0.00200
53.67300	 1950.00	 944	 3776.00	 1068	 0.00300
53.72300	 1950.00	 944	 3776.00	 1069	 0.00200
53.77300	 1950.00	 944	 3776.00	 1070	 0.00200
53.82300	 1950.00	 944	 3776.00	 1071	 0.00200
53.87300	 1950.00	 944	 3776.00	 1072	 0.00200
53.92300	 1950.00	 944	 3776.00	 1073	 0.00200
53.97400	 1950.00	 944	 3776.00	 1074	 0.00200
54.02400	 1950.00	 943	 3772.00	 1075	 0.00200
54.07400	 1950.00	 944	 3776.00	 1076	 0.00200
54.12400	 1950.00	 944	 3776.00	 1077	 0.00200
54.17400	 1950.00	 944	 3776.00	 1078	 0.00200
54.22400	 1950.00	 944	 3776.00	 1079	 0.00200
54.27400	 1950.00	 944	 3776.00	 1080	 0.00200
54.32400	 1950.00	 944	 3776.00	 1081	 0.00200
54.37400	 1950.00	 944	 3776.00	 1082	 0.00200
54.42400	 1950.00	 944	 3776.00	 1083	 0.00200
54.47400	 1950.00	 944	 3776.00	 1084	 0.00200
54.52400	 1950.00	 944	 3776.00	 1085	 0.00200
54.57400	 1950.00	 944	 3776.00	 1086	 0.00200
54.62400	 1950.00	 943	 3772.00	 1087	 0.00200
54.67400	 1950.00	 944	 3776.00	 1088	 0.00200
54.72400	 1950.00	 944	 3776.00	 1089	 0.00200
54.77400	 1950.00	 943	 3772.00	 1090	 0.00200
54.82400	 1950.00	 944	 3776.00	 1091	 0.00300
54.87400	 1950.00	 944	 3776.00	 1092	 0.00200
54.92400	 1950.00	 943	 3772.00	 1093	 0.00200
54.97400	 1950.00	 944	 3776.00	 1094	 0.00200
55.02400	 1950.00	 944	 3776.00	 1095	 0.00200
55.07400	 1950.00	 944	 3776.00	 1096	 0.00200
55.12400	 1950.00	 944	 3776.00	 1097	 0.00300
55.17400	 1950.00	 944	 3776.00	 1098	 0.00200
55.22400	 1950.00	 944	 3776.00	 1099	 0.00200
55.27400	 1900.00	 944	 3776.00	 1100	 0.00200
55.32400	 1900.00	 940	 3760.00	 1101	 0.00200
55.37400	 1900.00	 932	 3728.00	 1102	 0.00200
55.42400	 1900.00	 931	 3724.00	 1103	 0.00200
55.47400	 1900.00	 931	 3724.00	 1104	 0.00200
55.52400	 1900.00	 931	 3724.00	 1105	 0.00200
55.57400	 1900.00	 931	 3724.00	 1106	 0.00200
55.62400	 1900.00	 931	 3724.00	 1107	 0.00200
55.67400	 1900.00	 931	 3724.00	 1108	 0.00200
55.72400	 1900.00	 931	 3724.00	 1109	 0.00200
55.77400	 1900.00	 931	 3724.00	 1110	 0.00200
55.82400	 1900.00	 931	 3724.00	 1111	 0.00200
55.87400	 1900.00	 931	 3724.00	 1112	 0.00200
55.92400	 1900.00	 931	 3724.00	 1113	 0.00200
55.97400	 1900.00	 931	 3724.00	 1114	 0.00200
56.02400	 1900.00	 931	 3724.00	 1115	 0.00200
56.07400	 1900.00	 931	 3724.00	 1116	 0.00200
56.12400	 1900.00	 931	 3724.00	 1117	 0.00200
56.17400	 1900.00	 931	 3724.00	 1118	 0.00200
56.22400	 1900.00	 930	 3720.00	 1119	 0.00200
56.27400	 1900.00	 930	 3720.00	 1120	 0.00200
56.32400	 1900.00	 931	 3724.00	 1121	 0.00200
56.37400	 1900.00	 931	 3724.00	 1122	 0.00200
56.42400	 1900.00	 930	 3720.00	 1123	 0.00200
56.47400	 1900.00	 931	 3724.00	 1124	 0.00200
56.52400	 1900.00	 930	 3720.00	 1125	 0.00200
56.57400	 1900.00	 931	 3724.00	 1126	 0.00300
56.62400	 1900.00	 930	 3720.00	 1127	 0.00200
56.67400	 1900.00	 930	 3720.00	 1128	 0.00200
56.72400	 1900.00	 931	 3724.00	 1129	 0.00200
56.77400	 1900.00	 931	 3724.00	 1130	 0.00200
56.82400	 1900.00	 931	 3724.00	 1131	 0.00200
56.87500	 1900.00	 930	 3720.00	 1132	 0.00200
56.92500	 1900.00	 931	 3724.00	 1133	 0.00200
56.97500	 1900.00	 930	 3720.00	 1134	 0.00200
57.02500	 1900.00	 930	 3720.00	 1135	 0.00200
57.07500	 1900.00	 931	 3724.00	 1136	 0.00200
57.12500	 1900.00	 931	 3724.00	 1137	 0.00200
57.17500	 1900.00	 930	 3720.00	 1138	 0.00200
57.22500	 1900.00	 931	 3724.00	 1139	 0.00200
57.27500	 1900.00	 930	 3720.00	 1140	 0.00200
57.32500	 1900.00	 930	 3720.00	 1141	 0.00200
57.37500	 1900.00	 930	 3720.00	 1142	 0.00200
57.42500	 1900.00	 931	 3724.00	 1143	 0.00200
57.47500	 1900.00	 930	 3720.00	 1144	 0.00200
57.52500	 1900.00	 931	 3724.00	 1145	 0.00200
57.57500	 1900.00	 931	 3724.00	 1146	 0.00200
57.62500	 1900.00	 930	 3720.00	 1147	 0.00200
57.67500	 1900.00	 931	 3724.00	 1148	 0.00200
57.72500	 1900.00	 931	 3724.00	 1149	 0.00300
57.77500	 1850.00	 930	 3720.00	 1150	 0.00200
57.82500	 1850.00	 928	 3712.00	 1151	 0.00200
57.87500	 1850.00	 922	 3688.00	 1152	 0.00200
57.92500	 1850.00	 920	 3680.00	 1153	 0.00200
57.97500	 1850.00	 920	 3680.00	 1154	 0.00200
58.02500	 1850.00	 921	 3684.00	 1155	 0.00300
58.07500	 1850.00	 921	 3684.00	 1156	 0.00200
58.12500	 1850.00	 919	 3676.00	 1157	 0.00200
58.17500	 1850.00	 920	 3680.00	 1158	 0.00200
58.22500	 1850.00	 920	 3680.00	 1159	 0.00200
58.27500	 1850.00	 920	 3680.00	 1160	 0.00200
58.32600	 1850.00	 921	 3684.00	 1161	 0.00200
58.37600	 1850.00	 920	 3680.00	 1162	 0.00200
58.42600	 1850.00	 920	 3680.00	 1163	 0.00200
58.47600	 1850.00	 921	 3684.00	 1164	 0.00200
58.52600	 1850.00	 920	 3680.00	 1165	 0.00200
58.57600	 1850.00	 920	 3680.00	 1166	 0.00200
58.62600	 1850.00	 920	 3680.00	 1167	 0.00200
58.67600	 1850.00	 921	 3684.00	 1168	 0.00200
58.72600	 1850.00	 920	 3680.00	 1169	 0.00200
58.77600	 1850.00	 920	 3680.00	 1170	 0.00200
58.82600	 1850.00	 921	 3684.00	 1171	 0.00200
58.87600	 1850.00	 919	 3676.00	 1172	 0.00200
58.92600	 1850.00	 920	 3680.00	 1173	 0.00200
58.97600	 1850.00	 920	 3680.00	 1174	 0.00200
59.02600	 1850.00	 919	 3676.00	 1175	 0.00200
59.07600	 1850.00	 920	 3680.00	 1176	 0.00200
59.12600	 1850.00	 920	 3680.00	 1177	 0.00200
59.17600	 1850.00	 921	 3684.00	 1178	 0.00300
59.22600	 1850.00	 920	 3680.00	 1179	 0.00200
59.27600	 1850.00	 920	 3680.00	 1180	 0.00200
59.32600	 1850.00	 920	 3680.00	 1181	 0.00200
59.37600	 1850.00	 921	 3684.00	 1182	 0.00200
59.42600	 1850.00	 921	 3684.00	 1183	 0.00200
59.47600	 1850.00	 920	 3680.00	 1184	 0.00300
59.52600	 1850.00	 921	 3684.00	 1185	 0.00200
59.57600	 1850.00	 920	 3680.00	 1186	 0.00200
59.62600	 1850.00	 920	 3680.00	 1187	 0.00200
59.67600	 1850.00	 920	 3680.00	 1188	 0.00200
59.72600	 1850.00	 920	 3680.00	 1189	 0.00200
59.77600	 1850.00	 921	 3684.00	 1190	 0.00200
59.82600	 1850.00	 920	 3680.00	 1191	 0.00200
59.87600	 1850.00	 920	 3680.00	 1192	 0.00200
59.92600	 1850.00	 920	 3680.00	 1193	 0.00200
59.97600	 1850.00	 920	 3680.00	 1194	 0.00200
60.02600	 1850.00	 920	 3680.00	 1195	 0.00200
60.07600	 1850.00	 920	 3680.00	 1196	 0.00200
60.12600	 1850.00	 920	 3680.00	 1197	 0.00200
60.17600	 1850.00	 920	 3680.00	 1198	 0.00200
60.22600	 1850.00	 920	 3680.00	 1199	 0.00200
60.27600	 1800.00	 920	 3680.00	 1200	 0.00200
60.32600	 1800.00	 917	 3668.00	 1201	 0.00200
60.37600	 1800.00	 848	 3392.00	 1202	 0.00200
60.42600	 1800.00	 910	 3640.00	 1203	 0.00200
60.47600	 1800.00	 910	 3640.00	 1204	 0.00200
60.52600	 1800.00	 909	 3636.00	 1205	 0.00200
60.57600	 1800.00	 909	 3636.00	 1206	 0.00200
60.62600	 1800.00	 910	 3640.00	 1207	 0.00200
60.67600	 1800.00	 910	 3640.00	 1208	 0.00200
60.72600	 1800.00	 909	 3636.00	 1209	 0.00200
60.77600	 1800.00	 909	 3636.00	 1210	 0.00200
60.82600	 1800.00	 909	 3636.00	 1211	 0.00200
60.87600	 1800.00	 909	 3636.00	 1212	 0.00200
60.92600	 1800.00	 909	 3636.00	 1213	 0.00300
60.97600	 1800.00	 909	 3636.00	 1214	 0.00200
61.02600	 1800.00	 910	 3640.00	 1215	 0.00200
61.07600	 1800.00	 909	 3636.00	 1216	 0.00200
61.12600	 1800.00	 909	 3636.00	 1217	 0.00200
61.17600	 1800.00	 909	 3636.00	 1218	 0.00200
61.22700	 1800.00	 909	 3636.00	 1219	 0.00200
61.27700	 1800.00	 909	 3636.00	 1220	 0.00200
61.32700	 1800.00	 909	 3636.00	 1221	 0.00200
61.37700	 1800.00	 909	 3636.00	 1222	 0.00200
61.42700	 1800.00	 909	 3636.00	 1223	 0.00200
61.47700	 1800.00	 909	 3636.00	 1224	 0.00200
61.52700	 1800.00	 909	 3636.00	 1225	 0.00200
61.57700	 1800.00	 909	 3636.00	 1226	 0.00200
61.62700	 1800.00	 908	 3632.00	 1227	 0.00200
61.67700	 1800.00	 909	 3636.00	 1228	 0.00200
61.72700	 1800.00	 909	 3636.00	 1229	 0.00200
61.77700	 1800.00	 910	 3640.00	 1230	 0.00200
61.82700	 1800.00	 909	 3636.00	 1231	 0.00200
61.87700	 1800.00	 909	 3636.00	 1232	 0.00200
61.92700	 1800.00	 909	 3636.00	 1233	 0.00200
61.97700	 1800.00	 909	 3636.00	 1234	 0.00200
62.02700	 1800.00	 909	 3636.00	 1235	 0.00200
62.07700	 1800.00	 909	 3636.00	 1236	 0.00300
62.12700	 1800.00	 909	 3636.00	 1237	 0.00200
62.17700	 1800.00	 909	 3636.00	 1238	 0.00200
62.22700	 1800.00	 909	 3636.00	 1239	 0.00200
62.27700	 1800.00	 910	 3640.00	 1240	 0.00200
62.32700	 1800.00	 909	 3636.00	 1241	 0.00200
62.37700	 1800.00	 909	 3636.00	 1242	 0.00300
62.42700	 1800.00	 909	 3636.00	 1243	 0.00200
62.47700	 1800.00	 909	 3636.00	 1244	 0.00200
62.52700	 1800.00	 909	 3636.00	 1245	 0.00200
62.57700	 1800.00	 909	 3636.00	 1246	 0.00200
62.62700	 1800.00	 909	 3636.00	 1247	 0.00200
62.67800	 1800.00	 910	 3640.00	 1248	 0.00200
62.72800	 1800.00	 909	 3636.00	 1249	 0.00200
62.77800	 1750.00	 909	 3636.00	 1250	 0.00200
62.82800	 1750.00	 906	 3624.00	 1251	 0.00200
62.87800	 1750.00	 901	 3604.00	 1252	 0.00200
62.92800	 1750.00	 899	 3596.00	 1253	 0.00200
62.97800	 1750.00	 898	 3592.00	 1254	 0.00200
63.02800	 1750.00	 898	 3592.00	 1255	 0.00200
63.07800	 1750.00	 898	 3592.00	 1256	 0.00200
63.12800	 1750.00	 898	 3592.00	 1257	 0.00200
63.17800	 1750.00	 898	 3592.00	 1258	 0.00200
63.22800	 1750.00	 898	 3592.00	 1259	 0.00200
63.27800	 1750.00	 898	 3592.00	 1260	 0.00200
63.32800	 1750.00	 898	 3592.00	 1261	 0.00200
63.37800	 1750.00	 898	 3592.00	 1262	 0.00200
63.42800	 1750.00	 898	 3592.00	 1263	 0.00200
63.47800	 1750.00	 898	 3592.00	 1264	 0.00200
63.52800	 1750.00	 898	 3592.00	 1265	 0.00300
63.57800	 1750.00	 898	 3592.00	 1266	 0.00200
63.62800	 1750.00	 898	 3592.00	 1267	 0.00200
63.67800	 1750.00	 898	 3592.00	 1268	 0.00200
63.72800	 1750.00	 898	 3592.00	 1269	 0.00200
63.77800	 1750.00	 898	 3592.00	 1270	 0.00200
63.82800	 1750.00	 899	 3596.00	 1271	 0.00300
63.87800	 1750.00	 898	 3592.00	 1272	 0.00200
63.92800	 1750.00	 898	 3592.00	 1273	 0.00200
63.97800	 1750.00	 898	 3592.00	 1274	 0.00200
64.02800	 1750.00	 898	 3592.00	 1275	 0.00200
64.07801	 1750.00	 898	 3592.00	 1276	 0.00200
64.12800	 1750.00	 898	 3592.00	 1277	 0.00200
64.17800	 1750.00	 898	 3592.00	 1278	 0.00200
64.22800	 1750.00	 898	 3592.00	 1279	 0.00200
64.27800	 1750.00	 898	 3592.00	 1280	 0.00200
64.32801	 1750.00	 897	 3588.00	 1281	 0.00200
64.37800	 1750.00	 898	 3592.00	 1282	 0.00200
64.42800	 1750.00	 898	 3592.00	 1283	 0.00200
64.47800	 1750.00	 898	 3592.00	 1284	 0.00200
64.52800	 1750.00	 898	 3592.00	 1285	 0.00200
64.57801	 1750.00	 898	 3592.00	 1286	 0.00200
64.62800	 1750.00	 897	 3588.00	 1287	 0.00200
64.67800	 1750.00	 898	 3592.00	 1288	 0.00200
64.72800	 1750.00	 898	 3592.00	 1289	 0.00200
64.77800	 1750.00	 898	 3592.00	 1290	 0.00200
64.82801	 1750.00	 898	 3592.00	 1291	 0.00200
64.87800	 1750.00	 898	 3592.00	 1292	 0.00200
64.92800	 1750.00	 898	 3592.00	 1293	 0.00200
64.97800	 1750.00	 898	 3592.00	 1294	 0.00200
65.02800	 1750.00	 898	 3592.00	 1295	 0.00200
65.07801	 1750.00	 898	 3592.00	 1296	 0.00200
65.12800	 1750.00	 898	 3592.00	 1297	 0.00200
65.17800	 1750.00	 898	 3592.00	 1298	 0.00200
65.22800	 1750.00	 897	 3588.00	 1299	 0.00200
65.27800	 1700.00	 898	 3592.00	 1300	 0.00300
65.32801	 1700.00	 896	 3584.00	 1301	 0.00200
65.37800	 1700.00	 841	 3364.00	 1302	 0.00200
65.42800	 1700.00	 891	 3564.00	 1303	 0.00200
65.47800	 1700.00	 890	 3560.00	 1304	 0.00200
65.52800	 1700.00	 888	 3552.00	 1305	 0.00200
65.57901	 1700.00	 887	 3548.00	 1306	 0.00200
65.62900	 1700.00	 887	 3548.00	 1307	 0.00200
65.67900	 1700.00	 886	 3544.00	 1308	 0.00200
65.72900	 1700.00	 886	 3544.00	 1309	 0.00200
65.77900	 1700.00	 886	 3544.00	 1310	 0.00200
65.82901	 1700.00	 886	 3544.00	 1311	 0.00200
65.87900	 1700.00	 885	 3540.00	 1312	 0.00200
65.92900	 1700.00	 885	 3540.00	 1313	 0.00200
65.97900	 1700.00	 886	 3544.00	 1314	 0.00200
66.02900	 1700.00	 885	 3540.00	 1315	 0.00200
66.07901	 1700.00	 885	 3540.00	 1316	 0.00200
66.12900	 1700.00	 885	 3540.00	 1317	 0.00200
66.17900	 1700.00	 885	 3540.00	 1318	 0.00200
66.22900	 1700.00	 886	 3544.00	 1319	 0.00200
66.27900	 1700.00	 885	 3540.00	 1320	 0.00200
66.32901	 1700.00	 886	 3544.00	 1321	 0.00200
66.37900	 1700.00	 885	 3540.00	 1322	 0.00200
66.42900	 1700.00	 886	 3544.00	 1323	 0.00300
66.47900	 1700.00	 885	 3540.00	 1324	 0.00200
66.52900	 1700.00	 885	 3540.00	 1325	 0.00200
66.57901	 1700.00	 886	 3544.00	 1326	 0.00200
66.62900	 1700.00	 885	 3540.00	 1327	 0.00200
66.67900	 1700.00	 885	 3540.00	 1328	 0.00200
66.72900	 1700.00	 886	 3544.00	 1329	 0.00300
66.77900	 1700.00	 885	 3540.00	 1330	 0.00200
66.82901	 1700.00	 886	 3544.00	 1331	 0.00200
66.87900	 1700.00	 885	 3540.00	 1332	 0.00200
66.92900	 1700.00	 885	 3540.00	 1333	 0.00200
66.97900	 1700.00	 886	 3544.00	 1334	 0.00200
67.03000	 1700.00	 886	 3544.00	 1335	 0.00200
67.08000	 1700.00	 885	 3540.00	 1336	 0.00200
67.13000	 1700.00	 886	 3544.00	 1337	 0.00200
67.18000	 1700.00	 885	 3540.00	 1338	 0.00200
67.23001	 1700.00	 884	 3536.00	 1339	 0.00200
67.28000	 1700.00	 885	 3540.00	 1340	 0.00200
67.33000	 1700.00	 885	 3540.00	 1341	 0.00200
67.38000	 1700.00	 886	 3544.00	 1342	 0.00200
67.43000	 1700.00	 885	 3540.00	 1343	 0.00200
67.48001	 1700.00	 885	 3540.00	 1344	 0.00200
67.53000	 1700.00	 886	 3544.00	 1345	 0.00200
67.58000	 1700.00	 885	 3540.00	 1346	 0.00200
67.63000	 1700.00	 885	 3540.00	 1347	 0.00200
67.68000	 1700.00	 886	 3544.00	 1348	 0.00200
67.73001	 1700.00	 885	 3540.00	 1349	 0.00200
67.78000	 1650.00	 886	 3544.00	 1350	 0.00200
67.83000	 1650.00	 883	 3532.00	 1351	 0.00200
67.88000	 1650.00	 879	 3516.00	 1352	 0.00300
67.93000	 1650.00	 878	 3512.00	 1353	 0.00200
67.98001	 1650.00	 878	 3512.00	 1354	 0.00200
68.03000	 1650.00	 877	 3508.00	 1355	 0.00200
68.08000	 1650.00	 876	 3504.00	 1356	 0.00200
68.13000	 1650.00	 875	 3500.00	 1357	 0.00200
68.18000	 1650.00	 874	 3496.00	 1358	 0.00300
68.23001	 1650.00	 874	 3496.00	 1359	 0.00200
68.28000	 1650.00	 874	 3496.00	 1360	 0.00200
68.33000	 1650.00	 874	 3496.00	 1361	 0.00200
68.38000	 1650.00	 874	 3496.00	 1362	 0.00200
68.43000	 1650.00	 875	 3500.00	 1363	 0.00200
68.48001	 1650.00	 874	 3496.00	 1364	 0.00200
68.53000	 1650.00	 874	 3496.00	 1365	 0.00200
68.58000	 1650.00	 874	 3496.00	 1366	 0.00200
68.63000	 1650.00	 874	 3496.00	 1367	 0.00200
68.68000	 1650.00	 874	 3496.00	 1368	 0.00200
68.73001	 1650.00	 874	 3496.00	 1369	 0.00200
68.78000	 1650.00	 874	 3496.00	 1370	 0.00200
68.83000	 1650.00	 874	 3496.00	 1371	 0.00200
68.88000	 1650.00	 874	 3496.00	 1372	 0.00200
68.93000	 1650.00	 874	 3496.00	 1373	 0.00200
68.98001	 1650.00	 874	 3496.00	 1374	 0.00200
69.03000	 1650.00	 873	 3492.00	 1375	 0.00200
69.08000	 1650.00	 874	 3496.00	 1376	 0.00200
69.13000	 1650.00	 874	 3496.00	 1377	 0.00200
69.18000	 1650.00	 874	 3496.00	 1378	 0.00200
69.23001	 1650.00	 874	 3496.00	 1379	 0.00200
69.28000	 1650.00	 874	 3496.00	 1380	 0.00200
69.33000	 1650.00	 874	 3496.00	 1381	 0.00200
69.38000	 1650.00	 874	 3496.00	 1382	 0.00200
69.43000	 1650.00	 874	 3496.00	 1383	 0.00200
69.48001	 1650.00	 874	 3496.00	 1384	 0.00200
69.53000	 1650.00	 874	 3496.00	 1385	 0.00200
69.58000	 1650.00	 874	 3496.00	 1386	 0.00200
69.63000	 1650.00	 874	 3496.00	 1387	 0.00300
69.68000	 1650.00	 874	 3496.00	 1388	 0.00200
69.73001	 1650.00	 874	 3496.00	 1389	 0.00200
69.78000	 1650.00	 874	 3496.00	 1390	 0.00200
69.83000	 1650.00	 874	 3496.00	 1391	 0.00200
69.88000	 1650.00	 874	 3496.00	 1392	 0.00200
69.93100	 1650.00	 874	 3496.00	 1393	 0.00200
69.98101	 1650.00	 874	 3496.00	 1394	 0.00200
70.03100	 1650.00	 874	 3496.00	 1395	 0.00200
70.08100	 1650.00	 874	 3496.00	 1396	 0.00200
70.13100	 1650.00	 874	 3496.00	 1397	 0.00200
70.18100	 1650.00	 873	 3492.00	 1398	 0.00200
70.23101	 1650.00	 874	 3496.00	 1399	 0.00200
70.28100	 1650.00	 874	 3496.00	 1400	 0.00200
70.33100	 1650.00	 874	 3496.00	 1401	 0.00200
70.38100	 1650.00	 874	 3496.00	 1402	 0.00200
70.43100	 1650.00	 874	 3496.00	 1403	 0.00200
70.48101	 1650.00	 874	 3496.00	 1404	 0.00200
70.53100	 1650.00	 874	 3496.00	 1405	 0.00200
70.58100	 1650.00	 873	 3492.00	 1406	 0.00200
70.63100	 1650.00	 874	 3496.00	 1407	 0.00200
70.68100	 1650.00	 874	 3496.00	 1408	 0.00200
70.73101	 1650.00	 874	 3496.00	 1409	 0.00200
70.78100	 1650.00	 874	 3496.00	 1410	 0.00300
70.83100	 1650.00	 874	 3496.00	 1411	 0.00200
70.88100	 1650.00	 874	 3496.00	 1412	 0.00200
70.93100	 1650.00	 874	 3496.00	 1413	 0.00200
70.98101	 1650.00	 874	 3496.00	 1414	 0.00200
71.03100	 1650.00	 874	 3496.00	 1415	 0.00200
71.08100	 1650.00	 874	 3496.00	 1416	 0.00300
71.13100	 1650.00	 874	 3496.00	 1417	 0.00200
71.18100	 1650.00	 875	 3500.00	 1418	 0.00200
71.23101	 1650.00	 874	 3496.00	 1419	 0.00200
71.28100	 1650.00	 874	 3496.00	 1420	 0.00200
71.33100	 1650.00	 874	 3496.00	 1421	 0.00200
71.38201	 1650.00	 873	 3492.00	 1422	 0.00200
71.43200	 1650.00	 874	 3496.00	 1423	 0.00200
71.48200	 1650.00	 874	 3496.00	 1424	 0.00200
71.53200	 1650.00	 875	 3500.00	 1425	 0.00200
71.58200	 1650.00	 875	 3500.00	 1426	 0.00200
71.63201	 1650.00	 874	 3496.00	 1427	 0.00200
71.68200	 1650.00	 874	 3496.00	 1428	 0.00200
71.73200	 1650.00	 874	 3496.00	 1429	 0.00200
71.78200	 1650.00	 874	 3496.00	 1430	 0.00200
71.83200	 1650.00	 874	 3496.00	 1431	 0.00200
71.88201	 1650.00	 875	 3500.00	 1432	 0.00200
71.93200	 1650.00	 874	 3496.00	 1433	 0.00200
71.98200	 1650.00	 874	 3496.00	 1434	 0.00200
72.03200	 1650.00	 874	 3496.00	 1435	 0.00200
72.08200	 1650.00	 873	 3492.00	 1436	 0.00200
72.13201	 1650.00	 874	 3496.00	 1437	 0.00200
72.18200	 1650.00	 874	 3496.00	 1438	 0.00200
72.23200	 1650.00	 874	 3496.00	 1439	 0.00300
72.28200	 1650.00	 874	 3496.00	 1440	 0.00200
72.33200	 1650.00	 875	 3500.00	 1441	 0.00200
72.38201	 1650.00	 874	 3496.00	 1442	 0.00200
72.43200	 1650.00	 874	 3496.00	 1443	 0.00200
72.48200	 1650.00	 873	 3492.00	 1444	 0.00200
72.53200	 1650.00	 874	 3496.00	 1445	 0.00300
72.58200	 1650.00	 873	 3492.00	 1446	 0.00200
72.63201	 1650.00	 874	 3496.00	 1447	 0.00200
72.68200	 1650.00	 875	 3500.00	 1448	 0.00200
72.73200	 1650.00	 874	 3496.00	 1449	 0.00200
72.78200	 1650.00	 874	 3496.00	 1450	 0.00200
72.83200	 1650.00	 874	 3496.00	 1451	 0.00200
72.88201	 1650.00	 874	 3496.00	 1452	 0.00200
72.93200	 1650.00	 874	 3496.00	 1453	 0.00200
72.98200	 1650.00	 874	 3496.00	 1454	 0.00200
73.03200	 1650.00	 874	 3496.00	 1455	 0.00200
73.08200	 1650.00	 874	 3496.00	 1456	 0.00200
73.13201	 1650.00	 874	 3496.00	 1457	 0.00200
73.18200	 1650.00	 875	 3500.00	 1458	 0.00200
73.23200	 1650.00	 874	 3496.00	 1459	 0.00200
73.28200	 1650.00	 874	 3496.00	 1460	 0.00200
73.33200	 1650.00	 874	 3496.00	 1461	 0.00200
73.38201	 1650.00	 874	 3496.00	 1462	 0.00200
73.43200	 1650.00	 874	 3496.00	 1463	 0.00200
73.48200	 1650.00	 874	 3496.00	 1464	 0.00200
73.53200	 1650.00	 874	 3496.00	 1465	 0.00200
73.58200	 1650.00	 874	 3496.00	 1466	 0.00200
73.63201	 1650.00	 874	 3496.00	 1467	 0.00200
73.68200	 1650.00	 874	 3496.00	 1468	 0.00200
73.73200	 1650.00	 874	 3496.00	 1469	 0.00200
73.78200	 1650.00	 874	 3496.00	 1470	 0.00200
73.83200	 1650.00	 874	 3496.00	 1471	 0.00200
73.88201	 1650.00	 874	 3496.00	 1472	 0.00200
73.93200	 1650.00	 874	 3496.00	 1473	 0.00200
73.98200	 1650.00	 874	 3496.00	 1474	 0.00300