2.49900	 1651.00	 110	 42.18	 0.00200
2.52400	 1652.00	 109	 42.46	 0.00200
2.54900	 1653.00	 109	 42.46	 0.00200
2.57400	 1654.00	 109	 42.46	 0.00200
2.59900	 1655.00	 109	 42.46	 0.00200
2.62400	 1656.00	 109	 42.46	 0.00200
2.64900	 1657.00	 109	 42.46	 0.00200
2.67400	 1658.00	 109	 42.46	 0.00200
2.69900	 1659.00	 109	 42.46	 0.00200
2.72400	 1660.00	 109	 42.46	 0.00200
2.74900	 1661.00	 109	 42.46	 0.00200
2.77400	 1662.00	 109	 42.46	 0.00200
2.79900	 1663.00	 109	 42.46	 0.00200
2.82400	 1664.00	 109	 42.46	 0.00200
2.84900	 1665.00	 110	 42.18	 0.00200
2.87400	 1666.00	 109	 42.46	 0.00200
2.89900	 1667.00	 109	 42.46	 0.00300
2.92400	 1668.00	 110	 42.18	 0.00200
2.94900	 1669.00	 110	 42.18	 0.00200
2.97400	 1670.00	 110	 42.18	 0.00200
2.99900	 1671.00	 110	 42.18	 0.00200
3.02400	 1672.00	 111	 41.90	 0.00200
3.04900	 1673.00	 111	 41.90	 0.00200
3.07400	 1674.00	 112	 41.61	 0.00200
3.09900	 1675.00	 111	 41.90	 0.00200
3.12400	 1676.00	 112	 41.61	 0.00200
3.14900	 1677.00	 112	 41.61	 0.00200
3.17400	 1678.00	 112	 41.61	 0.00200
3.20000	 1679.00	 113	 41.33	 0.00200
3.22500	 1680.00	 113	 41.33	 0.00200
3.25000	 1681.00	 113	 41.33	 0.00200
3.27500	 1682.00	 134	 35.41	 0.00200
3.30000	 1683.00	 114	 41.05	 0.00200
3.32500	 1684.00	 114	 41.05	 0.00300
3.35000	 1685.00	 114	 41.05	 0.00200
3.37500	 1686.00	 114	 41.05	 0.00200
3.40000	 1687.00	 115	 40.77	 0.00200
3.42500	 1688.00	 115	 40.77	 0.00200
3.45000	 1689.00	 115	 40.77	 0.00200
3.47500	 1690.00	 112	 41.61	 0.00200
3.50000	 1691.00	 116	 40.49	 0.00200
3.52500	 1692.00	 116	 40.49	 0.00200
3.55000	 1693.00	 117	 40.20	 0.00200
3.57500	 1694.00	 132	 35.98	 0.00200
3.60000	 1695.00	 117	 40.20	 0.00200
3.62500	 1696.00	 118	 39.92	 0.00300
3.65000	 1697.00	 118	 39.92	 0.00200
3.67500	 1698.00	 118	 39.92	 0.00200
3.70000	 1699.00	 118	 39.92	 0.00200
3.72500	 1700.00	 119	 39.64	 0.00200
3.75000	 1701.00	 119	 39.64	 0.00200
3.77500	 1702.00	 120	 39.36	 0.00200
3.80000	 1703.00	 120	 39.36	 0.00200
3.82500	 1704.00	 120	 39.36	 0.00200
3.85000	 1705.00	 121	 39.08	 0.00200
3.87500	 1706.00	 128	 37.10	 0.00200
3.90000	 1707.00	 121	 39.08	 0.00200
3.92600	 1708.00	 121	 39.08	 0.00200
3.95100	 1709.00	 121	 39.08	 0.00200
3.97600	 1710.00	 144	 32.60	 0.00200
4.00100	 1711.00	 122	 38.80	 0.00200
4.02600	 1712.00	 123	 38.51	 0.00200
4.05100	 1713.00	 123	 38.51	 0.00300
4.07600	 1714.00	 148	 31.47	 0.00200
4.10100	 1715.00	 124	 38.23	 0.00200
4.12600	 1716.00	 124	 38.23	 0.00200
4.15100	 1717.00	 124	 38.23	 0.00200
4.17600	 1718.00	 148	 31.47	 0.00200
4.20100	 1719.00	 125	 37.95	 0.00200
4.22600	 1720.00	 126	 37.67	 0.00200
4.25100	 1721.00	 126	 37.67	 0.00200
4.27600	 1722.00	 147	 31.75	 0.00200
4.30100	 1723.00	 126	 37.67	 0.00200
4.32600	 1724.00	 127	 37.39	 0.00200
4.35200	 1725.00	 127	 37.39	 0.00200
4.37700	 1726.00	 187	 20.48	 0.00200
4.40200	 1727.00	 128	 37.10	 0.00200
4.42700	 1728.00	 128	 37.10	 0.00200
4.45200	 1729.00	 128	 37.10	 0.00200
4.47700	 1730.00	 130	 36.54	 0.00300
4.50200	 1731.00	 128	 37.10	 0.00200
4.52700	 1732.00	 129	 36.82	 0.00200
4.55200	 1733.00	 129	 36.82	 0.00200
4.57700	 1734.00	 153	 30.06	 0.00200
4.60200	 1735.00	 130	 36.54	 0.00200
4.62700	 1736.00	 130	 36.54	 0.00200
4.65200	 1737.00	 131	 36.26	 0.00200
4.67700	 1738.00	 154	 29.78	 0.00200
4.70200	 1739.00	 131	 36.26	 0.00200
4.72700	 1740.00	 132	 35.98	 0.00200
4.75200	 1741.00	 132	 35.98	 0.00200
4.77700	 1742.00	 135	 35.13	 0.00300
4.80200	 1743.00	 132	 35.98	 0.00200
4.82700	 1744.00	 132	 35.98	 0.00200
4.85200	 1745.00	 133	 35.70	 0.00200
4.87700	 1746.00	 154	 29.78	 0.00200
4.90200	 1747.00	 133	 35.70	 0.00200
4.92700	 1748.00	 134	 35.41	 0.00200
4.95200	 1749.00	 134	 35.41	 0.00200
4.97700	 1750.00	 157	 28.93	 0.00200
5.00200	 1751.00	 135	 35.13	 0.00200
5.02700	 1752.00	 135	 35.13	 0.00200
5.05200	 1753.00	 136	 34.85	 0.00200
5.07800	 1754.00	 141	 33.44	 0.00200
5.10300	 1755.00	 136	 34.85	 0.00200
5.12800	 1756.00	 136	 34.85	 0.00200
5.15300	 1757.00	 137	 34.57	 0.00200
5.17800	 1758.00	 137	 34.57	 0.00200
5.20300	 1759.00	 137	 34.57	 0.00300
5.22800	 1760.00	 137	 34.57	 0.00200
5.25300	 1761.00	 137	 34.57	 0.00200
5.27800	 1762.00	 138	 34.29	 0.00200
5.30300	 1763.00	 138	 34.29	 0.00200
5.32800	 1764.00	 138	 34.29	 0.00200
5.35300	 1765.00	 139	 34.01	 0.00200
5.37800	 1766.00	 146	 32.03	 0.00200
5.40300	 1767.00	 140	 33.72	 0.00200
5.42800	 1768.00	 139	 34.01	 0.00200
5.45300	 1769.00	 140	 33.72	 0.00200
5.47800	 1770.00	 141	 33.44	 0.00200
5.50400	 1771.00	 141	 33.44	 0.00200
5.52900	 1772.00	 141	 33.44	 0.00200
5.55400	 1773.00	 142	 33.16	 0.00200
5.57900	 1774.00	 142	 33.16	 0.00200
5.60400	 1775.00	 142	 33.16	 0.00200
5.62900	 1776.00	 142	 33.16	 0.00300
5.65400	 1777.00	 142	 33.16	 0.00200
5.67900	 1778.00	 142	 33.16	 0.00200
5.70400	 1779.00	 143	 32.88	 0.00200
5.72900	 1780.00	 143	 32.88	 0.00200
5.75400	 1781.00	 144	 32.60	 0.00200
5.77900	 1782.00	 144	 32.60	 0.00200
5.80400	 1783.00	 144	 32.60	 0.00200
5.82900	 1784.00	 145	 32.31	 0.00200
5.85400	 1785.00	 145	 32.31	 0.00200
5.87900	 1786.00	 145	 32.31	 0.00200
5.90400	 1787.00	 146	 32.03	 0.00200
5.92900	 1788.00	 146	 32.03	 0.00300
5.95400	 1789.00	 146	 32.03	 0.00200
5.97900	 1790.00	 146	 32.03	 0.00200
6.00400	 1791.00	 146	 32.03	 0.00200
6.02900	 1792.00	 146	 32.03	 0.00200
6.05400	 1793.00	 146	 32.03	 0.00200
6.07900	 1794.00	 146	 32.03	 0.00200
6.10400	 1795.00	 147	 31.75	 0.00200
6.12900	 1796.00	 147	 31.75	 0.00200
6.15400	 1797.00	 147	 31.75	 0.00200
6.17900	 1798.00	 148	 31.47	 0.00200
6.20400	 1799.00	 148	 31.47	 0.00200
6.23000	 1800.00	 148	 31.47	 0.00200
6.25500	 1801.00	 148	 31.47	 0.00200
6.28000	 1802.00	 148	 31.47	 0.00200
6.30500	 1803.00	 149	 31.19	 0.00200
6.33000	 1804.00	 149	 31.19	 0.00200
6.35500	 1805.00	 149	 31.19	 0.00300
6.38000	 1806.00	 149	 31.19	 0.00200
6.40500	 1807.00	 150	 30.91	 0.00200
6.43000	 1808.00	 150	 30.91	 0.00200
6.45500	 1809.00	 150	 30.91	 0.00200
6.48000	 1810.00	 150	 30.91	 0.00200
6.50500	 1811.00	 151	 30.62	 0.00200
6.53000	 1812.00	 151	 30.62	 0.00200
6.55500	 1813.00	 151	 30.62	 0.00200
6.58000	 1814.00	 151	 30.62	 0.00200
6.60500	 1815.00	 152	 30.34	 0.00200
6.63000	 1816.00	 152	 30.34	 0.00200
6.65600	 1817.00	 153	 30.06	 0.00200
6.68100	 1818.00	 152	 30.34	 0.00200
6.70600	 1819.00	 153	 30.06	 0.00200
6.73100	 1820.00	 153	 30.06	 0.00200
6.75600	 1821.00	 154	 29.78	 0.00200
6.78100	 1822.00	 154	 29.78	 0.00300
6.80600	 1823.00	 154	 29.78	 0.00200
6.83100	 1824.00	 154	 29.78	 0.00200
6.85600	 1825.00	 153	 30.06	 0.00200
6.88100	 1826.00	 154	 29.78	 0.00200
6.90600	 1827.00	 154	 29.78	 0.00200
6.93100	 1828.00	 154	 29.78	 0.00200
6.95600	 1829.00	 154	 29.78	 0.00200
6.98100	 1830.00	 155	 29.50	 0.00200
7.00600	 1831.00	 155	 29.50	 0.00200
7.03100	 1832.00	 155	 29.50	 0.00200
7.05600	 1833.00	 155	 29.50	 0.00200
7.08100	 1834.00	 156	 29.21	 0.00300
7.10600	 1835.00	 156	 29.21	 0.00200
7.13100	 1836.00	 157	 28.93	 0.00200
7.15600	 1837.00	 157	 28.93	 0.00200
7.18100	 1838.00	 157	 28.93	 0.00200
7.20600	 1839.00	 157	 28.93	 0.00200
7.23100	 1840.00	 157	 28.93	 0.00200
7.25600	 1841.00	 158	 28.65	 0.00200
7.28100	 1842.00	 158	 28.65	 0.00200
7.30600	 1843.00	 158	 28.65	 0.00200
7.33100	 1844.00	 158	 28.65	 0.00200
7.35600	 1845.00	 158	 28.65	 0.00200
7.38200	 1846.00	 159	 28.37	 0.00200
7.40700	 1847.00	 158	 28.65	 0.00200
7.43200	 1848.00	 159	 28.37	 0.00200
7.45700	 1849.00	 181	 22.17	 0.00200
7.48200	 1850.00	 160	 28.09	 0.00200
7.50700	 1851.00	 160	 28.09	 0.00300
7.53200	 1852.00	 161	 27.81	 0.00200
7.55700	 1853.00	 160	 28.09	 0.00200
7.58200	 1854.00	 161	 27.81	 0.00200
7.60700	 1855.00	 161	 27.81	 0.00200
7.63200	 1856.00	 162	 27.52	 0.00200
7.65700	 1857.00	 179	 22.73	 0.00200
7.68200	 1858.00	 162	 27.52	 0.00200
7.70700	 1859.00	 162	 27.52	 0.00200
7.73200	 1860.00	 162	 27.52	 0.00200
7.75700	 1861.00	 183	 21.61	 0.00200
7.78200	 1862.00	 163	 27.24	 0.00200
7.80800	 1863.00	 163	 27.24	 0.00200
7.83300	 1864.00	 164	 26.96	 0.00200
7.85800	 1865.00	 185	 21.04	 0.00200
7.88300	 1866.00	 164	 26.96	 0.00200
7.90800	 1867.00	 164	 26.96	 0.00200
7.93300	 1868.00	 164	 26.96	 0.00300
7.95800	 1869.00	 185	 21.04	 0.00200
7.98300	 1870.00	 164	 26.96	 0.00200
8.00800	 1871.00	 165	 26.68	 0.00200
8.03300	 1872.00	 165	 26.68	 0.00200
8.05800	 1873.00	 183	 21.61	 0.00200
8.08300	 1874.00	 165	 26.68	 0.00200
8.10800	 1875.00	 166	 26.40	 0.00200
8.13300	 1876.00	 165	 26.68	 0.00200
8.15800	 1877.00	 186	 20.76	 0.00200
8.18300	 1878.00	 165	 26.68	 0.00200
8.20800	 1879.00	 165	 26.68	 0.00200
8.23300	 1880.00	 165	 26.68	 0.00300
8.25800	 1881.00	 186	 20.76	 0.00200
8.28300	 1882.00	 165	 26.68	 0.00200
8.30800	 1883.00	 165	 26.68	 0.00200
8.33300	 1884.00	 165	 26.68	 0.00200
8.35800	 1885.00	 186	 20.76	 0.00200
8.38300	 1886.00	 166	 26.40	 0.00200
8.40800	 1887.00	 167	 26.11	 0.00200
8.43300	 1888.00	 166	 26.40	 0.00200
8.45800	 1889.00	 187	 20.48	 0.00200
8.48300	 1890.00	 167	 26.11	 0.00200
8.50800	 1891.00	 167	 26.11	 0.00200
8.53400	 1892.00	 167	 26.11	 0.00200
8.55900	 1893.00	 168	 25.83	 0.00200
8.58400	 1894.00	 167	 26.11	 0.00200
8.60900	 1895.00	 168	 25.83	 0.00200
8.63400	 1896.00	 168	 25.83	 0.00200
8.65900	 1897.00	 168	 25.83	 0.00300
8.68400	 1898.00	 169	 25.55	 0.00200
8.70900	 1899.00	 169	 25.55	 0.00200
8.73400	 1900.00	 169	 25.55	 0.00200
8.75900	 1901.00	 191	 19.35	 0.00200
8.78400	 1902.00	 169	 25.55	 0.00200
8.80900	 1903.00	 170	 25.27	 0.00200
8.83400	 1904.00	 170	 25.27	 0.00200
8.85900	 1905.00	 171	 24.99	 0.00200
8.88400	 1906.00	 171	 24.99	 0.00200
8.90900	 1907.00	 171	 24.99	 0.00200
8.93400	 1908.00	 171	 24.99	 0.00200
8.96000	 1909.00	 171	 24.99	 0.00200
8.98500	 1910.00	 172	 24.71	 0.00200
9.01000	 1911.00	 171	 24.99	 0.00200
9.03500	 1912.00	 172	 24.71	 0.00200
9.06000	 1913.00	 172	 24.71	 0.00200
9.08500	 1914.00	 173	 24.42	 0.00300
9.11000	 1915.00	 173	 24.42	 0.00200
9.13500	 1916.00	 173	 24.42	 0.00200
9.16000	 1917.00	 173	 24.42	 0.00200
9.18500	 1918.00	 173	 24.42	 0.00200
9.21000	 1919.00	 173	 24.42	 0.00200
9.23500	 1920.00	 174	 24.14	 0.00200
9.26000	 1921.00	 174	 24.14	 0.00200
9.28500	 1922.00	 174	 24.14	 0.00200
9.31000	 1923.00	 174	 24.14	 0.00200
9.33500	 1924.00	 175	 23.86	 0.00200
9.36000	 1925.00	 175	 23.86	 0.00200
9.38500	 1926.00	 175	 23.86	 0.00300
9.41000	 1927.00	 175	 23.86	 0.00200
9.43500	 1928.00	 176	 23.58	 0.00200
9.46000	 1929.00	 176	 23.58	 0.00200
9.48500	 1930.00	 176	 23.58	 0.00200
9.51000	 1931.00	 177	 23.30	 0.00200
9.53500	 1932.00	 177	 23.30	 0.00200
9.56000	 1933.00	 177	 23.30	 0.00200
9.58500	 1934.00	 178	 23.01	 0.00200
9.61000	 1935.00	 178	 23.01	 0.00200
9.63500	 1936.00	 178	 23.01	 0.00200
9.66000	 1937.00	 178	 23.01	 0.00200
9.68600	 1938.00	 178	 23.01	 0.00200
9.71100	 1939.00	 179	 22.73	 0.00200
9.73600	 1940.00	 179	 22.73	 0.00200
9.76100	 1941.00	 179	 22.73	 0.00200
9.78600	 1942.00	 180	 22.45	 0.00200
9.81100	 1943.00	 180	 22.45	 0.00300
9.83600	 1944.00	 180	 22.45	 0.00200
9.86100	 1945.00	 181	 22.17	 0.00200
9.88600	 1946.00	 181	 22.17	 0.00200
9.91100	 1947.00	 182	 21.89	 0.00200
9.93600	 1948.00	 182	 21.89	 0.00200
9.96100	 1949.00	 182	 21.89	 0.00200
9.98600	 1950.00	 182	 21.89	 0.00200
10.01100	 1951.00	 182	 21.89	 0.00200
10.03600	 1952.00	 182	 21.89	 0.00200
10.06100	 1953.00	 183	 21.61	 0.00200
10.08600	 1954.00	 183	 21.61	 0.00200
10.11200	 1955.00	 183	 21.61	 0.00200
10.13700	 1956.00	 183	 21.61	 0.00200
10.16200	 1957.00	 183	 21.61	 0.00200
10.18700	 1958.00	 184	 21.32	 0.00200
10.21200	 1959.00	 184	 21.32	 0.00200
10.23700	 1960.00	 184	 21.32	 0.00300
10.26200	 1961.00	 184	 21.32	 0.00200
10.28700	 1962.00	 184	 21.32	 0.00200
10.31200	 1963.00	 185	 21.04	 0.00200
10.33700	 1964.00	 185	 21.04	 0.00200
10.36200	 1965.00	 185	 21.04	 0.00200
10.38700	 1966.00	 185	 21.04	 0.00200
10.41200	 1967.00	 186	 20.76	 0.00200
10.43700	 1968.00	 186	 20.76	 0.00200
10.46200	 1969.00	 186	 20.76	 0.00200
10.48700	 1970.00	 187	 20.48	 0.00200
10.51200	 1971.00	 187	 20.48	 0.00200
10.53700	 1972.00	 187	 20.48	 0.00300
10.56200	 1973.00	 187	 20.48	 0.00200
10.58700	 1974.00	 187	 20.48	 0.00200
10.61200	 1975.00	 187	 20.48	 0.00200
10.63700	 1976.00	 188	 20.20	 0.00200
10.66200	 1977.00	 188	 20.20	 0.00200
10.68700	 1978.00	 188	 20.20	 0.00200
10.71200	 1979.00	 188	 20.20	 0.00200
10.73700	 1980.00	 189	 19.92	 0.00200
10.76200	 1981.00	 189	 19.92	 0.00200
10.78700	 1982.00	 190	 19.63	 0.00200
10.81200	 1983.00	 190	 19.63	 0.00200
10.83800	 1984.00	 189	 19.92	 0.00200
10.86300	 1985.00	 190	 19.63	 0.00200
10.88800	 1986.00	 190	 19.63	 0.00200
10.91300	 1987.00	 191	 19.35	 0.00200
10.93800	 1988.00	 192	 19.07	 0.00200
10.96300	 1989.00	 191	 19.35	 0.00300
10.98800	 1990.00	 191	 19.35	 0.00200
11.01300	 1991.00	 192	 19.07	 0.00200
11.03800	 1992.00	 208	 14.56	 0.00200
11.06300	 1993.00	 192	 19.07	 0.00200
11.08800	 1994.00	 192	 19.07	 0.00200
11.11300	 1995.00	 193	 18.79	 0.00200
11.13800	 1996.00	 192	 19.07	 0.00200
11.16300	 1997.00	 193	 18.79	 0.00200
11.18800	 1998.00	 193	 18.79	 0.00200
11.21300	 1999.00	 193	 18.79	 0.00200
11.23800	 2000.00	 192	 19.07	 0.00200
11.26400	 2001.00	 193	 18.79	 0.00200
11.28900	 2002.00	 194	 18.51	 0.00200
11.31400	 2003.00	 195	 18.22	 0.00200
11.33900	 2004.00	 213	 13.15	 0.00200
11.36400	 2005.00	 195	 18.22	 0.00200
11.38900	 2006.00	 196	 17.94	 0.00300
11.41400	 2007.00	 196	 17.94	 0.00200
11.43900	 2008.00	 214	 12.87	 0.00200
11.46400	 2009.00	 196	 17.94	 0.00200
11.48900	 2010.00	 196	 17.94	 0.00200
11.51400	 2011.00	 196	 17.94	 0.00200
11.53900	 2012.00	 215	 12.59	 0.00200
11.56400	 2013.00	 197	 17.66	 0.00200
11.58900	 2014.00	 198	 17.38	 0.00200
11.61400	 2015.00	 198	 17.38	 0.00200
11.63900	 2016.00	 216	 12.31	 0.00200
11.66400	 2017.00	 198	 17.38	 0.00200
11.68900	 2018.00	 198	 17.38	 0.00300
11.71400	 2019.00	 198	 17.38	 0.00200
11.73900	 2020.00	 217	 12.02	 0.00200
11.76400	 2021.00	 199	 17.10	 0.00200
11.78900	 2022.00	 199	 17.10	 0.00200
11.81400	 2023.00	 200	 16.82	 0.00200
11.83900	 2024.00	 218	 11.74	 0.00200
11.86400	 2025.00	 200	 16.82	 0.00200
11.88900	 2026.00	 200	 16.82	 0.00200
11.91400	 2027.00	 200	 16.82	 0.00200
11.93900	 2028.00	 219	 11.46	 0.00200
11.96400	 2029.00	 201	 16.53	 0.00200
11.99000	 2030.00	 201	 16.53	 0.00200
12.01500	 2031.00	 201	 16.53	 0.00200
12.04000	 2032.00	 219	 11.46	 0.00200
12.06500	 2033.00	 201	 16.53	 0.00200
12.09000	 2034.00	 201	 16.53	 0.00200
12.11500	 2035.00	 201	 16.53	 0.00300
12.14000	 2036.00	 219	 11.46	 0.00200
12.16500	 2037.00	 201	 16.53	 0.00200
12.19000	 2038.00	 202	 16.25	 0.00200
12.21500	 2039.00	 202	 16.25	 0.00200
12.24000	 2040.00	 207	 14.84	 0.00200
12.26500	 2041.00	 203	 15.97	 0.00200
12.29000	 2042.00	 203	 15.97	 0.00200
12.31500	 2043.00	 203	 15.97	 0.00200
12.34000	 2044.00	 221	 10.90	 0.00200
12.36500	 2045.00	 203	 15.97	 0.00200
12.39000	 2046.00	 203	 15.97	 0.00200
12.41600	 2047.00	 203	 15.97	 0.00200
12.44100	 2048.00	 204	 15.69	 0.00200
12.46600	 2049.00	 204	 15.69	 0.00200
12.49100	 2050.00	 205	 15.41	 0.00200
12.51600	 2051.00	 205	 15.41	 0.00200
12.54100	 2052.00	 205	 15.41	 0.00300
12.56600	 2053.00	 205	 15.41	 0.00200
12.59100	 2054.00	 205	 15.41	 0.00200
12.61600	 2055.00	 206	 15.12	 0.00200
12.64100	 2056.00	 206	 15.12	 0.00200
12.66600	 2057.00	 206	 15.12	 0.00200
12.69100	 2058.00	 206	 15.12	 0.00200
12.71600	 2059.00	 207	 14.84	 0.00200
12.74100	 2060.00	 207	 14.84	 0.00200
12.76600	 2061.00	 207	 14.84	 0.00200
12.79100	 2062.00	 207	 14.84	 0.00200
12.81600	 2063.00	 207	 14.84	 0.00200
12.84100	 2064.00	 207	 14.84	 0.00300
12.86600	 2065.00	 208	 14.56	 0.00200
12.89100	 2066.00	 208	 14.56	 0.00200
12.91600	 2067.00	 208	 14.56	 0.00200
12.94100	 2068.00	 210	 14.00	 0.00200
12.96600	 2069.00	 208	 14.56	 0.00200
12.99100	 2070.00	 209	 14.28	 0.00200
13.01600	 2071.00	 209	 14.28	 0.00200
13.04100	 2072.00	 210	 14.00	 0.00200
13.06600	 2073.00	 210	 14.00	 0.00200
13.09100	 2074.00	 210	 14.00	 0.00200
13.11600	 2075.00	 210	 14.00	 0.00200
13.14200	 2076.00	 211	 13.72	 0.00200
13.16700	 2077.00	 211	 13.72	 0.00200
13.19200	 2078.00	 211	 13.72	 0.00200
13.21700	 2079.00	 211	 13.72	 0.00200
13.24200	 2080.00	 211	 13.72	 0.00200
13.26700	 2081.00	 211	 13.72	 0.00300
13.29200	 2082.00	 211	 13.72	 0.00200
13.31700	 2083.00	 211	 13.72	 0.00200
13.34200	 2084.00	 212	 13.43	 0.00200
13.36700	 2085.00	 212	 13.43	 0.00200
13.39200	 2086.00	 213	 13.15	 0.00200
13.41700	 2087.00	 213	 13.15	 0.00200
13.44200	 2088.00	 213	 13.15	 0.00200
13.46700	 2089.00	 213	 13.15	 0.00200
13.49200	 2090.00	 214	 12.87	 0.00200
13.51700	 2091.00	 213	 13.15	 0.00200
13.54200	 2092.00	 214	 12.87	 0.00200
13.56800	 2093.00	 214	 12.87	 0.00200
13.59300	 2094.00	 214	 12.87	 0.00200
13.61800	 2095.00	 214	 12.87	 0.00200
13.64300	 2096.00	 215	 12.59	 0.00200
13.66800	 2097.00	 215	 12.59	 0.00200
13.69300	 2098.00	 215	 12.59	 0.00300
13.71800	 2099.00	 215	 12.59	 0.00200
13.74300	 2100.00	 216	 12.31	 0.00200
13.76800	 2101.00	 216	 12.31	 0.00200
13.79300	 2102.00	 216	 12.31	 0.00200
13.81800	 2103.00	 216	 12.31	 0.00200
13.84300	 2104.00	 216	 12.31	 0.00200
13.86800	 2105.00	 217	 12.02	 0.00200
13.89300	 2106.00	 217	 12.02	 0.00200
13.91800	 2107.00	 217	 12.02	 0.00200
13.94300	 2108.00	 217	 12.02	 0.00200
13.96800	 2109.00	 217	 12.02	 0.00200
13.99300	 2110.00	 218	 11.74	 0.00300
14.01800	 2111.00	 218	 11.74	 0.00200
14.04300	 2112.00	 218	 11.74	 0.00200
14.06800	 2113.00	 218	 11.74	 0.00200
14.09300	 2114.00	 219	 11.46	 0.00200
14.11800	 2115.00	 219	 11.46	 0.00200
14.14300	 2116.00	 219	 11.46	 0.00200
14.16800	 2117.00	 219	 11.46	 0.00200
14.19300	 2118.00	 220	 11.18	 0.00200
14.21800	 2119.00	 219	 11.46	 0.00200
14.24300	 2120.00	 220	 11.18	 0.00200
14.26800	 2121.00	 220	 11.18	 0.00200
14.29400	 2122.00	 220	 11.18	 0.00200
14.31900	 2123.00	 218	 11.74	 0.00200
14.34400	 2124.00	 221	 10.90	 0.00200
14.36900	 2125.00	 221	 10.90	 0.00200
14.39400	 2126.00	 221	 10.90	 0.00200
14.41900	 2127.00	 235	 6.95	 0.00300
14.44400	 2128.00	 221	 10.90	 0.00200
14.46900	 2129.00	 222	 10.62	 0.00200
14.49400	 2130.00	 222	 10.62	 0.00200
14.51900	 2131.00	 222	 10.62	 0.00200
14.54400	 2132.00	 223	 10.33	 0.00200
14.56900	 2133.00	 224	 10.05	 0.00200
14.59400	 2134.00	 224	 10.05	 0.00200
14.61900	 2135.00	 216	 12.31	 0.00200
14.64400	 2136.00	 224	 10.05	 0.00200
14.66900	 2137.00	 224	 10.05	 0.00200
14.69400	 2138.00	 224	 10.05	 0.00200
14.72000	 2139.00	 236	 6.67	 0.00200
14.74500	 2140.00	 224	 10.05	 0.00200
14.77000	 2141.00	 225	 9.77	 0.00200
14.79500	 2142.00	 225	 9.77	 0.00200
14.82000	 2143.00	 241	 5.26	 0.00200
14.84500	 2144.00	 225	 9.77	 0.00300
14.87000	 2145.00	 226	 9.49	 0.00200
14.89500	 2146.00	 225	 9.77	 0.00200
14.92000	 2147.00	 242	 4.98	 0.00200
14.94500	 2148.00	 226	 9.49	 0.00200
14.97000	 2149.00	 226	 9.49	 0.00200
14.99500	 2150.00	 226	 9.49	 0.00200
15.02000	 2151.00	 234	 7.23	 0.00200
15.04500	 2152.00	 226	 9.49	 0.00200
15.07000	 2153.00	 227	 9.21	 0.00200
15.09500	 2154.00	 227	 9.21	 0.00200
15.12000	 2155.00	 242	 4.98	 0.00200
15.14500	 2156.00	 227	 9.21	 0.00300
15.17000	 2157.00	 228	 8.92	 0.00200
15.19500	 2158.00	 227	 9.21	 0.00200
15.22000	 2159.00	 244	 4.42	 0.00200
15.24500	 2160.00	 228	 8.92	 0.00200
15.27000	 2161.00	 229	 8.64	 0.00200
15.29500	 2162.00	 229	 8.64	 0.00200
15.32000	 2163.00	 232	 7.80	 0.00200
15.34500	 2164.00	 229	 8.64	 0.00200
15.37000	 2165.00	 229	 8.64	 0.00200
15.39500	 2166.00	 230	 8.36	 0.00200
15.42000	 2167.00	 244	 4.42	 0.00200
15.44600	 2168.00	 230	 8.36	 0.00200
15.47100	 2169.00	 230	 8.36	 0.00200
15.49600	 2170.00	 230	 8.36	 0.00200
15.52100	 2171.00	 246	 3.85	 0.00200
15.54600	 2172.00	 230	 8.36	 0.00200
15.57100	 2173.00	 231	 8.08	 0.00300
15.59600	 2174.00	 232	 7.80	 0.00200
15.62100	 2175.00	 247	 3.57	 0.00200
15.64600	 2176.00	 232	 7.80	 0.00200
15.67100	 2177.00	 232	 7.80	 0.00200
15.69600	 2178.00	 232	 7.80	 0.00200
15.72100	 2179.00	 248	 3.29	 0.00200
15.74600	 2180.00	 232	 7.80	 0.00200
15.77100	 2181.00	 233	 7.52	 0.00200
15.79600	 2182.00	 233	 7.52	 0.00200
15.82100	 2183.00	 255	 1.32	 0.00200
15.84600	 2184.00	 234	 7.23	 0.00200
15.87200	 2185.00	 234	 7.23	 0.00200
15.89700	 2186.00	 234	 7.23	 0.00200
15.92200	 2187.00	 249	 3.01	 0.00200
15.94700	 2188.00	 234	 7.23	 0.00200
15.97200	 2189.00	 234	 7.23	 0.00200
15.99700	 2190.00	 234	 7.23	 0.00300
16.02200	 2191.00	 239	 5.83	 0.00200
16.04700	 2192.00	 235	 6.95	 0.00200
16.07200	 2193.00	 235	 6.95	 0.00200
16.09700	 2194.00	 235	 6.95	 0.00200
16.12200	 2195.00	 235	 6.95	 0.00200
16.14700	 2196.00	 235	 6.95	 0.00200
16.17200	 2197.00	 236	 6.67	 0.00200
16.19700	 2198.00	 236	 6.67	 0.00200
16.22200	 2199.00	 251	 2.44	 0.00200
16.24700	 2200.00	 236	 6.67	 0.00200
16.27200	 2201.00	 236	 6.67	 0.00200
16.29700	 2202.00	 237	 6.39	 0.00300
16.32200	 2203.00	 238	 6.11	 0.00200
16.34700	 2204.00	 237	 6.39	 0.00200
16.37200	 2205.00	 237	 6.39	 0.00200
16.39700	 2206.00	 237	 6.39	 0.00200
16.42200	 2207.00	 238	 6.11	 0.00200
16.44700	 2208.00	 238	 6.11	 0.00200
16.47200	 2209.00	 238	 6.11	 0.00200
16.49700	 2210.00	 238	 6.11	 0.00200
16.52200	 2211.00	 255	 1.32	 0.00200
16.54700	 2212.00	 238	 6.11	 0.00200
16.57200	 2213.00	 239	 5.83	 0.00200
16.59800	 2214.00	 239	 5.83	 0.00200
16.62300	 2215.00	 239	 5.83	 0.00200
16.64800	 2216.00	 239	 5.83	 0.00200
16.67300	 2217.00	 240	 5.54	 0.00200
16.69800	 2218.00	 240	 5.54	 0.00200
16.72300	 2219.00	 240	 5.54	 0.00300
16.74800	 2220.00	 241	 5.26	 0.00200
16.77300	 2221.00	 240	 5.54	 0.00200
16.79800	 2222.00	 241	 5.26	 0.00200
16.82300	 2223.00	 241	 5.26	 0.00200
16.84800	 2224.00	 241	 5.26	 0.00200
16.87300	 2225.00	 241	 5.26	 0.00200
16.89800	 2226.00	 242	 4.98	 0.00200
16.92300	 2227.00	 241	 5.26	 0.00200
16.94800	 2228.00	 242	 4.98	 0.00200
16.97300	 2229.00	 242	 4.98	 0.00200
16.99800	 2230.00	 242	 4.98	 0.00200
17.02400	 2231.00	 242	 4.98	 0.00200
17.04900	 2232.00	 242	 4.98	 0.00200
17.07400	 2233.00	 243	 4.70	 0.00200
17.09900	 2234.00	 243	 4.70	 0.00200
17.12400	 2235.00	 243	 4.70	 0.00200
17.14900	 2236.00	 243	 4.70	 0.00300
17.17400	 2237.00	 244	 4.42	 0.00200
17.19900	 2238.00	 244	 4.42	 0.00200
17.22400	 2239.00	 244	 4.42	 0.00200
17.24900	 2240.00	 244	 4.42	 0.00200
17.27400	 2241.00	 244	 4.42	 0.00200
17.29900	 2242.00	 244	 4.42	 0.00200
17.32400	 2243.00	 245	 4.13	 0.00200
17.34900	 2244.00	 245	 4.13	 0.00200
17.37400	 2245.00	 245	 4.13	 0.00200
17.39900	 2246.00	 245	 4.13	 0.00200
17.42400	 2247.00	 246	 3.85	 0.00200
17.44900	 2248.00	 246	 3.85	 0.00300
17.47400	 2249.00	 246	 3.85	 0.00200
17.49900	 2250.00	 246	 3.85	 0.00200
17.52400	 2251.00	 246	 3.85	 0.00200
17.54900	 2252.00	 246	 3.85	 0.00200
17.57400	 2253.00	 246	 3.85	 0.00200
17.59900	 2254.00	 247	 3.57	 0.00200
17.62400	 2255.00	 247	 3.57	 0.00200
17.64900	 2256.00	 247	 3.57	 0.00200
17.67400	 2257.00	 247	 3.57	 0.00200
17.69900	 2258.00	 248	 3.29	 0.00200
17.72400	 2259.00	 247	 3.57	 0.00200
17.75000	 2260.00	 248	 3.29	 0.00200
17.77500	 2261.00	 248	 3.29	 0.00200
17.80000	 2262.00	 248	 3.29	 0.00200
17.82500	 2263.00	 249	 3.01	 0.00200
17.85000	 2264.00	 249	 3.01	 0.00200
17.87500	 2265.00	 249	 3.01	 0.00300
17.90000	 2266.00	 249	 3.01	 0.00200
17.92500	 2267.00	 249	 3.01	 0.00200
17.95000	 2268.00	 249	 3.01	 0.00200
17.97500	 2269.00	 250	 2.73	 0.00200
18.00000	 2270.00	 240	 5.54	 0.00200
18.02500	 2271.00	 250	 2.73	 0.00200
18.05000	 2272.00	 250	 2.73	 0.00200
18.07500	 2273.00	 251	 2.44	 0.00200
18.10000	 2274.00	 251	 2.44	 0.00200
18.12500	 2275.00	 251	 2.44	 0.00200
18.15000	 2276.00	 251	 2.44	 0.00200
18.17600	 2277.00	 251	 2.44	 0.00200
18.20100	 2278.00	 264	 -1.22	 0.00200
18.22600	 2279.00	 251	 2.44	 0.00200
18.25100	 2280.00	 251	 2.44	 0.00200
18.27600	 2281.00	 251	 2.44	 0.00200
18.30100	 2282.00	 265	 -1.50	 0.00300
18.32600	 2283.00	 252	 2.16	 0.00200
18.35100	 2284.00	 252	 2.16	 0.00200
18.37600	 2285.00	 252	 2.16	 0.00200
18.40100	 2286.00	 258	 0.47	 0.00200
18.42600	 2287.00	 252	 2.16	 0.00200
18.45100	 2288.00	 252	 2.16	 0.00200
18.47600	 2289.00	 252	 2.16	 0.00200
18.50100	 2290.00	 266	 -1.78	 0.00200
18.52600	 2291.00	 253	 1.88	 0.00200
18.55100	 2292.00	 253	 1.88	 0.00200
18.57600	 2293.00	 253	 1.88	 0.00200
18.60100	 2294.00	 267	 -2.07	 0.00300
18.62600	 2295.00	 254	 1.60	 0.00200
18.65100	 2296.00	 254	 1.60	 0.00200
18.67600	 2297.00	 254	 1.60	 0.00200
18.70100	 2298.00	 256	 1.03	 0.00200
18.72600	 2299.00	 254	 1.60	 0.00200
18.75100	 2300.00	 254	 1.60	 0.00200
18.77600	 2301.00	 254	 1.60	 0.00200
18.80100	 2302.00	 266	 -1.78	 0.00200
18.82600	 2303.00	 254	 1.60	 0.00200
18.85100	 2304.00	 255	 1.32	 0.00200
18.87600	 2305.00	 254	 1.60	 0.00200
18.90200	 2306.00	 268	 -2.35	 0.00200
18.92700	 2307.00	 255	 1.32	 0.00200
18.95200	 2308.00	 255	 1.32	 0.00200
18.97700	 2309.00	 255	 1.32	 0.00200
19.00200	 2310.00	 269	 -2.63	 0.00200
19.02700	 2311.00	 256	 1.03	 0.00300
19.05200	 2312.00	 256	 1.03	 0.00200
19.07700	 2313.00	 256	 1.03	 0.00200
19.10200	 2314.00	 270	 -2.91	 0.00200
19.12700	 2315.00	 256	 1.03	 0.00200
19.15200	 2316.00	 257	 0.75	 0.00200
19.17700	 2317.00	 257	 0.75	 0.00200
19.20200	 2318.00	 270	 -2.91	 0.00200
19.22700	 2319.00	 257	 0.75	 0.00200
19.25200	 2320.00	 258	 0.47	 0.00200
19.27700	 2321.00	 258	 0.47	 0.00200
19.30200	 2322.00	 271	 -3.19	 0.00200
19.32800	 2323.00	 257	 0.75	 0.00200
19.35300	 2324.00	 258	 0.47	 0.00200
19.37800	 2325.00	 258	 0.47	 0.00200
19.40300	 2326.00	 258	 0.47	 0.00200
19.42800	 2327.00	 258	 0.47	 0.00200
19.45300	 2328.00	 258	 0.47	 0.00300
19.47800	 2329.00	 258	 0.47	 0.00200
19.50300	 2330.00	 272	 -3.47	 0.00200
19.52800	 2331.00	 258	 0.47	 0.00200
19.55300	 2332.00	 259	 0.19	 0.00200
19.57800	 2333.00	 258	 0.47	 0.00200
19.60300	 2334.00	 269	 -2.63	 0.00200
19.62800	 2335.00	 259	 0.19	 0.00200
19.65300	 2336.00	 259	 0.19	 0.00200
19.67800	 2337.00	 259	 0.19	 0.00200
19.70300	 2338.00	 260	 -0.09	 0.00200
19.72800	 2339.00	 260	 -0.09	 0.00200
19.75300	 2340.00	 260	 -0.09	 0.00300
19.77800	 2341.00	 260	 -0.09	 0.00200
19.80300	 2342.00	 273	 -3.76	 0.00200
19.82800	 2343.00	 261	 -0.37	 0.00200
19.85300	 2344.00	 261	 -0.37	 0.00200
19.87800	 2345.00	 261	 -0.37	 0.00200
19.90300	 2346.00	 274	 -4.04	 0.00200
19.92800	 2347.00	 261	 -0.37	 0.00200
19.95300	 2348.00	 261	 -0.37	 0.00200
19.97800	 2349.00	 261	 -0.37	 0.00200
20.00300	 2350.00	 262	 -0.66	 0.00200
20.02800	 2350.00	 261	 -0.37	 0.00200
20.05400	 2349.00	 261	 -0.37	 0.00200
20.07900	 2348.00	 261	 -0.37	 0.00200
20.10400	 2347.00	 262	 -0.66	 0.00200
20.12900	 2346.00	 262	 -0.66	 0.00200
20.15400	 2345.00	 261	 -0.37	 0.00200
20.17900	 2344.00	 262	 -0.66	 0.00300
20.20400	 2343.00	 262	 -0.66	 0.00200
20.22900	 2342.00	 261	 -0.37	 0.00200
20.25400	 2341.00	 262	 -0.66	 0.00200
20.27900	 2340.00	 262	 -0.66	 0.00200
20.30400	 2339.00	 261	 -0.37	 0.00200
20.32900	 2338.00	 262	 -0.66	 0.00200
20.35400	 2337.00	 262	 -0.66	 0.00200
20.37900	 2336.00	 262	 -0.66	 0.00200
20.40400	 2335.00	 262	 -0.66	 0.00200
20.42900	 2334.00	 262	 -0.66	 0.00200
20.45400	 2333.00	 262	 -0.66	 0.00200
20.48000	 2332.00	 262	 -0.66	 0.00200
20.50500	 2331.00	 262	 -0.66	 0.00200
20.53000	 2330.00	 262	 -0.66	 0.00200
20.55500	 2329.00	 262	 -0.66	 0.00200
20.58000	 2328.00	 262	 -0.66	 0.00200
20.60500	 2327.00	 262	 -0.66	 0.00300
20.63000	 2326.00	 262	 -0.66	 0.00200
20.65500	 2325.00	 262	 -0.66	 0.00200
20.68000	 2324.00	 261	 -0.37	 0.00200
20.70500	 2323.00	 262	 -0.66	 0.00200
20.73000	 2322.00	 262	 -0.66	 0.00200
20.75500	 2321.00	 261	 -0.37	 0.00200
20.78000	 2320.00	 262	 -0.66	 0.00200
20.80500	 2319.00	 261	 -0.37	 0.00200
20.83000	 2318.00	 261	 -0.37	 0.00200
20.85500	 2317.00	 262	 -0.66	 0.00200
20.88000	 2316.00	 261	 -0.37	 0.00200
20.90500	 2315.00	 261	 -0.37	 0.00300
20.93000	 2314.00	 261	 -0.37	 0.00200
20.95500	 2313.00	 261	 -0.37	 0.00200
20.98000	 2312.00	 261	 -0.37	 0.00200
21.00500	 2311.00	 261	 -0.37	 0.00200
21.03000	 2310.00	 260	 -0.09	 0.00200
21.05500	 2309.00	 261	 -0.37	 0.00200
21.08000	 2308.00	 260	 -0.09	 0.00200
21.10500	 2307.00	 261	 -0.37	 0.00200
21.13000	 2306.00	 260	 -0.09	 0.00200
21.15500	 2305.00	 260	 -0.09	 0.00200
21.18000	 2304.00	 259	 0.19	 0.00200
21.20600	 2303.00	 259	 0.19	 0.00200
21.23100	 2302.00	 259	 0.19	 0.00200
21.25600	 2301.00	 258	 0.47	 0.00200
21.28100	 2300.00	 259	 0.19	 0.00200
21.30600	 2299.00	 258	 0.47	 0.00200
21.33100	 2298.00	 258	 0.47	 0.00300
21.35600	 2297.00	 258	 0.47	 0.00200
21.38100	 2296.00	 258	 0.47	 0.00200
21.40600	 2295.00	 259	 0.19	 0.00200
21.43100	 2294.00	 258	 0.47	 0.00200
21.45600	 2293.00	 258	 0.47	 0.00200
21.48100	 2292.00	 258	 0.47	 0.00200
21.50600	 2291.00	 258	 0.47	 0.00200
21.53100	 2290.00	 258	 0.47	 0.00200
21.55600	 2289.00	 257	 0.75	 0.00200
21.58100	 2288.00	 258	 0.47	 0.00200
21.60600	 2287.00	 258	 0.47	 0.00200
21.63200	 2286.00	 256	 1.03	 0.00200
21.65700	 2285.00	 257	 0.75	 0.00200
21.68200	 2284.00	 256	 1.03	 0.00200
21.70700	 2283.00	 257	 0.75	 0.00200
21.73200	 2282.00	 256	 1.03	 0.00200
21.75700	 2281.00	 256	 1.03	 0.00300
21.78200	 2280.00	 256	 1.03	 0.00200
21.80700	 2279.00	 256	 1.03	 0.00200
21.83200	 2278.00	 256	 1.03	 0.00200
21.85700	 2277.00	 255	 1.32	 0.00200
21.88200	 2276.00	 255	 1.32	 0.00200
21.90700	 2275.00	 255	 1.32	 0.00200
21.93200	 2274.00	 255	 1.32	 0.00200
21.95700	 2273.00	 255	 1.32	 0.00200
21.98200	 2272.00	 255	 1.32	 0.00200
22.00700	 2271.00	 255	 1.32	 0.00200
22.03200	 2270.00	 255	 1.32	 0.00200
22.05700	 2269.00	 254	 1.60	 0.00300
22.08200	 2268.00	 264	 -1.22	 0.00200
22.10700	 2267.00	 254	 1.60	 0.00200
22.13200	 2266.00	 255	 1.32	 0.00200
22.15700	 2265.00	 254	 1.60	 0.00200
22.18200	 2264.00	 254	 1.60	 0.00200
22.20700	 2263.00	 254	 1.60	 0.00200
22.23200	 2262.00	 253	 1.88	 0.00200
22.25700	 2261.00	 253	 1.88	 0.00200
22.28200	 2260.00	 253	 1.88	 0.00200
22.30700	 2259.00	 253	 1.88	 0.00200
22.33200	 2258.00	 252	 2.16	 0.00200
22.35800	 2257.00	 253	 1.88	 0.00200
22.38300	 2256.00	 252	 2.16	 0.00200
22.40800	 2255.00	 253	 1.88	 0.00200
22.43300	 2254.00	 252	 2.16	 0.00200
22.45800	 2253.00	 252	 2.16	 0.00200
22.48300	 2252.00	 252	 2.16	 0.00300
22.50800	 2251.00	 252	 2.16	 0.00200
22.53300	 2250.00	 251	 2.44	 0.00200
22.55800	 2249.00	 252	 2.16	 0.00200
22.58300	 2248.00	 251	 2.44	 0.00200
22.60800	 2247.00	 251	 2.44	 0.00200
22.63300	 2246.00	 251	 2.44	 0.00200
22.65800	 2245.00	 251	 2.44	 0.00200
22.68300	 2244.00	 265	 -1.50	 0.00200
22.70800	 2243.00	 251	 2.44	 0.00200
22.73300	 2242.00	 251	 2.44	 0.00200
22.75800	 2241.00	 251	 2.44	 0.00200
22.78400	 2240.00	 251	 2.44	 0.00200
22.80900	 2239.00	 250	 2.73	 0.00200
22.83400	 2238.00	 250	 2.73	 0.00200
22.85900	 2237.00	 249	 3.01	 0.00200
22.88400	 2236.00	 249	 3.01	 0.00200
22.90900	 2235.00	 249	 3.01	 0.00300
22.93400	 2234.00	 248	 3.29	 0.00200
22.95900	 2233.00	 248	 3.29	 0.00200
22.98400	 2232.00	 249	 3.01	 0.00200
23.00900	 2231.00	 248	 3.29	 0.00200
23.03400	 2230.00	 248	 3.29	 0.00200
23.05900	 2229.00	 248	 3.29	 0.00200
23.08400	 2228.00	 262	 -0.66	 0.00200
23.10900	 2227.00	 247	 3.57	 0.00200
23.13400	 2226.00	 247	 3.57	 0.00200
23.15900	 2225.00	 247	 3.57	 0.00200
23.18400	 2224.00	 247	 3.57	 0.00200
23.20900	 2223.00	 247	 3.57	 0.00300
23.23400	 2222.00	 247	 3.57	 0.00200
23.25900	 2221.00	 247	 3.57	 0.00200
23.28400	 2220.00	 246	 3.85	 0.00200
23.30900	 2219.00	 246	 3.85	 0.00200
23.33400	 2218.00	 246	 3.85	 0.00200
23.35900	 2217.00	 246	 3.85	 0.00200
23.38400	 2216.00	 245	 4.13	 0.00200
23.40900	 2215.00	 246	 3.85	 0.00200
23.43400	 2214.00	 245	 4.13	 0.00200
23.45900	 2213.00	 245	 4.13	 0.00200
23.48400	 2212.00	 245	 4.13	 0.00200
23.51000	 2211.00	 245	 4.13	 0.00200
23.53500	 2210.00	 245	 4.13	 0.00200
23.56000	 2209.00	 245	 4.13	 0.00200
23.58500	 2208.00	 244	 4.42	 0.00200
23.61000	 2207.00	 244	 4.42	 0.00200
23.63500	 2206.00	 244	 4.42	 0.00300
23.66000	 2205.00	 244	 4.42	 0.00200
23.68500	 2204.00	 243	 4.70	 0.00200
23.71000	 2203.00	 243	 4.70	 0.00200
23.73500	 2202.00	 243	 4.70	 0.00200
23.76000	 2201.00	 242	 4.98	 0.00200
23.78500	 2200.00	 243	 4.70	 0.00200
23.81000	 2199.00	 242	 4.98	 0.00200
23.83500	 2198.00	 242	 4.98	 0.00200
23.86000	 2197.00	 243	 4.70	 0.00200
23.88500	 2196.00	 242	 4.98	 0.00200
23.91000	 2195.00	 241	 5.26	 0.00200
23.93600	 2194.00	 241	 5.26	 0.00200
23.96100	 2193.00	 242	 4.98	 0.00200
23.98600	 2192.00	 241	 5.26	 0.00200
24.01100	 2191.00	 241	 5.26	 0.00200
24.03600	 2190.00	 241	 5.26	 0.00200
24.06100	 2189.00	 241	 5.26	 0.00300
24.08600	 2188.00	 241	 5.26	 0.00200
24.11100	 2187.00	 240	 5.54	 0.00200
24.13600	 2186.00	 240	 5.54	 0.00200
24.16100	 2185.00	 240	 5.54	 0.00200
24.18600	 2184.00	 239	 5.83	 0.00200
24.21100	 2183.00	 239	 5.83	 0.00200
24.23600	 2182.00	 239	 5.83	 0.00200
24.26100	 2181.00	 239	 5.83	 0.00200
24.28600	 2180.00	 239	 5.83	 0.00200
24.31100	 2179.00	 238	 6.11	 0.00200
24.33600	 2178.00	 238	 6.11	 0.00200
24.36100	 2177.00	 238	 6.11	 0.00300
24.38600	 2176.00	 238	 6.11	 0.00200
24.41100	 2175.00	 238	 6.11	 0.00200
24.43600	 2174.00	 237	 6.39	 0.00200
24.46100	 2173.00	 237	 6.39	 0.00200
24.48600	 2172.00	 237	 6.39	 0.00200
24.51100	 2171.00	 237	 6.39	 0.00200
24.53600	 2170.00	 236	 6.67	 0.00200
24.56100	 2169.00	 236	 6.67	 0.00200
24.58600	 2168.00	 236	 6.67	 0.00200
24.61100	 2167.00	 236	 6.67	 0.00200
24.63600	 2166.00	 236	 6.67	 0.00200
24.66200	 2165.00	 235	 6.95	 0.00200
24.68700	 2164.00	 235	 6.95	 0.00200
24.71200	 2163.00	 236	 6.67	 0.00200
24.73700	 2162.00	 235	 6.95	 0.00200
24.76200	 2161.00	 235	 6.95	 0.00200
24.78700	 2160.00	 235	 6.95	 0.00300
24.81200	 2159.00	 235	 6.95	 0.00200
24.83700	 2158.00	 235	 6.95	 0.00200
24.86200	 2157.00	 234	 7.23	 0.00200
24.88700	 2156.00	 234	 7.23	 0.00200
24.91200	 2155.00	 234	 7.23	 0.00200
24.93700	 2154.00	 233	 7.52	 0.00200
24.96200	 2153.00	 233	 7.52	 0.00200
24.98700	 2152.00	 233	 7.52	 0.00200
25.01200	 2151.00	 233	 7.52	 0.00200
25.03700	 2150.00	 233	 7.52	 0.00200
25.06200	 2149.00	 232	 7.80	 0.00200
25.08800	 2148.00	 232	 7.80	 0.00200
25.11300	 2147.00	 232	 7.80	 0.00200
25.13800	 2146.00	 232	 7.80	 0.00200
25.16300	 2145.00	 232	 7.80	 0.00200
25.18800	 2144.00	 232	 7.80	 0.00200
25.21300	 2143.00	 231	 8.08	 0.00300
25.23800	 2142.00	 231	 8.08	 0.00200
25.26300	 2141.00	 231	 8.08	 0.00200
25.28800	 2140.00	 231	 8.08	 0.00200
25.31300	 2139.00	 230	 8.36	 0.00200
25.33800	 2138.00	 230	 8.36	 0.00200
25.36300	 2137.00	 230	 8.36	 0.00200
25.38800	 2136.00	 229	 8.64	 0.00200
25.41300	 2135.00	 229	 8.64	 0.00200
25.43800	 2134.00	 229	 8.64	 0.00200
25.46300	 2133.00	 229	 8.64	 0.00200
25.48800	 2132.00	 229	 8.64	 0.00200
25.51300	 2131.00	 229	 8.64	 0.00300
25.53800	 2130.00	 228	 8.92	 0.00200
25.56300	 2129.00	 228	 8.92	 0.00200
25.58800	 2128.00	 228	 8.92	 0.00200
25.61300	 2127.00	 228	 8.92	 0.00200
25.63800	 2126.00	 227	 9.21	 0.00200
25.66300	 2125.00	 227	 9.21	 0.00200
25.68800	 2124.00	 227	 9.21	 0.00200
25.71300	 2123.00	 227	 9.21	 0.00200
25.73800	 2122.00	 227	 9.21	 0.00200
25.76300	 2121.00	 242	 4.98	 0.00200
25.78800	 2120.00	 226	 9.49	 0.00200
25.81400	 2119.00	 226	 9.49	 0.00200
25.83900	 2118.00	 226	 9.49	 0.00200
25.86400	 2117.00	 225	 9.77	 0.00200
25.88900	 2116.00	 225	 9.77	 0.00200
25.91400	 2115.00	 225	 9.77	 0.00200
25.93900	 2114.00	 225	 9.77	 0.00300
25.96400	 2113.00	 225	 9.77	 0.00200
25.98900	 2112.00	 225	 9.77	 0.00200
26.01400	 2111.00	 225	 9.77	 0.00200
26.03900	 2110.00	 225	 9.77	 0.00200
26.06400	 2109.00	 224	 10.05	 0.00200
26.08900	 2108.00	 224	 10.05	 0.00200
26.11400	 2107.00	 224	 10.05	 0.00200
26.13900	 2106.00	 224	 10.05	 0.00200
26.16400	 2105.00	 224	 10.05	 0.00200
26.18900	 2104.00	 224	 10.05	 0.00200
26.21400	 2103.00	 223	 10.33	 0.00200
26.24000	 2102.00	 223	 10.33	 0.00200
26.26500	 2101.00	 223	 10.33	 0.00200
26.29000	 2100.00	 223	 10.33	 0.00200
26.31500	 2099.00	 222	 10.62	 0.00200
26.34000	 2098.00	 222	 10.62	 0.00200
26.36500	 2097.00	 221	 10.90	 0.00300
26.39000	 2096.00	 220	 11.18	 0.00200
26.41500	 2095.00	 221	 10.90	 0.00200
26.44000	 2094.00	 221	 10.90	 0.00200
26.46500	 2093.00	 220	 11.18	 0.00200
26.49000	 2092.00	 220	 11.18	 0.00200
26.51500	 2091.00	 220	 11.18	 0.00200
26.54000	 2090.00	 220	 11.18	 0.00200
26.56500	 2089.00	 220	 11.18	 0.00200
26.59000	 2088.00	 220	 11.18	 0.00200
26.61500	 2087.00	 219	 11.46	 0.00200
26.64000	 2086.00	 220	 11.18	 0.00200
26.66500	 2085.00	 219	 11.46	 0.00300
26.69000	 2084.00	 219	 11.46	 0.00200
26.71500	 2083.00	 219	 11.46	 0.00200
26.74000	 2082.00	 218	 11.74	 0.00200
26.76500	 2081.00	 218	 11.74	 0.00200
26.79000	 2080.00	 218	 11.74	 0.00200
26.81500	 2079.00	 218	 11.74	 0.00200
26.84000	 2078.00	 217	 12.02	 0.00200
26.86500	 2077.00	 217	 12.02	 0.00200
26.89000	 2076.00	 217	 12.02	 0.00200
26.91500	 2075.00	 217	 12.02	 0.00200
26.94000	 2074.00	 217	 12.02	 0.00200
26.96600	 2073.00	 216	 12.31	 0.00200
26.99100	 2072.00	 216	 12.31	 0.00200
27.01600	 2071.00	 216	 12.31	 0.00200
27.04100	 2070.00	 215	 12.59	 0.00200
27.06600	 2069.00	 216	 12.31	 0.00200
27.09100	 2068.00	 215	 12.59	 0.00300
27.11600	 2067.00	 215	 12.59	 0.00200
27.14100	 2066.00	 215	 12.59	 0.00200
27.16600	 2065.00	 215	 12.59	 0.00200
27.19100	 2064.00	 215	 12.59	 0.00200
27.21600	 2063.00	 214	 12.87	 0.00200
27.24100	 2062.00	 214	 12.87	 0.00200
27.26600	 2061.00	 214	 12.87	 0.00200
27.29100	 2060.00	 214	 12.87	 0.00200
27.31600	 2059.00	 214	 12.87	 0.00200
27.34100	 2058.00	 213	 13.15	 0.00200
27.36600	 2057.00	 213	 13.15	 0.00200
27.39200	 2056.00	 213	 13.15	 0.00200
27.41700	 2055.00	 212	 13.43	 0.00200
27.44200	 2054.00	 212	 13.43	 0.00200
27.46700	 2053.00	 212	 13.43	 0.00200
27.49200	 2052.00	 211	 13.72	 0.00200
27.51700	 2051.00	 212	 13.43	 0.00300
27.54200	 2050.00	 211	 13.72	 0.00200
27.56700	 2049.00	 211	 13.72	 0.00200
27.59200	 2048.00	 211	 13.72	 0.00200
27.61700	 2047.00	 211	 13.72	 0.00200
27.64200	 2046.00	 211	 13.72	 0.00200
27.66700	 2045.00	 210	 14.00	 0.00200
27.69200	 2044.00	 210	 14.00	 0.00200
27.71700	 2043.00	 210	 14.00	 0.00200
27.74200	 2042.00	 209	 14.28	 0.00200
27.76700	 2041.00	 209	 14.28	 0.00200
27.79200	 2040.00	 209	 14.28	 0.00200
27.81700	 2039.00	 209	 14.28	 0.00300
27.84200	 2038.00	 209	 14.28	 0.00200
27.86700	 2037.00	 208	 14.56	 0.00200
27.89200	 2036.00	 208	 14.56	 0.00200
27.91700	 2035.00	 208	 14.56	 0.00200
27.94200	 2034.00	 207	 14.84	 0.00200
27.96700	 2033.00	 208	 14.56	 0.00200
27.99200	 2032.00	 207	 14.84	 0.00200
28.01700	 2031.00	 207	 14.84	 0.00200
28.04200	 2030.00	 207	 14.84	 0.00200
28.06700	 2029.00	 207	 14.84	 0.00200
28.09200	 2028.00	 206	 15.12	 0.00200
28.11800	 2027.00	 207	 14.84	 0.00200
28.14300	 2026.00	 207	 14.84	 0.00200
28.16800	 2025.00	 206	 15.12	 0.00200
28.19300	 2024.00	 206	 15.12	 0.00200
28.21800	 2023.00	 205	 15.41	 0.00200
28.24300	 2022.00	 204	 15.69	 0.00300
28.26800	 2021.00	 205	 15.41	 0.00200
28.29300	 2020.00	 204	 15.69	 0.00200
28.31800	 2019.00	 204	 15.69	 0.00200
28.34300	 2018.00	 204	 15.69	 0.00200
28.36800	 2017.00	 204	 15.69	 0.00200
28.39300	 2016.00	 203	 15.97	 0.00200
28.41800	 2015.00	 203	 15.97	 0.00200
28.44300	 2014.00	 203	 15.97	 0.00200
28.46800	 2013.00	 203	 15.97	 0.00200
28.49300	 2012.00	 203	 15.97	 0.00200
28.51800	 2011.00	 202	 16.25	 0.00200
28.54400	 2010.00	 201	 16.53	 0.00200
28.56900	 2009.00	 202	 16.25	 0.00200
28.59400	 2008.00	 202	 16.25	 0.00200
28.61900	 2007.00	 201	 16.53	 0.00200
28.64400	 2006.00	 201	 16.53	 0.00200
28.66900	 2005.00	 201	 16.53	 0.00300
28.69400	 2004.00	 201	 16.53	 0.00200
28.71900	 2003.00	 201	 16.53	 0.00200
28.74400	 2002.00	 218	 11.74	 0.00200
28.76900	 2001.00	 200	 16.82	 0.00200
28.79400	 2000.00	 200	 16.82	 0.00200
28.81900	 1999.00	 200	 16.82	 0.00200
28.84400	 1998.00	 200	 16.82	 0.00200
28.86900	 1997.00	 199	 17.10	 0.00200
28.89400	 1996.00	 199	 17.10	 0.00200
28.91900	 1995.00	 199	 17.10	 0.00200
28.94400	 1994.00	 204	 15.69	 0.00200
28.96900	 1993.00	 199	 17.10	 0.00300
28.99400	 1992.00	 199	 17.10	 0.00200
29.01900	 1991.00	 199	 17.10	 0.00200
29.04400	 1990.00	 198	 17.38	 0.00200
29.06900	 1989.00	 199	 17.10	 0.00200
29.09400	 1988.00	 198	 17.38	 0.00200
29.11900	 1987.00	 198	 17.38	 0.00200
29.14400	 1986.00	 198	 17.38	 0.00200
29.16900	 1985.00	 198	 17.38	 0.00200
29.19400	 1984.00	 197	 17.66	 0.00200
29.21900	 1983.00	 196	 17.94	 0.00200
29.24400	 1982.00	 196	 17.94	 0.00200
29.27000	 1981.00	 196	 17.94	 0.00200
29.29500	 1980.00	 196	 17.94	 0.00200
29.32000	 1979.00	 196	 17.94	 0.00200
29.34500	 1978.00	 195	 18.22	 0.00200
29.37000	 1977.00	 196	 17.94	 0.00200
29.39500	 1976.00	 195	 18.22	 0.00300
29.42000	 1975.00	 195	 18.22	 0.00200
29.44500	 1974.00	 212	 13.43	 0.00200
29.47000	 1973.00	 194	 18.51	 0.00200
29.49500	 1972.00	 194	 18.51	 0.00200
29.52000	 1971.00	 193	 18.79	 0.00200
29.54500	 1970.00	 193	 18.79	 0.00200
29.57000	 1969.00	 193	 18.79	 0.00200
29.59500	 1968.00	 192	 19.07	 0.00200
29.62000	 1967.00	 192	 19.07	 0.00200
29.64500	 1966.00	 192	 19.07	 0.00200
29.67000	 1965.00	 192	 19.07	 0.00200
29.69600	 1964.00	 192	 19.07	 0.00200
29.72100	 1963.00	 192	 19.07	 0.00200
29.74600	 1962.00	 192	 19.07	 0.00200
29.77100	 1961.00	 191	 19.35	 0.00200
29.79600	 1960.00	 191	 19.35	 0.00200
29.82100	 1959.00	 191	 19.35	 0.00300
29.84600	 1958.00	 190	 19.63	 0.00200
29.87100	 1957.00	 190	 19.63	 0.00200
29.89600	 1956.00	 190	 19.63	 0.00200
29.92100	 1955.00	 190	 19.63	 0.00200
29.94600	 1954.00	 190	 19.63	 0.00200
29.97100	 1953.00	 189	 19.92	 0.00200
29.99600	 1952.00	 189	 19.92	 0.00200
30.02100	 1951.00	 188	 20.20	 0.00200
30.04600	 1950.00	 188	 20.20	 0.00200
30.07100	 1949.00	 188	 20.20	 0.00200
30.09600	 1948.00	 187	 20.48	 0.00200
30.12100	 1947.00	 187	 20.48	 0.00300
30.14600	 1946.00	 190	 19.63	 0.00200
30.17100	 1945.00	 187	 20.48	 0.00200
30.19600	 1944.00	 187	 20.48	 0.00200
30.22100	 1943.00	 187	 20.48	 0.00200
30.24600	 1942.00	 186	 20.76	 0.00200
30.27100	 1941.00	 186	 20.76	 0.00200
30.29600	 1940.00	 186	 20.76	 0.00200
30.32100	 1939.00	 186	 20.76	 0.00200
30.34600	 1938.00	 185	 21.04	 0.00200
30.37100	 1937.00	 185	 21.04	 0.00200
30.39600	 1936.00	 185	 21.04	 0.00200
30.42200	 1935.00	 184	 21.32	 0.00200
30.44700	 1934.00	 185	 21.04	 0.00200
30.47200	 1933.00	 184	 21.32	 0.00200
30.49700	 1932.00	 184	 21.32	 0.00200
30.52200	 1931.00	 184	 21.32	 0.00200
30.54700	 1930.00	 184	 21.32	 0.00300
30.57200	 1929.00	 184	 21.32	 0.00200
30.59700	 1928.00	 183	 21.61	 0.00200
30.62200	 1927.00	 183	 21.61	 0.00200
30.64700	 1926.00	 183	 21.61	 0.00200
30.67200	 1925.00	 183	 21.61	 0.00200
30.69700	 1924.00	 183	 21.61	 0.00200
30.72200	 1923.00	 182	 21.89	 0.00200
30.74700	 1922.00	 182	 21.89	 0.00200
30.77200	 1921.00	 181	 22.17	 0.00200
30.79700	 1920.00	 181	 22.17	 0.00200
30.82200	 1919.00	 181	 22.17	 0.00200
30.84800	 1918.00	 180	 22.45	 0.00200
30.87300	 1917.00	 180	 22.45	 0.00200
30.89800	 1916.00	 180	 22.45	 0.00200
30.92300	 1915.00	 179	 22.73	 0.00200
30.94800	 1914.00	 180	 22.45	 0.00200
30.97300	 1913.00	 179	 22.73	 0.00300
30.99800	 1912.00	 179	 22.73	 0.00200
31.02300	 1911.00	 179	 22.73	 0.00200
31.04800	 1910.00	 179	 22.73	 0.00200
31.07300	 1909.00	 178	 23.01	 0.00200
31.09800	 1908.00	 178	 23.01	 0.00200
31.12300	 1907.00	 177	 23.30	 0.00200
31.14800	 1906.00	 177	 23.30	 0.00200
31.17300	 1905.00	 177	 23.30	 0.00200
31.19800	 1904.00	 177	 23.30	 0.00200
31.22300	 1903.00	 176	 23.58	 0.00200
31.24800	 1902.00	 176	 23.58	 0.00200
31.27300	 1901.00	 176	 23.58	 0.00300
31.29800	 1900.00	 175	 23.86	 0.00200
31.32300	 1899.00	 175	 23.86	 0.00200
31.34800	 1898.00	 175	 23.86	 0.00200
31.37300	 1897.00	 175	 23.86	 0.00200
31.39800	 1896.00	 175	 23.86	 0.00200
31.42300	 1895.00	 174	 24.14	 0.00200
31.44800	 1894.00	 174	 24.14	 0.00200
31.47300	 1893.00	 174	 24.14	 0.00200
31.49800	 1892.00	 173	 24.42	 0.00200
31.52300	 1891.00	 173	 24.42	 0.00200
31.54800	 1890.00	 172	 24.71	 0.00200
31.57400	 1889.00	 173	 24.42	 0.00200
31.59900	 1888.00	 172	 24.71	 0.00200
31.62400	 1887.00	 172	 24.71	 0.00200
31.64900	 1886.00	 172	 24.71	 0.00200
31.67400	 1885.00	 172	 24.71	 0.00200
31.69900	 1884.00	 171	 24.99	 0.00300
31.72400	 1883.00	 171	 24.99	 0.00200
31.74900	 1882.00	 172	 24.71	 0.00200
31.77400	 1881.00	 171	 24.99	 0.00200
31.79900	 1880.00	 171	 24.99	 0.00200
31.82400	 1879.00	 170	 25.27	 0.00200
31.84900	 1878.00	 170	 25.27	 0.00200
31.87400	 1877.00	 170	 25.27	 0.00200
31.89900	 1876.00	 169	 25.55	 0.00200
31.92400	 1875.00	 169	 25.55	 0.00200
31.94900	 1874.00	 169	 25.55	 0.00200
31.97400	 1873.00	 169	 25.55	 0.00200
32.00000	 1872.00	 168	 25.83	 0.00200
32.02500	 1871.00	 168	 25.83	 0.00200
32.05000	 1870.00	 168	 25.83	 0.00200
32.07500	 1869.00	 167	 26.11	 0.00200
32.10000	 1868.00	 167	 26.11	 0.00200
32.12500	 1867.00	 166	 26.40	 0.00300
32.15000	 1866.00	 167	 26.11	 0.00200
32.17500	 1865.00	 167	 26.11	 0.00200
32.20000	 1864.00	 166	 26.40	 0.00200
32.22500	 1863.00	 166	 26.40	 0.00200
32.25000	 1862.00	 166	 26.40	 0.00200
32.27500	 1861.00	 166	 26.40	 0.00200
32.30000	 1860.00	 165	 26.68	 0.00200
32.32500	 1859.00	 165	 26.68	 0.00200
32.35000	 1858.00	 165	 26.68	 0.00200
32.37500	 1857.00	 165	 26.68	 0.00200
32.40000	 1856.00	 165	 26.68	 0.00200
32.42500	 1855.00	 165	 26.68	 0.00300
32.45000	 1854.00	 164	 26.96	 0.00200
32.47500	 1853.00	 164	 26.96	 0.00200
32.50000	 1852.00	 163	 27.24	 0.00200
32.52500	 1851.00	 163	 27.24	 0.00200
32.55000	 1850.00	 163	 27.24	 0.00200
32.57500	 1849.00	 163	 27.24	 0.00200
32.60000	 1848.00	 162	 27.52	 0.00200
32.62500	 1847.00	 162	 27.52	 0.00200
32.65000	 1846.00	 162	 27.52	 0.00200
32.67500	 1845.00	 162	 27.52	 0.00200
32.70000	 1844.00	 161	 27.81	 0.00200
32.72600	 1843.00	 161	 27.81	 0.00200
32.75100	 1842.00	 161	 27.81	 0.00200
32.77600	 1841.00	 160	 28.09	 0.00200
32.80100	 1840.00	 161	 27.81	 0.00200
32.82600	 1839.00	 160	 28.09	 0.00200
32.85100	 1838.00	 160	 28.09	 0.00300
32.87600	 1837.00	 159	 28.37	 0.00200
32.90100	 1836.00	 159	 28.37	 0.00200
32.92600	 1835.00	 159	 28.37	 0.00200
32.95100	 1834.00	 159	 28.37	 0.00200
32.97600	 1833.00	 158	 28.65	 0.00200
33.00100	 1832.00	 158	 28.65	 0.00200
33.02600	 1831.00	 158	 28.65	 0.00200
33.05100	 1830.00	 158	 28.65	 0.00200
33.07600	 1829.00	 157	 28.93	 0.00200
33.10100	 1828.00	 157	 28.93	 0.00200
33.12600	 1827.00	 157	 28.93	 0.00200
33.15200	 1826.00	 157	 28.93	 0.00200
33.17700	 1825.00	 156	 29.21	 0.00200
33.20200	 1824.00	 156	 29.21	 0.00200
33.22700	 1823.00	 155	 29.50	 0.00200
33.25200	 1822.00	 155	 29.50	 0.00200
33.27700	 1821.00	 155	 29.50	 0.00300
33.30200	 1820.00	 155	 29.50	 0.00200
33.32700	 1819.00	 155	 29.50	 0.00200
33.35200	 1818.00	 154	 29.78	 0.00200
33.37700	 1817.00	 155	 29.50	 0.00200
33.40200	 1816.00	 154	 29.78	 0.00200
33.42700	 1815.00	 157	 28.93	 0.00200
33.45200	 1814.00	 154	 29.78	 0.00200
33.47700	 1813.00	 153	 30.06	 0.00200
33.50200	 1812.00	 153	 30.06	 0.00200
33.52700	 1811.00	 154	 29.78	 0.00200
33.55200	 1810.00	 153	 30.06	 0.00200
33.57700	 1809.00	 152	 30.34	 0.00300
33.60200	 1808.00	 152	 30.34	 0.00200
33.62700	 1807.00	 151	 30.62	 0.00200
33.65200	 1806.00	 151	 30.62	 0.00200
33.67700	 1805.00	 151	 30.62	 0.00200
33.70200	 1804.00	 151	 30.62	 0.00200
33.72700	 1803.00	 151	 30.62	 0.00200
33.75200	 1802.00	 150	 30.91	 0.00200
33.77700	 1801.00	 150	 30.91	 0.00200
33.80200	 1800.00	 150	 30.91	 0.00200
33.82700	 1799.00	 151	 30.62	 0.00200
33.85200	 1798.00	 150	 30.91	 0.00200
33.87800	 1797.00	 149	 31.19	 0.00200
33.90300	 1796.00	 149	 31.19	 0.00200
33.92800	 1795.00	 149	 31.19	 0.00200
33.95300	 1794.00	 149	 31.19	 0.00200
33.97800	 1793.00	 148	 31.47	 0.00200
34.00300	 1792.00	 148	 31.47	 0.00300
34.02800	 1791.00	 148	 31.47	 0.00200
34.05300	 1790.00	 148	 31.47	 0.00200
34.07800	 1789.00	 148	 31.47	 0.00200
34.10300	 1788.00	 147	 31.75	 0.00200
34.12800	 1787.00	 147	 31.75	 0.00200
34.15300	 1786.00	 147	 31.75	 0.00200
34.17800	 1785.00	 147	 31.75	 0.00200
34.20300	 1784.00	 146	 32.03	 0.00200
34.22800	 1783.00	 146	 32.03	 0.00200
34.25300	 1782.00	 146	 32.03	 0.00200
34.27800	 1781.00	 146	 32.03	 0.00200
34.30400	 1780.00	 146	 32.03	 0.00200
34.32900	 1779.00	 146	 32.03	 0.00200
34.35400	 1778.00	 145	 32.31	 0.00200
34.37900	 1777.00	 145	 32.31	 0.00200
34.40400	 1776.00	 145	 32.31	 0.00200
34.42900	 1775.00	 144	 32.60	 0.00300
34.45400	 1774.00	 144	 32.60	 0.00200
34.47900	 1773.00	 143	 32.88	 0.00200
34.50400	 1772.00	 143	 32.88	 0.00200
34.52900	 1771.00	 143	 32.88	 0.00200
34.55400	 1770.00	 143	 32.88	 0.00200
34.57900	 1769.00	 142	 33.16	 0.00200
34.60400	 1768.00	 142	 33.16	 0.00200
34.62900	 1767.00	 142	 33.16	 0.00200
34.65400	 1766.00	 142	 33.16	 0.00200
34.67900	 1765.00	 142	 33.16	 0.00200
34.70400	 1764.00	 142	 33.16	 0.00200
34.72900	 1763.00	 141	 33.44	 0.00300
34.75400	 1762.00	 141	 33.44	 0.00200
34.77900	 1761.00	 141	 33.44	 0.00200
34.80400	 1760.00	 141	 33.44	 0.00200
34.82900	 1759.00	 141	 33.44	 0.00200
34.85400	 1758.00	 140	 33.72	 0.00200
34.87900	 1757.00	 139	 34.01	 0.00200
34.90400	 1756.00	 139	 34.01	 0.00200
34.92900	 1755.00	 139	 34.01	 0.00200
34.95400	 1754.00	 139	 34.01	 0.00200
34.97900	 1753.00	 139	 34.01	 0.00200
35.00400	 1752.00	 138	 34.29	 0.00200
35.03000	 1751.00	 138	 34.29	 0.00200
35.05500	 1750.00	 138	 34.29	 0.00200
35.08000	 1749.00	 137	 34.57	 0.00200
35.10500	 1748.00	 137	 34.57	 0.00200
35.13000	 1747.00	 137	 34.57	 0.00200
35.15500	 1746.00	 137	 34.57	 0.00300
35.18000	 1745.00	 137	 34.57	 0.00200
35.20500	 1744.00	 137	 34.57	 0.00200
35.23000	 1743.00	 137	 34.57	 0.00200
35.25500	 1742.00	 136	 34.85	 0.00200
35.28000	 1741.00	 136	 34.85	 0.00200
35.30500	 1740.00	 135	 35.13	 0.00200
35.33000	 1739.00	 135	 35.13	 0.00200
35.35500	 1738.00	 135	 35.13	 0.00200
35.38000	 1737.00	 134	 35.41	 0.00200
35.40500	 1736.00	 134	 35.41	 0.00200
35.43000	 1735.00	 134	 35.41	 0.00200
35.45600	 1734.00	 134	 35.41	 0.00200
35.48100	 1733.00	 134	 35.41	 0.00200
35.50600	 1732.00	 130	 36.54	 0.00200
35.53100	 1731.00	 133	 35.70	 0.00200
35.55600	 1730.00	 133	 35.70	 0.00200
35.58100	 1729.00	 133	 35.70	 0.00300
35.60600	 1728.00	 132	 35.98	 0.00200
35.63100	 1727.00	 132	 35.98	 0.00200
35.65600	 1726.00	 132	 35.98	 0.00200
35.68100	 1725.00	 131	 36.26	 0.00200
35.70600	 1724.00	 131	 36.26	 0.00200
35.73100	 1723.00	 131	 36.26	 0.00200
35.75600	 1722.00	 131	 36.26	 0.00200
35.78100	 1721.00	 130	 36.54	 0.00200
35.80600	 1720.00	 128	 37.10	 0.00200
35.83100	 1719.00	 130	 36.54	 0.00200
35.85600	 1718.00	 129	 36.82	 0.00200
35.88100	 1717.00	 129	 36.82	 0.00300
35.90600	 1716.00	 129	 36.82	 0.00200
35.93100	 1715.00	 129	 36.82	 0.00200
35.95600	 1714.00	 128	 37.10	 0.00200
35.98100	 1713.00	 128	 37.10	 0.00200
36.00600	 1712.00	 128	 37.10	 0.00200
36.03100	 1711.00	 128	 37.10	 0.00200
36.05600	 1710.00	 128	 37.10	 0.00200
36.08100	 1709.00	 128	 37.10	 0.00200
36.10600	 1708.00	 124	 38.23	 0.00200
36.13100	 1707.00	 127	 37.39	 0.00200
36.15600	 1706.00	 127	 37.39	 0.00200
36.18200	 1705.00	 126	 37.67	 0.00200
36.20700	 1704.00	 126	 37.67	 0.00200
36.23200	 1703.00	 126	 37.67	 0.00200
36.25700	 1702.00	 126	 37.67	 0.00200
36.28200	 1701.00	 126	 37.67	 0.00200
36.30700	 1700.00	 149	 31.19	 0.00300
36.33200	 1699.00	 125	 37.95	 0.00200
36.35700	 1698.00	 125	 37.95	 0.00200
36.38200	 1697.00	 125	 37.95	 0.00200
36.40700	 1696.00	 149	 31.19	 0.00200
36.43200	 1695.00	 124	 38.23	 0.00200
36.45700	 1694.00	 124	 38.23	 0.00200
36.48200	 1693.00	 124	 38.23	 0.00200
36.50700	 1692.00	 147	 31.75	 0.00200
36.53200	 1691.00	 123	 38.51	 0.00200
36.55700	 1690.00	 123	 38.51	 0.00200
36.58200	 1689.00	 122	 38.80	 0.00200
36.60800	 1688.00	 146	 32.03	 0.00200
36.63300	 1687.00	 122	 38.80	 0.00200
36.65800	 1686.00	 122	 38.80	 0.00200
36.68300	 1685.00	 122	 38.80	 0.00200
36.70800	 1684.00	 126	 37.67	 0.00200
36.73300	 1683.00	 121	 39.08	 0.00300
36.75800	 1682.00	 121	 39.08	 0.00200
36.78300	 1681.00	 121	 39.08	 0.00200
36.80800	 1680.00	 122	 38.80	 0.00200
36.83300	 1679.00	 121	 39.08	 0.00200
36.85800	 1678.00	 120	 39.36	 0.00200
36.88300	 1677.00	 120	 39.36	 0.00200
36.90800	 1676.00	 144	 32.60	 0.00200
36.93300	 1675.00	 120	 39.36	 0.00200
36.95800	 1674.00	 120	 39.36	 0.00200
36.98300	 1673.00	 119	 39.64	 0.00200
37.00800	 1672.00	 127	 37.39	 0.00200
37.03300	 1671.00	 119	 39.64	 0.00300
37.05800	 1670.00	 119	 39.64	 0.00200
37.08300	 1669.00	 118	 39.92	 0.00200
37.10800	 1668.00	 119	 39.64	 0.00200
37.13300	 1667.00	 118	 39.92	 0.00200
37.15800	 1666.00	 118	 39.92	 0.00200
37.18300	 1665.00	 117	 40.20	 0.00200
37.20800	 1664.00	 142	 33.16	 0.00200
37.23300	 1663.00	 117	 40.20	 0.00200
37.25800	 1662.00	 117	 40.20	 0.00200
37.28300	 1661.00	 116	 40.49	 0.00200
37.30800	 1660.00	 127	 37.39	 0.00200
37.33400	 1659.00	 116	 40.49	 0.00200
37.35900	 1658.00	 115	 40.77	 0.00200
37.38400	 1657.00	 116	 40.49	 0.00200
37.40900	 1656.00	 115	 40.77	 0.00200
37.43400	 1655.00	 115	 40.77	 0.00200
37.45900	 1654.00	 116	 40.49	 0.00300
37.48400	 1653.00	 115	 40.77	 0.00200
37.50900	 1652.00	 115	 40.77	 0.00200
37.53400	 1651.00	 114	 41.05	 0.00200
37.55900	 1650.00	 114	 41.05	 0.00200
37.58400	 1650.00	 114	 41.05	 0.00200
37.60900	 1650.00	 114	 41.05	 0.00200
37.63400	 1650.00	 114	 41.05	 0.00200
37.65900	 1650.00	 114	 41.05	 0.00200
37.68400	 1650.00	 114	 41.05	 0.00200
37.70900	 1650.00	 114	 41.05	 0.00200
37.73400	 1650.00	 113	 41.33	 0.00200
37.76000	 1650.00	 113	 41.33	 0.00200
37.78500	 1650.00	 113	 41.33	 0.00200
37.81000	 1650.00	 113	 41.33	 0.00200
37.83500	 1650.00	 113	 41.33	 0.00200
37.86000	 1650.00	 113	 41.33	 0.00200
37.88500	 1650.00	 112	 41.61	 0.00300
37.91000	 1650.00	 112	 41.61	 0.00200
37.93500	 1650.00	 112	 41.61	 0.00200
37.96000	 1650.00	 112	 41.61	 0.00200
37.98500	 1650.00	 112	 41.61	 0.00200
38.01000	 1650.00	 111	 41.90	 0.00200
38.03500	 1650.00	 111	 41.90	 0.00200
38.06000	 1650.00	 111	 41.90	 0.00200
38.08500	 1650.00	 111	 41.90	 0.00200
38.11000	 1650.00	 111	 41.90	 0.00200
38.13500	 1650.00	 111	 41.90	 0.00200
38.16000	 1650.00	 111	 41.90	 0.00200
38.18500	 1650.00	 110	 42.18	 0.00300
38.21000	 1650.00	 110	 42.18	 0.00200
38.23500	 1650.00	 111	 41.90	 0.00200
38.26000	 1650.00	 110	 42.18	 0.00200
38.28500	 1650.00	 110	 42.18	 0.00200
38.31000	 1650.00	 110	 42.18	 0.00200
38.33500	 1650.00	 110	 42.18	 0.00200
38.36000	 1650.00	 110	 42.18	 0.00200
38.38500	 1650.00	 110	 42.18	 0.00200
38.41000	 1650.00	 110	 42.18	 0.00200
38.43500	 1650.00	 110	 42.18	 0.00200
38.46000	 1650.00	 110	 42.18	 0.00200
38.48600	 1650.00	 110	 42.18	 0.00200
38.51100	 1650.00	 110	 42.18	 0.00200
38.53600	 1650.00	 110	 42.18	 0.00200
38.56100	 1650.00	 110	 42.18	 0.00200
38.58600	 1650.00	 110	 42.18	 0.00200
38.61100	 1650.00	 110	 42.18	 0.00300
38.63600	 1650.00	 110	 42.18	 0.00200
38.66100	 1650.00	 109	 42.46	 0.00200
38.68600	 1650.00	 109	 42.46	 0.00200
38.71100	 1650.00	 109	 42.46	 0.00200
38.73600	 1650.00	 109	 42.46	 0.00200
38.76100	 1650.00	 109	 42.46	 0.00200
38.78600	 1650.00	 109	 42.46	 0.00200
38.81100	 1650.00	 109	 42.46	 0.00200
38.83600	 1650.00	 109	 42.46	 0.00200
38.86100	 1650.00	 109	 42.46	 0.00200
38.88600	 1650.00	 109	 42.46	 0.00200
38.91200	 1650.00	 109	 42.46	 0.00200
38.93700	 1650.00	 109	 42.46	 0.00200
38.96200	 1650.00	 109	 42.46	 0.00200
38.98700	 1650.00	 109	 42.46	 0.00200
39.01200	 1650.00	 109	 42.46	 0.00200
39.03700	 1650.00	 109	 42.46	 0.00300
39.06200	 1650.00	 109	 42.46	 0.00200
39.08700	 1650.00	 109	 42.46	 0.00200
39.11200	 1650.00	 109	 42.46	 0.00200
39.13700	 1650.00	 109	 42.46	 0.00200
39.16200	 1650.00	 109	 42.46	 0.00200
39.18700	 1650.00	 110	 42.18	 0.00200
39.21200	 1650.00	 109	 42.46	 0.00200
39.23700	 1650.00	 109	 42.46	 0.00200
39.26200	 1650.00	 109	 42.46	 0.00200
39.28700	 1650.00	 109	 42.46	 0.00200
39.31200	 1650.00	 109	 42.46	 0.00200
39.33700	 1650.00	 109	 42.46	 0.00300
39.36200	 1650.00	 109	 42.46	 0.00200
39.38700	 1650.00	 109	 42.46	 0.00200
39.41200	 1650.00	 109	 42.46	 0.00200
39.43700	 1650.00	 109	 42.46	 0.00200
39.46200	 1650.00	 109	 42.46	 0.00200
39.48700	 1650.00	 109	 42.46	 0.00200
39.51200	 1650.00	 109	 42.46	 0.00200
39.53700	 1650.00	 109	 42.46	 0.00200
39.56200	 1650.00	 109	 42.46	 0.00200
39.58700	 1650.00	 109	 42.46	 0.00200
39.61200	 1650.00	 109	 42.46	 0.00200
39.63800	 1650.00	 109	 42.46	 0.00200
39.66300	 1650.00	 109	 42.46	 0.00200
39.68800	 1650.00	 109	 42.46	 0.00200
39.71300	 1650.00	 109	 42.46	 0.00200
39.73800	 1650.00	 109	 42.46	 0.00200
39.76300	 1650.00	 109	 42.46	 0.00300
39.78800	 1650.00	 109	 42.46	 0.00200
39.81300	 1650.00	 109	 42.46	 0.00200
39.83800	 1650.00	 109	 42.46	 0.00200
39.86300	 1650.00	 108	 42.74	 0.00200
39.88800	 1650.00	 109	 42.46	 0.00200
39.91300	 1650.00	 109	 42.46	 0.00200
39.93800	 1650.00	 109	 42.46	 0.00200
39.96300	 1650.00	 109	 42.46	 0.00200
39.98800	 1650.00	 109	 42.46	 0.00200
40.01300	 1650.00	 109	 42.46	 0.00200
40.03800	 1650.00	 109	 42.46	 0.00200
40.06400	 1650.00	 109	 42.46	 0.00200
40.08900	 1650.00	 109	 42.46	 0.00200
40.11400	 1650.00	 109	 42.46	 0.00200
40.13900	 1650.00	 109	 42.46	 0.00200
40.16400	 1650.00	 110	 42.18	 0.00200
40.18900	 1650.00	 109	 42.46	 0.00300
40.21400	 1650.00	 109	 42.46	 0.00200
40.23900	 1650.00	 109	 42.46	 0.00200
40.26400	 1650.00	 109	 42.46	 0.00200
40.28900	 1650.00	 109	 42.46	 0.00200
40.31400	 1650.00	 109	 42.46	 0.00200
40.33900	 1650.00	 109	 42.46	 0.00200
40.36400	 1650.00	 109	 42.46	 0.00200
40.38900	 1650.00	 109	 42.46	 0.00200
40.41400	 1650.00	 109	 42.46	 0.00200
40.43900	 1650.00	 109	 42.46	 0.00200
40.46400	 1650.00	 109	 42.46	 0.00200
40.48900	 1650.00	 109	 42.46	 0.00300
40.51400	 1650.00	 109	 42.46	 0.00200
40.53900	 1650.00	 109	 42.46	 0.00200
40.56400	 1650.00	 109	 42.46	 0.00200
40.58900	 1650.00	 109	 42.46	 0.00200
40.61400	 1650.00	 109	 42.46	 0.00200
40.63900	 1650.00	 109	 42.46	 0.00200
40.66400	 1650.00	 109	 42.46	 0.00200
40.68900	 1650.00	 109	 42.46	 0.00200
40.71400	 1650.00	 110	 42.18	 0.00200
40.73900	 1650.00	 109	 42.46	 0.00200
40.76400	 1650.00	 109	 42.46	 0.00200
40.79000	 1650.00	 109	 42.46	 0.00200
40.81500	 1650.00	 110	 42.18	 0.00200
40.84000	 1650.00	 109	 42.46	 0.00200
40.86500	 1650.00	 109	 42.46	 0.00200
40.89000	 1650.00	 109	 42.46	 0.00200
40.91500	 1650.00	 109	 42.46	 0.00300
40.94000	 1650.00	 109	 42.46	 0.00200
40.96500	 1650.00	 109	 42.46	 0.00200
40.99000	 1650.00	 109	 42.46	 0.00200
41.01500	 1650.00	 109	 42.46	 0.00200
41.04000	 1650.00	 109	 42.46	 0.00200
41.06500	 1650.00	 109	 42.46	 0.00200
41.09000	 1650.00	 109	 42.46	 0.00200
41.11500	 1650.00	 109	 42.46	 0.00200
41.14000	 1650.00	 110	 42.18	 0.00200
41.16500	 1650.00	 109	 42.46	 0.00200
41.19000	 1650.00	 109	 42.46	 0.00200
41.21600	 1650.00	 109	 42.46	 0.00200
41.24100	 1650.00	 109	 42.46	 0.00200
41.26600	 1650.00	 109	 42.46	 0.00200
41.29100	 1650.00	 109	 42.46	 0.00200
41.31600	 1650.00	 109	 42.46	 0.00200
41.34100	 1650.00	 109	 42.46	 0.00300
41.36600	 1650.00	 109	 42.46	 0.00200
41.39100	 1650.00	 109	 42.46	 0.00200
41.41600	 1650.00	 109	 42.46	 0.00200
41.44100	 1650.00	 109	 42.46	 0.00200
41.46600	 1650.00	 109	 42.46	 0.00200
41.49100	 1650.00	 109	 42.46	 0.00200
41.51600	 1650.00	 110	 42.18	 0.00200
41.54100	 1650.00	 109	 42.46	 0.00200
41.56600	 1650.00	 109	 42.46	 0.00200
41.59100	 1650.00	 109	 42.46	 0.00200
41.61600	 1650.00	 109	 42.46	 0.00200
41.64100	 1650.00	 109	 42.46	 0.00300
41.66600	 1650.00	 109	 42.46	 0.00200
41.69100	 1650.00	 109	 42.46	 0.00200
41.71600	 1650.00	 109	 42.46	 0.00200
41.74100	 1650.00	 109	 42.46	 0.00200
41.76600	 1650.00	 109	 42.46	 0.00200
41.79100	 1650.00	 109	 42.46	 0.00200
41.81600	 1650.00	 109	 42.46	 0.00200
41.84100	 1650.00	 109	 42.46	 0.00200
41.86600	 1650.00	 109	 42.46	 0.00200
41.89100	 1650.00	 109	 42.46	 0.00200
41.91600	 1650.00	 109	 42.46	 0.00200
41.94200	 1650.00	 109	 42.46	 0.00200
41.96700	 1650.00	 108	 42.74	 0.00200
41.99200	 1650.00	 109	 42.46	 0.00200
42.01700	 1650.00	 109	 42.46	 0.00200
42.04200	 1650.00	 109	 42.46	 0.00200
42.06700	 1650.00	 109	 42.46	 0.00300
42.09200	 1650.00	 109	 42.46	 0.00200
42.11700	 1650.00	 109	 42.46	 0.00200
42.14200	 1650.00	 109	 42.46	 0.00200
42.16700	 1650.00	 109	 42.46	 0.00200
42.19200	 1650.00	 109	 42.46	 0.00200
42.21700	 1650.00	 109	 42.46	 0.00200
42.24200	 1650.00	 109	 42.46	 0.00200
42.26700	 1650.00	 109	 42.46	 0.00200
42.29200	 1650.00	 109	 42.46	 0.00200
42.31700	 1650.00	 109	 42.46	 0.00200
42.34200	 1650.00	 109	 42.46	 0.00200
42.36800	 1650.00	 109	 42.46	 0.00200
42.39300	 1650.00	 109	 42.46	 0.00200
42.41800	 1650.00	 109	 42.46	 0.00200
42.44300	 1650.00	 109	 42.46	 0.00200
42.46800	 1650.00	 109	 42.46	 0.00200
42.49300	 1650.00	 109	 42.46	 0.00300
42.51800	 1650.00	 109	 42.46	 0.00200
42.54300	 1650.00	 109	 42.46	 0.00200
42.56800	 1650.00	 108	 42.74	 0.00200
42.59300	 1650.00	 109	 42.46	 0.00200
42.61800	 1650.00	 109	 42.46	 0.00200
42.64300	 1650.00	 109	 42.46	 0.00200
42.66800	 1650.00	 109	 42.46	 0.00200
42.69300	 1650.00	 109	 42.46	 0.00200
42.71800	 1650.00	 109	 42.46	 0.00200
42.74300	 1650.00	 109	 42.46	 0.00200
42.76800	 1650.00	 109	 42.46	 0.00200
42.79300	 1650.00	 109	 42.46	 0.00300
42.81800	 1650.00	 109	 42.46	 0.00200
42.84300	 1650.00	 109	 42.46	 0.00200
42.86800	 1650.00	 110	 42.18	 0.00200
42.89300	 1650.00	 109	 42.46	 0.00200
42.91800	 1650.00	 109	 42.46	 0.00200
42.94300	 1650.00	 109	 42.46	 0.00200
42.96800	 1650.00	 109	 42.46	 0.00200
42.99300	 1650.00	 109	 42.46	 0.00200
43.01800	 1650.00	 109	 42.46	 0.00200
43.04300	 1650.00	 109	 42.46	 0.00200
43.06800	 1650.00	 109	 42.46	 0.00200
43.09400	 1650.00	 109	 42.46	 0.00200
43.11900	 1650.00	 109	 42.46	 0.00200
43.14400	 1650.00	 109	 42.46	 0.00200
43.16900	 1650.00	 109	 42.46	 0.00200
43.19400	 1650.00	 110	 42.18	 0.00200
43.21900	 1650.00	 109	 42.46	 0.00300
43.24400	 1650.00	 109	 42.46	 0.00200
43.26900	 1650.00	 109	 42.46	 0.00200
43.29400	 1650.00	 109	 42.46	 0.00200
43.31900	 1650.00	 109	 42.46	 0.00200
43.34400	 1650.00	 109	 42.46	 0.00200
43.36900	 1650.00	 109	 42.46	 0.00200
43.39400	 1650.00	 109	 42.46	 0.00200
43.41900	 1650.00	 109	 42.46	 0.00200
43.44400	 1650.00	 109	 42.46	 0.00200
43.46900	 1650.00	 109	 42.46	 0.00200
43.49400	 1650.00	 109	 42.46	 0.00200
43.52000	 1650.00	 109	 42.46	 0.00200
43.54500	 1650.00	 109	 42.46	 0.00200
43.57000	 1650.00	 109	 42.46	 0.00200
43.59500	 1650.00	 109	 42.46	 0.00200
43.62000	 1650.00	 109	 42.46	 0.00200
43.64500	 1650.00	 108	 42.74	 0.00300
43.67000	 1650.00	 109	 42.46	 0.00200
43.69500	 1650.00	 109	 42.46	 0.00200
43.72000	 1650.00	 109	 42.46	 0.00200
43.74500	 1650.00	 109	 42.46	 0.00200
43.77000	 1650.00	 109	 42.46	 0.00200
43.79500	 1650.00	 109	 42.46	 0.00200
43.82000	 1650.00	 109	 42.46	 0.00200
43.84500	 1650.00	 109	 42.46	 0.00200
43.87000	 1650.00	 109	 42.46	 0.00200
43.89500	 1650.00	 109	 42.46	 0.00200
43.92000	 1650.00	 109	 42.46	 0.00200
43.94500	 1650.00	 109	 42.46	 0.00300
43.97000	 1650.00	 109	 42.46	 0.00200
43.99500	 1650.00	 109	 42.46	 0.00200
44.02000	 1650.00	 109	 42.46	 0.00200
44.04500	 1650.00	 109	 42.46	 0.00200
44.07000	 1650.00	 109	 42.46	 0.00200
44.09500	 1650.00	 109	 42.46	 0.00200
44.12000	 1650.00	 109	 42.46	 0.00200
44.14500	 1650.00	 109	 42.46	 0.00200
44.17000	 1650.00	 109	 42.46	 0.00200
44.19500	 1650.00	 109	 42.46	 0.00200
44.22000	 1650.00	 109	 42.46	 0.00200
44.24600	 1650.00	 109	 42.46	 0.00200
44.27100	 1650.00	 109	 42.46	 0.00200
44.29600	 1650.00	 109	 42.46	 0.00200
44.32100	 1650.00	 109	 42.46	 0.00200
44.34600	 1650.00	 109	 42.46	 0.00200
44.37100	 1650.00	 109	 42.46	 0.00300
44.39600	 1650.00	 109	 42.46	 0.00200
44.42100	 1650.00	 109	 42.46	 0.00200
44.44600	 1650.00	 109	 42.46	 0.00200
44.47100	 1650.00	 109	 42.46	 0.00200
44.49600	 1650.00	 109	 42.46	 0.00200
44.52100	 1650.00	 109	 42.46	 0.00200
44.54600	 1650.00	 109	 42.46	 0.00200
44.57100	 1650.00	 109	 42.46	 0.00200
44.59600	 1650.00	 109	 42.46	 0.00200
44.62100	 1650.00	 109	 42.46	 0.00200
44.64600	 1650.00	 109	 42.46	 0.00200
44.67200	 1650.00	 109	 42.46	 0.00200
44.69700	 1650.00	 109	 42.46	 0.00200
44.72200	 1650.00	 109	 42.46	 0.00200
44.74700	 1650.00	 109	 42.46	 0.00200
44.77200	 1650.00	 109	 42.46	 0.00200
44.79700	 1650.00	 109	 42.46	 0.00300
44.82200	 1650.00	 109	 42.46	 0.00200
44.84700	 1650.00	 109	 42.46	 0.00200
44.87200	 1650.00	 109	 42.46	 0.00200
44.89700	 1650.00	 109	 42.46	 0.00200
44.92200	 1650.00	 109	 42.46	 0.00200
44.94700	 1650.00	 109	 42.46	 0.00200
44.97200	 1650.00	 109	 42.46	 0.00200
44.99700	 1650.00	 109	 42.46	 0.00200
45.02200	 1650.00	 109	 42.46	 0.00200
45.04700	 1650.00	 109	 42.46	 0.00200
45.07200	 1650.00	 109	 42.46	 0.00200
45.09700	 1650.00	 109	 42.46	 0.00300
45.12200	 1650.00	 109	 42.46	 0.00200
45.14700	 1650.00	 109	 42.46	 0.00200
45.17200	 1650.00	 109	 42.46	 0.00200
45.19700	 1650.00	 109	 42.46	 0.00200
45.22200	 1650.00	 109	 42.46	 0.00200
45.24700	 1650.00	 109	 42.46	 0.00200
45.27200	 1650.00	 109	 42.46	 0.00200
45.29700	 1650.00	 109	 42.46	 0.00200
45.32200	 1650.00	 109	 42.46	 0.00200
45.34700	 1650.00	 109	 42.46	 0.00200
45.37200	 1650.00	 108	 42.74	 0.00200