  -7.5396e-02   1.7278e-02  -8.4567e-02  -3.4013e-06  6.9024e-308  -3.4013e-06   1.9105e+00   1.9095e+00
  -7.5396e-02   1.7278e-02  -7.0957e-02  -3.4013e-06  6.9024e-308  -3.4013e-06   1.9109e+00   1.9091e+00
  -7.5396e-02   1.7278e-02  -7.8983e-02  -3.4013e-06  6.9024e-308  -3.4013e-06   1.9113e+00   1.9086e+00
  -7.5396e-02   1.7278e-02  -7.7760e-02  -3.4013e-06  6.9024e-308  -3.4013e-06   1.9118e+00   1.9082e+00
  -7.5396e-02   1.8849e-02  -7.5399e-02  -3.4013e-06  6.9024e-308  -3.4013e-06   1.9075e+00   1.9031e+00
  -7.5396e-02   1.8849e-02  -8.0121e-02  -3.4013e-06  6.9024e-308  -3.4013e-06   1.9079e+00   1.9026e+00
  -7.5396e-02   1.8849e-02  -8.7551e-02  -6.1223e-06  1.2424e-307   7.9723e-02   1.9084e+00   1.9021e+00
  -7.5396e-02   2.0420e-02  -8.0375e-02  -6.6665e-06   1.5708e-02   6.2125e-02   1.9042e+00   1.8970e+00
  -7.5396e-02   2.1991e-02  -7.7529e-02  -7.3195e-06   1.8849e-02  -3.3650e-02   1.8999e+00   1.8918e+00
  -7.5396e-02   2.3561e-02  -7.1087e-02  -8.1032e-06   2.2619e-02  -3.0946e-02   1.8956e+00   1.8867e+00
  -7.5396e-02   2.5132e-02  -6.8383e-02  -9.0435e-06   2.7143e-02  -3.5370e-03   1.8913e+00   1.8816e+00
  -7.5396e-02   2.6703e-02  -5.7733e-02  -9.6278e-06   3.2571e-02   1.3625e-02   1.8869e+00   1.8766e+00
  -7.5396e-02   2.9844e-02  -3.6981e-02  -1.0220e-05   5.1651e-02   4.0399e-02   1.8777e+00   1.8669e+00
  -7.5396e-02   3.1415e-02  -4.0711e-02  -1.0800e-05   4.2504e-02   7.3871e-02   1.8732e+00   1.8620e+00
  -7.5396e-02   3.2986e-02  -4.6779e-02  -1.1340e-05   4.6481e-02   5.4696e-02   1.8688e+00   1.8570e+00
  -7.5396e-02   3.6127e-02  -4.7729e-02  -1.1799e-05   6.6057e-02   4.0434e-03   1.8596e+00   1.8473e+00
  -7.5396e-02   3.7698e-02  -4.5763e-02  -1.2233e-05   5.7046e-02  -6.7859e-03   1.8552e+00   1.8424e+00
  -7.5396e-02   4.0840e-02  -4.5771e-02  -1.2636e-05   7.3833e-02   5.8843e-02   1.8460e+00   1.8327e+00
  -7.5396e-02   4.3981e-02  -5.0198e-02  -1.3003e-05   8.0098e-02   1.1364e-01   1.8369e+00   1.8230e+00
  -7.5396e-02   4.5552e-02  -4.9110e-02  -1.3335e-05   7.1114e-02   1.1859e-01   1.8325e+00   1.8180e+00
  -7.5396e-02   4.8693e-02  -5.1980e-02  -1.3643e-05   8.7833e-02   5.9646e-02   1.8233e+00   1.8083e+00
  -7.5396e-02   5.1835e-02  -5.6561e-02  -1.3924e-05   9.3991e-02   3.8419e-02   1.8142e+00   1.7985e+00
  -7.5396e-02   5.4976e-02  -4.7874e-02  -1.4182e-05   9.8022e-02   5.1587e-02   1.8051e+00   1.7888e+00
  -7.5396e-02   5.8118e-02  -3.3420e-02  -1.4418e-05   1.0161e-01   7.5080e-02   1.7958e+00   1.7792e+00
  -7.5396e-02   6.1259e-02  -2.2450e-02  -1.4635e-05   1.0771e-01   6.9873e-02   1.7866e+00   1.7697e+00
  -7.5396e-02   6.4401e-02  -1.6816e-02  -1.4833e-05   1.1168e-01   3.7846e-02   1.7772e+00   1.7602e+00
  -7.5396e-02   6.7542e-02  -1.4530e-02  -1.5015e-05   1.1522e-01  -8.1458e-03   1.7679e+00   1.7506e+00
  -7.5396e-02   7.0684e-02  -1.9053e-03  -1.5181e-05   1.1866e-01   4.0143e-02   1.7585e+00   1.7412e+00
  -7.5396e-02   7.3825e-02  -5.1002e-03  -1.5334e-05   1.2207e-01   8.7026e-02   1.7491e+00   1.7318e+00
  -7.5396e-02   7.6967e-02  -9.7929e-03  -1.5474e-05   1.2494e-01   1.0640e-02   1.7397e+00   1.7223e+00
  -7.5396e-02   8.1679e-02  -9.8016e-03  -1.5602e-05   1.4330e-01   2.3965e-02   1.7256e+00   1.7081e+00
  -7.5396e-02   8.4821e-02  -1.2945e-02  -1.5720e-05   1.3321e-01   1.1449e-01   1.7163e+00   1.6986e+00
  -7.5396e-02   8.7962e-02  -1.5565e-02  -1.5827e-05   1.3612e-01   3.4985e-02   1.7069e+00   1.6891e+00
  -7.5396e-02   9.1104e-02  -1.3020e-02  -1.5926e-05   1.3893e-01   3.0773e-02   1.6976e+00   1.6796e+00
  -7.5396e-02   9.4245e-02  -3.5872e-03  -1.6016e-05   1.4173e-01   6.2625e-02   1.6882e+00   1.6701e+00
  -7.5396e-02   9.7387e-02   2.2926e-03  -1.6099e-05   1.4141e-01  -1.0937e-02   1.6787e+00   1.6607e+00
  -7.5396e-02   9.8957e-02   2.2575e-02  -1.6175e-05   1.2734e-01   4.5113e-02   1.6739e+00   1.6561e+00
  -7.5396e-02   1.0210e-01   1.7002e-02  -1.6244e-05   1.4130e-01   2.7221e-02   1.6644e+00   1.6468e+00
  -7.5396e-02   1.0524e-01   1.3634e-02  -1.6308e-05   1.4177e-01   3.4082e-02   1.6549e+00   1.6375e+00
  -7.5396e-02   1.0838e-01   1.3507e-02  -1.6367e-05   1.4178e-01   5.0781e-02   1.6454e+00   1.6281e+00
  -7.5396e-02   1.0995e-01   1.1961e-02  -1.6420e-05   1.2615e-01   3.7244e-03   1.6406e+00   1.6235e+00
  -7.5396e-02   1.1309e-01   2.1697e-02  -1.6469e-05   1.4161e-01   4.3123e-02   1.6311e+00   1.6142e+00
  -7.5396e-02   1.1466e-01   1.7905e-02  -1.6514e-05   1.2597e-01  -2.1500e-02   1.6262e+00   1.6096e+00
  -7.5396e-02   1.1624e-01   1.5721e-02  -1.6555e-05   1.2281e-01   5.3600e-02   1.6214e+00   1.6049e+00
  -7.5396e-02   1.1781e-01   1.1682e-02  -1.6593e-05   1.1901e-01  -7.1666e-03   1.6167e+00   1.6003e+00
  -7.5396e-02   1.1938e-01   1.1910e-02  -1.6628e-05   1.1759e-01   3.8596e-02   1.6119e+00   1.5956e+00
  -7.5396e-02   1.2095e-01   1.5218e-02  -1.6659e-05   1.1278e-01   2.1625e-03   1.6071e+00   1.5910e+00
  -7.5396e-02   1.2252e-01   1.4874e-02  -1.6688e-05   1.1015e-01  -1.0704e-02   1.6023e+00   1.5864e+00
  -7.5396e-02   1.2409e-01   1.9559e-02  -1.6715e-05   1.0761e-01   1.4717e-02   1.5975e+00   1.5818e+00
  -7.5396e-02   1.2409e-01   1.3012e-02  -1.6739e-05   8.9627e-02   9.1237e-03   1.5974e+00   1.5819e+00
  -7.5396e-02   1.2566e-01   8.7994e-03  -1.6762e-05   9.9742e-02   2.6879e-02   1.5926e+00   1.5772e+00
  -7.5396e-02   1.2566e-01   1.7521e-02  -1.6782e-05   8.1426e-02   9.5306e-03   1.5925e+00   1.5773e+00
  -7.5396e-02   1.2566e-01   1.4134e-02  -1.6801e-05   7.5682e-02  -2.7430e-02   1.5924e+00   1.5774e+00
  -7.5396e-02   1.2566e-01   1.9187e-02  -1.6818e-05   6.9295e-02   2.9976e-02   1.5923e+00   1.5775e+00
  -7.5396e-02   1.2566e-01   1.3022e-02  -1.6834e-05   6.5229e-02   1.2216e-03   1.5922e+00   1.5775e+00
  -7.5396e-02   1.2566e-01   7.1840e-03  -1.6848e-05   5.8326e-02   2.5899e-02   1.5922e+00   1.5776e+00
  -7.5396e-02   1.2566e-01   1.3687e-02  -1.6861e-05   5.3706e-02   7.1041e-03   1.5921e+00   1.5777e+00
  -0.0738   0.1241   0.0142   0.0157   0.0336  -0.0252   1.5968   1.5825
  -0.0738   0.1241   0.0156   0.0031   0.0422   0.0194   1.5967   1.5825
  -0.0738   0.1225   0.0018   0.0038   0.0219   0.0122   1.6014   1.5873
  -7.3825e-02   1.2252e-01   3.5641e-05   4.5069e-03   3.0268e-02  -1.5762e-03   1.6014e+00   1.5873e+00
  -0.0738   0.1209   0.0087   0.0054   0.0099   0.0144   1.6060   1.5920
  -0.0738   0.1194   0.0048   0.0034   0.0051  -0.0313   1.6107   1.5968
  -0.0738   0.1178   0.0050   0.0034  -0.0023   0.0249   1.6154   1.6015
  -0.0738   0.1162  -0.0035   0.0033  -0.0071   0.0153   1.6201   1.6062
  -0.0738   0.1147  -0.0078   0.0031  -0.0146   0.0389   1.6249   1.6109
  -0.0738   0.1131  -0.0023   0.0026  -0.0195   0.0208   1.6296   1.6156
  -0.0738   0.1115  -0.0036   0.0025  -0.0244  -0.0092   1.6343   1.6203
  -0.0738   0.1100   0.0073   0.0023  -0.0288   0.0651   1.6390   1.6250
  -0.0738   0.1084   0.0021   0.0021  -0.0332   0.0274   1.6437   1.6297
  -0.0738   0.1068   0.0005   0.0019  -0.0369   0.0608   1.6484   1.6345
  -0.0738   0.1052   0.0106   0.0018  -0.0404   0.0282   1.6531   1.6392
  -0.0738   0.1037   0.0130   0.0016  -0.0436   0.0298   1.6577   1.6440
  -0.0738   0.1005   0.0163   0.0015  -0.0622   0.0348   1.6670   1.6535
  -0.0738   0.0990   0.0126   0.0013  -0.0523   0.0592   1.6717   1.6583
  -0.0738   0.0974   0.0064   0.0012  -0.0554   0.0690   1.6764   1.6631
  -0.0738   0.0958   0.0069   0.0011  -0.0584   0.0382   1.6810   1.6678
  -0.0738   0.0942   0.0171   0.0010  -0.0614   0.0604   1.6857   1.6726
  -0.0738   0.0927   0.0164   0.0009  -0.0612   0.0122   1.6903   1.6774
  -0.0738   0.0911   0.0259   0.0009  -0.0630   0.0661   1.6948   1.6823
  -0.0738   0.0880   0.0220   0.0008  -0.0802   0.0663   1.7041   1.6918
  -0.0738   0.0864   0.0088   0.0007  -0.0689   0.0534   1.7088   1.6966
  -0.0738   0.0848   0.0103   0.0007  -0.0704   0.0834   1.7134   1.7014
  -0.0738   0.0832   0.0073   0.0006  -0.0722   0.0345   1.7181   1.7061
  -0.0738   0.0817   0.0233   0.0006  -0.0740   0.0755   1.7227   1.7110
  -0.0738   0.0817   0.0251   0.0005  -0.0571   0.0174   1.7225   1.7111
  -0.0738   0.0801   0.0319   0.0005  -0.0704   0.0421   1.7271   1.7160
  -0.0738   0.0785   0.0287   0.0004  -0.0705   0.0688   1.7316   1.7209
  -0.0738   0.0770   0.0122   0.0004  -0.0701   0.0307   1.7363   1.7256
  -0.0738   0.0754   0.0087   0.0004  -0.0693   0.0805   1.7409   1.7304
  -0.0738   0.0754   0.0066   0.0003  -0.0561   0.0214   1.7409   1.7304
  -0.0738   0.0738   0.0240   0.0003  -0.0689   0.0485   1.7455   1.7353
  -0.0738   0.0738   0.0252   0.0003  -0.0529   0.0522   1.7453   1.7354
  -0.0738   0.0723   0.0233   0.0002  -0.0651  -0.0170   1.7499   1.7403
  -0.0738   0.0723   0.0262   0.0002  -0.0486   0.0680   1.7498   1.7404
  -0.0738   0.0723   0.0196   0.0002  -0.0471   0.0213   1.7496   1.7405
  -0.0738   0.0707   0.0061   0.0002  -0.0585   0.0522   1.7543   1.7453
  -0.0738   0.0707   0.0042   0.0002  -0.0439   0.0792   1.7543   1.7453
  -0.0738   0.0707  -0.0006   0.0002  -0.0396   0.0668   1.7543   1.7453
  -0.0738   0.0707   0.0057   0.0001  -0.0378   0.0221   1.7543   1.7453
  -0.0738   0.0707   0.0144   0.0001  -0.0359   0.0741   1.7542   1.7454
  -0.0738   0.0707   0.0185   0.0001  -0.0314   0.0488   1.7541   1.7455
  -0.0738   0.0707   0.0187   0.0001  -0.0290  -0.0111   1.7540   1.7456
  -7.3825e-02   7.2254e-02   2.0456e-02   9.1280e-05  -1.1122e-02   4.1187e-02   1.7491e+00   1.7410e+00
  -7.3825e-02   7.2254e-02   1.0970e-02   8.2222e-05  -2.1493e-02   5.0671e-02   1.7491e+00   1.7411e+00
  -7.3825e-02   7.2254e-02   1.1801e-02   7.3922e-05  -1.8603e-02   8.6920e-03   1.7490e+00   1.7412e+00
  -7.3825e-02   7.3825e-02   2.4163e-03   6.6317e-05  -3.2770e-04   7.8048e-02   1.7443e+00   1.7365e+00
  -7.3825e-02   7.5396e-02   2.5760e-03   5.9347e-05   5.3984e-03   6.3770e-02   1.7396e+00   1.7318e+00
  -7.3825e-02   7.5396e-02  -1.6530e-03   5.2960e-05  -7.0050e-03   7.8041e-03   1.7396e+00   1.7317e+00
  -7.3825e-02   7.6967e-02   8.9155e-03   4.7108e-05   1.1600e-02   5.3942e-02   1.7348e+00   1.7271e+00
  -7.3825e-02   7.6967e-02   8.6126e-03   4.1745e-05   1.9331e-03   6.2240e-03   1.7347e+00   1.7271e+00
  -7.3825e-02   7.8538e-02   2.1942e-02   3.6831e-05   1.8093e-02   1.7207e-02   1.7299e+00   1.7225e+00
  -7.3825e-02   8.0108e-02   1.8553e-02   3.2328e-05   2.0632e-02   4.3932e-02   1.7251e+00   1.7179e+00
  -7.3825e-02   8.1679e-02  -1.0134e-03   2.8201e-05   2.6159e-02   3.3952e-04   1.7204e+00   1.7132e+00
  -7.3825e-02   8.1679e-02  -6.5012e-03   2.4420e-05   1.3363e-02   6.6189e-02   1.7204e+00   1.7132e+00
  -7.3825e-02   8.3250e-02  -9.0016e-03   2.0955e-05   3.1357e-02   8.6956e-03   1.7158e+00   1.7084e+00
  -7.3825e-02   8.4821e-02  -3.5914e-03   1.7779e-05   3.4010e-02  -1.5474e-03   1.7111e+00   1.7037e+00
  -7.3825e-02   8.6391e-02   3.0258e-03   1.4870e-05   3.6685e-02   2.6683e-02   1.7063e+00   1.6990e+00
  -7.3825e-02   8.7962e-02  -4.9058e-05   1.2203e-05   3.8791e-02  -4.3783e-02   1.7016e+00   1.6943e+00
  -7.3825e-02   8.9533e-02   1.5984e-04   9.7601e-06   4.3876e-02   9.0002e-03   1.6969e+00   1.6896e+00
  -7.3825e-02   9.1104e-02  -9.1223e-03   7.5213e-06   4.6380e-02   7.9412e-03   1.6923e+00   1.6848e+00
  -7.3825e-02   9.1104e-02  -2.4753e-02   5.4696e-06   3.3146e-02  -1.2398e-02   1.6924e+00   1.6847e+00
  -7.3825e-02   9.2674e-02  -2.5488e-02   3.5896e-06   4.8146e-02   6.6842e-03   1.6878e+00   1.6798e+00
  -7.3825e-02   9.4245e-02  -2.9805e-02   1.8669e-06   5.0017e-02  -3.9919e-02   1.6833e+00   1.6749e+00
  -7.3825e-02   9.5816e-02  -2.0832e-02   2.8822e-07   5.1245e-02  -5.3832e-03   1.6787e+00   1.6701e+00
  -7.3825e-02   9.7387e-02  -2.3519e-02  -1.1584e-06   5.2218e-02  -7.6758e-02   1.6741e+00   1.6653e+00
  -7.3825e-02   9.7387e-02  -1.4309e-02  -2.4840e-06   4.0325e-02  -1.0310e-02   1.6742e+00   1.6652e+00
  -7.3825e-02   9.8957e-02  -1.7348e-02  -3.6987e-06   5.4469e-02  -4.1880e-02   1.6696e+00   1.6604e+00
  -7.3825e-02   1.0053e-01  -4.1080e-02  -4.8118e-06   5.5359e-02  -2.0774e-02   1.6651e+00   1.6554e+00
  -7.3825e-02   1.0210e-01  -4.4150e-02  -5.8318e-06   5.6182e-02  -4.4286e-02   1.6607e+00   1.6505e+00
  -7.3825e-02   1.0210e-01  -3.6121e-02  -6.7665e-06   4.1267e-02  -4.5840e-02   1.6609e+00   1.6503e+00
  -7.3825e-02   1.0367e-01  -3.2563e-02  -7.6230e-06   5.7163e-02  -6.0579e-02   1.6563e+00   1.6454e+00
  -7.3825e-02   1.0367e-01  -2.9948e-02  -8.4079e-06   4.1994e-02  -6.5346e-02   1.6565e+00   1.6452e+00
  -7.3825e-02   1.0524e-01  -3.3339e-02  -9.1271e-06   5.5029e-02  -1.8472e-02   1.6520e+00   1.6403e+00
  -7.3825e-02   1.0524e-01  -3.9757e-02  -9.7862e-06   3.9091e-02  -5.2311e-02   1.6522e+00   1.6401e+00
  -7.3825e-02   1.0524e-01  -4.2611e-02  -1.0390e-05   3.8655e-02  -3.1564e-02   1.6525e+00   1.6398e+00
  -7.3825e-02   1.0681e-01  -3.4961e-02  -1.0944e-05   5.0661e-02  -3.7901e-02   1.6479e+00   1.6349e+00
  -7.3825e-02   1.0681e-01  -3.5072e-02  -1.1451e-05   3.6687e-02  -3.8440e-02   1.6482e+00   1.6347e+00
  -7.3825e-02   1.0681e-01  -3.0235e-02  -1.1915e-05   3.3019e-02  -5.4070e-02   1.6483e+00   1.6346e+00
  -7.3825e-02   1.0681e-01  -3.1926e-02  -1.2341e-05   3.1804e-02  -3.2128e-02   1.6485e+00   1.6344e+00
  -7.3825e-02   1.0681e-01  -4.7181e-02  -1.2731e-05   3.0434e-02   6.3245e-03   1.6488e+00   1.6341e+00
  -7.3825e-02   1.0681e-01  -4.7807e-02  -1.3089e-05   2.6389e-02  -4.4427e-02   1.6491e+00   1.6338e+00
  -7.3825e-02   1.0681e-01  -2.7107e-02  -1.3417e-05   2.4329e-02  -1.6318e-02   1.6492e+00   1.6337e+00
  -7.3825e-02   1.0681e-01  -2.7758e-02  -1.3717e-05   2.2591e-02  -6.3087e-02   1.6494e+00   1.6335e+00
  -7.3825e-02   1.0681e-01  -1.5832e-02  -1.3992e-05   2.0749e-02  -3.3688e-03   1.6495e+00   1.6334e+00
  -7.3825e-02   1.0681e-01  -2.2666e-02  -1.4244e-05   1.8812e-02  -2.2650e-02   1.6496e+00   1.6333e+00
  -7.3825e-02   1.0681e-01  -4.6744e-02  -1.4475e-05   1.7296e-02   7.9464e-03   1.6499e+00   1.6331e+00
  -7.3825e-02   1.0681e-01  -4.6410e-02  -1.4687e-05   1.5890e-02  -3.0093e-02   1.6501e+00   1.6328e+00
  -7.3825e-02   1.0681e-01  -4.2153e-02  -1.4881e-05   1.4549e-02  -1.3778e-02   1.6504e+00   1.6326e+00
  -0.0723   0.1052  -0.0405   0.0157  -0.0024  -0.0234   1.6553   1.6370
  -0.0723   0.1052  -0.0372   0.0031   0.0091  -0.0224   1.6555   1.6368
  -0.0723   0.1037  -0.0412   0.0038  -0.0083  -0.0183   1.6605   1.6413
  -0.0723   0.1037  -0.0570   0.0045   0.0026   0.0033   1.6608   1.6410
  -0.0723   0.1037  -0.0574   0.0054   0.0002  -0.0139   1.6611   1.6407
  -0.0723   0.1021  -0.0514   0.0034  -0.0150  -0.0163   1.6661   1.6451
  -0.0723   0.1021  -0.0510   0.0034  -0.0041  -0.0297   1.6664   1.6448
  -0.0723   0.1005  -0.0405   0.0033  -0.0190  -0.0456   1.6714   1.6493
  -0.0723   0.1005  -0.0428   0.0031  -0.0076  -0.0145   1.6716   1.6491
  -0.0723   0.1005  -0.0602   0.0026  -0.0091   0.0018   1.6720   1.6487
  -0.0723   0.0990  -0.0611   0.0025  -0.0237  -0.0223   1.6770   1.6531
  -0.0707   0.0990  -0.0533   0.0180  -0.0119  -0.0205   1.6773   1.6528
  -0.0707   0.0974  -0.0507   0.0052  -0.0262  -0.0313   1.6823   1.6572
  -0.0707   0.0974  -0.0403   0.0057  -0.0142  -0.0137   1.6826   1.6570
  -0.0707   0.0974  -0.0481   0.0063  -0.0152  -0.0013   1.6828   1.6567
  -0.0707   0.0958  -0.0536   0.0070  -0.0292  -0.0019   1.6879   1.6611
  -0.0707   0.0958  -0.0536   0.0048  -0.0169  -0.0130   1.6882   1.6608
  -0.0707   0.0942  -0.0538   0.0048  -0.0308  -0.0263   1.6932   1.6652
  -0.0707   0.0942  -0.0447   0.0046  -0.0184  -0.0010   1.6935   1.6650
  -0.0707   0.0942  -0.0386   0.0042  -0.0191  -0.0582   1.6937   1.6648
  -0.0707   0.0942  -0.0372   0.0037  -0.0170   0.0130   1.6939   1.6646
  -0.0707   0.0927  -0.0391   0.0035  -0.0328  -0.0287   1.6988   1.6690
  -0.0707   0.0927  -0.0564   0.0032  -0.0175   0.0191   1.6991   1.6687
  -0.0707   0.0927  -0.0576   0.0029  -0.0173  -0.0159   1.6995   1.6684
  -0.0691   0.0927  -0.0472   0.0184  -0.0169  -0.0134   1.6998   1.6681
  -0.0691   0.0911  -0.0395   0.0056  -0.0326  -0.0057   1.7047   1.6726
  -0.0691   0.0911  -0.0377   0.0060  -0.0168  -0.0448   1.7049   1.6724
  -0.0691   0.0911  -0.0403   0.0066  -0.0167   0.0130   1.7051   1.6722
  -0.0691   0.0911  -0.0427   0.0073  -0.0166  -0.0116   1.7054   1.6720
  -0.0691   0.0911  -0.0548   0.0051  -0.0166   0.0156   1.7057   1.6716
  -0.0691   0.0911  -0.0542   0.0050  -0.0133  -0.0038   1.7060   1.6713
  -0.0691   0.0911  -0.0531   0.0048  -0.0126  -0.0180   1.7063   1.6710
  -0.0691   0.0911  -0.0428   0.0044  -0.0118   0.0075   1.7066   1.6708
  -0.0691   0.0911  -0.0443   0.0039  -0.0109  -0.0674   1.7068   1.6706
  -0.0691   0.0911  -0.0325   0.0036  -0.0097   0.0149   1.7070   1.6704
  -0.0691   0.0911  -0.0358   0.0033  -0.0090   0.0180   1.7072   1.6702
  -0.0707   0.0911  -0.0405  -0.0127  -0.0083  -0.0226   1.7074   1.6699
  -0.0707   0.0911  -0.0476  -0.0004  -0.0076   0.0356   1.7077   1.6697
  -0.0707   0.0911  -0.0494  -0.0012  -0.0069  -0.0271   1.7080   1.6694
  -0.0707   0.0911  -0.0365  -0.0022  -0.0064   0.0193   1.7082   1.6692
  -0.0707   0.0927  -0.0377  -0.0033   0.0099  -0.0317   1.7037   1.6643
  -0.0707   0.0927  -0.0332  -0.0014  -0.0022  -0.0374   1.7039   1.6641
  -0.0707   0.0927  -0.0339  -0.0016  -0.0011   0.0348   1.7041   1.6639
  -7.0684e-02   9.2674e-02  -3.7359e-02  -1.7116e-03   3.6655e-05  -3.2707e-02   1.7043e+00   1.6637e+00
  -0.0707   0.0927  -0.0515  -0.0016   0.0013   0.0213   1.7046   1.6634
  -0.0723   0.0927  -0.0539  -0.0170  -0.0004  -0.0013   1.7049   1.6631
  -7.2254e-02   9.2674e-02  -5.4502e-02  -4.3924e-03  -3.2933e-05  -2.6013e-02   1.7052e+00   1.6628e+00
  -0.0723   0.0927  -0.0413  -0.0049   0.0002   0.0092   1.7055   1.6625
  -0.0723   0.0927  -0.0404  -0.0056   0.0002  -0.0391   1.7057   1.6623
  -7.2254e-02   9.2674e-02  -2.8321e-02  -6.3865e-03  -5.3799e-06  -3.2796e-02   1.7059e+00   1.6622e+00
  -7.2254e-02   9.2674e-02  -2.7028e-02  -4.2664e-03   7.2398e-05   1.6543e-02   1.7060e+00   1.6620e+00
  -7.2254e-02   9.2674e-02  -3.3487e-02  -4.2412e-03   9.3464e-05  -2.8595e-02   1.7062e+00   1.6618e+00
  -7.3825e-02   9.2674e-02  -3.7213e-02  -1.9808e-02   7.5099e-05   2.1977e-02   1.7064e+00   1.6616e+00
  -7.3825e-02   9.2674e-02  -3.6593e-02  -6.9438e-03   4.7116e-05  -1.5782e-02   1.7066e+00   1.6614e+00
  -7.3825e-02   9.2674e-02  -2.6403e-02  -7.0553e-03   5.7615e-05  -1.8673e-02   1.7068e+00   1.6613e+00
  -7.3825e-02   9.2674e-02  -2.1107e-02  -7.6130e-03   5.4659e-05   9.5590e-03   1.7069e+00   1.6611e+00
  -7.3825e-02   9.2674e-02  -1.9813e-02  -8.2874e-03   4.6898e-05  -1.8706e-02   1.7070e+00   1.6610e+00
  -7.3825e-02   9.2674e-02  -1.5424e-02  -5.9833e-03   4.1258e-05  -5.9802e-02   1.7071e+00   1.6609e+00
  -7.3825e-02   9.2674e-02  -1.4998e-02  -5.7912e-03   4.0086e-05   4.0729e-02   1.7072e+00   1.6609e+00
  -7.3825e-02   9.2674e-02  -1.7246e-02  -5.5384e-03   3.6580e-05  -2.2439e-02   1.7073e+00   1.6608e+00
  -7.3825e-02   9.2674e-02  -2.2517e-02  -5.1235e-03   3.2964e-05  -1.1649e-02   1.7074e+00   1.6606e+00
  -7.3825e-02   9.2674e-02  -2.0456e-02  -4.4907e-03   3.0178e-05   3.6899e-02   1.7075e+00   1.6605e+00
  -7.3825e-02   9.2674e-02  -2.1194e-02  -4.1921e-03   2.7962e-05  -1.8241e-02   1.7077e+00   1.6604e+00
  -7.3825e-02   9.2674e-02  -6.9993e-03  -3.8723e-03   2.5537e-05   3.5866e-02   1.7077e+00   1.6604e+00
  -7.3825e-02   9.2674e-02  -9.2888e-03  -3.5391e-03   2.3328e-05  -2.8473e-02   1.7078e+00   1.6603e+00
  -7.3825e-02   9.2674e-02  -4.0620e-03  -3.2223e-03   2.1401e-05  -5.5493e-03   1.7078e+00   1.6603e+00
  -7.3825e-02   9.2674e-02  -2.1814e-03  -2.9686e-03   1.9645e-05   4.2814e-02   1.7078e+00   1.6603e+00
  -7.3825e-02   9.2674e-02  -7.3892e-03  -2.7239e-03   1.7982e-05  -1.8076e-02   1.7078e+00   1.6602e+00
  -7.3825e-02   9.2674e-02  -1.8120e-02  -2.4942e-03   1.6471e-05   5.6162e-02   1.7079e+00   1.6601e+00
  -7.3825e-02   9.2674e-02  -2.1975e-02  -2.2852e-03   1.5100e-05   1.0365e-02   1.7081e+00   1.6600e+00
  -7.3825e-02   9.2674e-02  -1.3048e-02  -2.0978e-03   1.3840e-05   4.4081e-04   1.7081e+00   1.6599e+00
  -7.3825e-02   9.2674e-02  -6.0800e-03  -1.9236e-03   1.2679e-05   3.5785e-02   1.7082e+00   1.6599e+00
  -7.3825e-02   9.2674e-02  -5.2053e-03  -1.7635e-03   1.1618e-05  -2.7208e-02   1.7082e+00   1.6599e+00
  -7.3825e-02   9.2674e-02  -3.6225e-03  -1.6174e-03   1.0647e-05   2.5030e-02   1.7082e+00   1.6599e+00
  -7.3825e-02   9.2674e-02  -8.5047e-03  -1.4839e-03   9.7567e-06   1.5397e-02   1.7083e+00   1.6598e+00
  -7.3825e-02   9.2674e-02  -1.4588e-02  -1.3611e-03   8.9401e-06   1.2929e-02   1.7084e+00   1.6597e+00
  -7.3825e-02   9.2674e-02  -2.0463e-02  -1.2486e-03   8.1924e-06   2.0552e-02   1.7085e+00   1.6596e+00
  -7.3825e-02   9.2674e-02  -1.8246e-02  -1.1456e-03   7.5073e-06  -5.9249e-03   1.7086e+00   1.6595e+00
  -7.3825e-02   9.2674e-02  -1.1166e-02  -1.0512e-03   6.8793e-06   3.2889e-02   1.7086e+00   1.6594e+00
  -7.3825e-02   9.2674e-02  -1.1537e-02  -9.6470e-04   6.3038e-06  -3.2904e-02   1.7087e+00   1.6594e+00
  -7.3825e-02   9.2674e-02   4.6171e-03  -8.8542e-04   5.7766e-06  -1.0283e-02   1.7087e+00   1.6594e+00
  -7.3825e-02   9.2674e-02   2.8851e-03  -8.1279e-04   5.2934e-06   4.8574e-02   1.7087e+00   1.6594e+00
  -7.3825e-02   9.2674e-02  -3.2303e-03  -7.4623e-04   4.8506e-06  -1.9206e-02   1.7087e+00   1.6594e+00
  -7.3825e-02   9.2674e-02  -2.2111e-02  -6.8523e-04   4.4449e-06   2.3154e-02   1.7088e+00   1.6593e+00
  -7.3825e-02   9.2674e-02  -2.5738e-02  -6.2933e-04   4.0731e-06   3.5206e-02   1.7090e+00   1.6591e+00
  -7.3825e-02   9.2674e-02  -2.6359e-02  -5.7812e-04   3.7324e-06  -5.7279e-03   1.7091e+00   1.6590e+00
  -7.3825e-02   9.2674e-02  -1.1657e-02  -5.3118e-04   3.4202e-06   4.7829e-02   1.7092e+00   1.6589e+00
  -7.3825e-02   9.2674e-02  -1.3934e-02  -4.8817e-04   3.1341e-06  -1.5991e-02   1.7093e+00   1.6588e+00
  -7.3825e-02   9.2674e-02  -9.4611e-03  -4.4876e-04   2.8720e-06  -1.4520e-02   1.7093e+00   1.6588e+00
  -7.3825e-02   9.2674e-02  -7.2535e-03  -4.1265e-04   2.6317e-06   5.1406e-02   1.7094e+00   1.6587e+00
  -7.3825e-02   9.2674e-02  -1.0048e-02  -3.7955e-04   2.4116e-06   4.8175e-03   1.7094e+00   1.6587e+00
  -7.3825e-02   9.2674e-02  -1.3585e-02  -3.4923e-04   2.2099e-06  -2.7691e-03   1.7095e+00   1.6586e+00
  -7.3825e-02   9.2674e-02  -2.2064e-02  -3.2144e-04   2.0250e-06   5.7120e-02   1.7096e+00   1.6585e+00
  -7.3825e-02   9.2674e-02  -2.6184e-02  -2.9598e-04   1.8557e-06   4.5192e-03   1.7098e+00   1.6583e+00
  -7.3825e-02   9.2674e-02  -1.0045e-02  -2.7264e-04   1.7004e-06   2.1121e-02   1.7098e+00   1.6583e+00
  -7.3825e-02   9.2674e-02  -8.5844e-03  -2.5126e-04   1.5582e-06  -6.7762e-03   1.7099e+00   1.6582e+00
  -7.3825e-02   9.2674e-02  -5.5120e-04  -2.3166e-04   1.4279e-06  -2.6594e-02   1.7099e+00   1.6582e+00
  -7.3825e-02   9.2674e-02   1.7468e-04  -2.1371e-04   1.3084e-06   4.2640e-02   1.7099e+00   1.6582e+00
  -7.3825e-02   9.2674e-02  -5.8139e-03  -1.9726e-04   1.1990e-06  -6.4372e-03   1.7099e+00   1.6582e+00
  -7.3825e-02   9.2674e-02  -1.4801e-02  -1.8218e-04   1.0987e-06   3.9128e-02   1.7100e+00   1.6581e+00
  -7.3825e-02   9.2674e-02  -1.6214e-02  -1.6836e-04   1.0068e-06   9.1137e-03   1.7101e+00   1.6580e+00
  -7.3825e-02   9.2674e-02  -1.5429e-02  -1.5570e-04   9.2258e-07   5.6730e-03   1.7102e+00   1.6579e+00
  -7.3825e-02   9.2674e-02  -1.1839e-02  -1.4410e-04   8.4541e-07   2.2791e-02   1.7102e+00   1.6579e+00
  -7.3825e-02   9.2674e-02  -1.1492e-02  -1.3347e-04   7.7470e-07  -5.4276e-02   1.7103e+00   1.6578e+00
  -7.3825e-02   9.2674e-02  -5.5546e-03  -1.2373e-04   7.0990e-07   4.4510e-02   1.7103e+00   1.6578e+00
  -7.3825e-02   9.2674e-02  -1.0240e-02  -1.1480e-04   6.5052e-07   5.1719e-05   1.7104e+00   1.6577e+00
  -7.3825e-02   9.2674e-02  -2.0523e-02  -1.0662e-04   5.9611e-07   1.1897e-02   1.7105e+00   1.6576e+00
  -7.3825e-02   9.2674e-02  -2.4153e-02  -9.9126e-05   5.4624e-07   5.9281e-02   1.7107e+00   1.6575e+00
  -7.3825e-02   9.2674e-02  -2.9284e-02  -9.2257e-05   5.0055e-07  -1.0959e-02   1.7108e+00   1.6573e+00
  -7.3825e-02   9.2674e-02  -1.1150e-02  -8.5962e-05   4.5868e-07   3.9268e-02   1.7109e+00   1.6572e+00
  -7.3825e-02   9.2674e-02  -1.2132e-02  -8.0195e-05   4.2032e-07   1.1578e-03   1.7110e+00   1.6572e+00
  -7.3825e-02   9.2674e-02  -7.5336e-03  -7.4909e-05   3.8516e-07  -2.9446e-02   1.7110e+00   1.6571e+00
  -7.3825e-02   9.2674e-02  -7.8568e-03  -7.0066e-05   3.5294e-07   4.9960e-02   1.7110e+00   1.6571e+00
  -7.3825e-02   9.2674e-02  -1.2216e-02  -6.5628e-05   3.2342e-07  -1.4595e-02   1.7111e+00   1.6570e+00
  -7.3825e-02   9.2674e-02  -1.8455e-02  -6.1561e-05   2.9637e-07   5.3093e-02   1.7112e+00   1.6569e+00
  -7.3825e-02   9.2674e-02  -2.0918e-02  -5.7834e-05   2.7158e-07   4.7193e-03   1.7113e+00   1.6568e+00
  -7.3825e-02   9.2674e-02   1.0599e-02  -5.4419e-05   2.4886e-07   2.5837e-02   1.7113e+00   1.6569e+00
  -7.3825e-02   9.2674e-02   1.3396e-02  -5.1289e-05   2.2805e-07   2.9688e-02   1.7112e+00   1.6569e+00
  -7.3825e-02   9.2674e-02   2.1110e-02  -4.8422e-05   2.0897e-07  -1.2183e-02   1.7111e+00   1.6571e+00
  -7.3825e-02   9.2674e-02   1.9303e-02  -4.5794e-05   1.9149e-07   6.0850e-02   1.7110e+00   1.6572e+00
  -7.3825e-02   9.2674e-02   1.2663e-02  -4.3386e-05   1.7547e-07   1.3617e-02   1.7109e+00   1.6572e+00
  -7.3825e-02   9.2674e-02  -3.6929e-03  -4.1180e-05   1.6080e-07   5.1618e-02   1.7109e+00   1.6572e+00
  -7.3825e-02   9.2674e-02  -4.4061e-03  -3.9158e-05   1.4735e-07   3.7132e-02   1.7109e+00   1.6572e+00
  -7.3825e-02   9.2674e-02   1.0498e-02  -3.7305e-05   1.3502e-07   2.8595e-02   1.7109e+00   1.6572e+00
  -7.3825e-02   9.2674e-02   1.2531e-02  -3.5607e-05   1.2373e-07   5.6135e-02   1.7108e+00   1.6573e+00
  -7.3825e-02   9.2674e-02   1.0180e-02  -3.4051e-05   1.1338e-07  -1.3473e-02   1.7108e+00   1.6574e+00
  -7.3825e-02   9.2674e-02   2.5236e-02  -3.2625e-05   1.0389e-07   9.2589e-03   1.7106e+00   1.6575e+00
  -7.3825e-02   9.2674e-02   3.3080e-02  -3.1319e-05   9.5205e-08   6.9029e-02   1.7104e+00   1.6577e+00
  -7.3825e-02   9.2674e-02   2.5313e-02  -3.0122e-05   8.7241e-08   9.2843e-03   1.7103e+00   1.6578e+00
  -7.3825e-02   9.2674e-02   1.7125e-02  -2.9025e-05   7.9944e-08   5.2019e-02   1.7102e+00   1.6579e+00
  -7.3825e-02   9.2674e-02   1.1568e-02  -2.8019e-05   7.3257e-08   6.0996e-02   1.7101e+00   1.6580e+00
  -7.3825e-02   9.2674e-02   1.0944e-02  -2.7098e-05   6.7129e-08   4.1162e-03   1.7100e+00   1.6581e+00
  -7.3825e-02   9.2674e-02   1.9047e-02  -2.6254e-05   6.1514e-08   5.4627e-02   1.7099e+00   1.6582e+00
  -7.3825e-02   9.2674e-02   1.8449e-02  -2.5480e-05   5.6369e-08  -1.3949e-02   1.7098e+00   1.6583e+00
  -7.3825e-02   9.2674e-02   2.0044e-02  -2.4772e-05   5.1654e-08   1.4629e-02   1.7097e+00   1.6584e+00
  -7.3825e-02   9.2674e-02   1.2818e-02  -2.4122e-05   4.7333e-08   4.1652e-02   1.7096e+00   1.6585e+00
  -7.3825e-02   9.2674e-02   4.2907e-03  -2.3527e-05   4.3374e-08  -5.1472e-03   1.7096e+00   1.6585e+00
  -7.3825e-02   9.2674e-02   1.3453e-03  -2.2981e-05   3.9746e-08   6.3230e-02   1.7096e+00   1.6585e+00
  -7.3825e-02   9.2674e-02  -3.2663e-03  -2.2482e-05   3.6421e-08  -9.8165e-03   1.7096e+00   1.6585e+00
  -7.3825e-02   9.2674e-02   3.1397e-03  -2.2024e-05   3.3375e-08   2.8511e-02   1.7096e+00   1.6585e+00
  -7.3825e-02   9.2674e-02   6.6962e-03  -2.1604e-05   3.0583e-08   1.7443e-02   1.7096e+00   1.6585e+00
  -7.3825e-02   9.2674e-02   8.9952e-03  -2.1219e-05   2.8025e-08  -3.8586e-02   1.7095e+00   1.6586e+00
  -7.3825e-02   9.2674e-02   1.4401e-02  -2.0867e-05   2.5681e-08   3.5593e-02   1.7094e+00   1.6587e+00
  -7.3825e-02   9.2674e-02   8.2855e-03  -2.0544e-05   2.3533e-08   1.0760e-02   1.7094e+00   1.6587e+00
  -7.3825e-02   9.2674e-02  -1.0694e-02  -2.0248e-05   2.1564e-08   6.4129e-03   1.7095e+00   1.6586e+00
  -7.3825e-02   9.2674e-02  -1.2633e-02  -1.9977e-05   1.9761e-08   2.1460e-02   1.7095e+00   1.6586e+00
  -7.3825e-02   9.2674e-02  -1.1566e-02  -1.9729e-05   1.8108e-08  -9.0501e-03   1.7096e+00   1.6585e+00
  -7.3825e-02   9.2674e-02   6.6847e-04  -1.9501e-05   1.6593e-08   4.2837e-02   1.7096e+00   1.6585e+00
  -7.3825e-02   9.2674e-02  -8.2429e-04  -1.9292e-05   1.5205e-08  -2.4665e-02   1.7096e+00   1.6585e+00
  -7.3825e-02   9.2674e-02   7.3127e-03  -1.9101e-05   1.3933e-08  -2.0255e-03   1.7096e+00   1.6586e+00
  -7.3825e-02   9.2674e-02   1.0347e-02  -1.8926e-05   1.2768e-08   4.5892e-02   1.7095e+00   1.6586e+00
  -7.3825e-02   9.2674e-02   2.2832e-03  -1.8765e-05   1.1700e-08  -1.3692e-02   1.7095e+00   1.6586e+00
  -7.3825e-02   9.2674e-02  -7.5657e-03  -1.8618e-05   1.0721e-08   3.3437e-02   1.7095e+00   1.6586e+00
  -7.3825e-02   9.2674e-02  -1.1498e-02  -1.8483e-05   9.8245e-09   2.3379e-02   1.7096e+00   1.6585e+00
  -7.3825e-02   9.2674e-02  -6.4506e-03  -1.8360e-05   9.0027e-09  -2.3119e-03   1.7096e+00   1.6585e+00
  -7.3825e-02   9.2674e-02  -1.1653e-03  -1.8247e-05   8.2497e-09   3.4299e-02   1.7096e+00   1.6585e+00
  -7.3825e-02   9.2674e-02   6.1822e-04  -1.8143e-05   7.5596e-09  -2.6631e-02   1.7096e+00   1.6585e+00
  -7.3825e-02   9.2674e-02   1.2274e-02  -1.8048e-05   6.9273e-09  -1.1729e-02   1.7096e+00   1.6585e+00
  -7.3825e-02   9.2674e-02   3.4380e-03  -1.7961e-05   6.3479e-09   1.9640e-02   1.7095e+00   1.6586e+00
  -7.3825e-02   9.4245e-02   1.2050e-03  -1.7881e-05   1.5708e-02  -1.4527e-02   1.7048e+00   1.6539e+00
  -7.3825e-02   9.4245e-02   4.0343e-04  -1.7808e-05   3.1415e-03   2.0814e-02   1.7048e+00   1.6539e+00
  -7.3825e-02   9.4245e-02  -2.7672e-03  -1.7741e-05   3.7698e-03  -3.4099e-02   1.7048e+00   1.6538e+00
  -7.3825e-02   9.4245e-02   3.9707e-03  -1.7679e-05   4.5238e-03   2.6136e-02   1.7048e+00   1.6539e+00
  -7.3825e-02   9.4245e-02   5.1905e-03  -1.7623e-05   5.4285e-03  -2.2236e-02   1.7048e+00   1.6539e+00
  -7.3825e-02   9.4245e-02   1.6719e-02  -1.7571e-05   3.3727e-03  -2.4362e-02   1.7047e+00   1.6540e+00
  -7.3825e-02   9.4245e-02   1.0639e-02  -1.7524e-05   3.4190e-03   3.3385e-02   1.7046e+00   1.6540e+00
  -7.3825e-02   9.4245e-02   4.3029e-03  -1.7481e-05   3.3488e-03  -2.3121e-02   1.7046e+00   1.6541e+00
  -7.3825e-02   9.4245e-02   2.0731e-03  -1.7441e-05   3.1138e-03   5.6249e-02   1.7046e+00   1.6541e+00
  -7.3825e-02   9.4245e-02  -1.4802e-03  -1.7405e-05   2.6509e-03  -1.6946e-02   1.7046e+00   1.6541e+00
  -7.3825e-02   9.4245e-02   8.9298e-03  -1.7371e-05   2.5065e-03   3.7778e-02   1.7045e+00   1.6541e+00
  -7.3825e-02   9.4245e-02   9.5726e-03  -1.7341e-05   2.3240e-03  -3.6208e-04   1.7045e+00   1.6542e+00
  -7.3825e-02   9.4245e-02   1.6081e-02  -1.7313e-05   2.1190e-03  -2.5283e-02   1.7044e+00   1.6543e+00
  -7.3825e-02   9.4245e-02   1.7370e-02  -1.7287e-05   1.9201e-03   4.0548e-02   1.7043e+00   1.6544e+00
  -7.3825e-02   9.4245e-02   1.1802e-02  -1.7264e-05   1.7739e-03   1.0896e-02   1.7042e+00   1.6544e+00
  -7.3825e-02   9.4245e-02   1.3075e-03  -1.7242e-05   1.6274e-03   2.7770e-02   1.7042e+00   1.6544e+00
  -7.3825e-02   9.4245e-02  -3.0584e-03  -1.7222e-05   1.4881e-03   4.8840e-02   1.7042e+00   1.6544e+00
  -7.3825e-02   9.4245e-02  -3.4520e-03  -1.7204e-05   1.3619e-03  -7.6214e-03   1.7043e+00   1.6544e+00
  -7.3825e-02   9.4245e-02   4.8846e-03  -1.7188e-05   1.2503e-03   3.7657e-02   1.7042e+00   1.6544e+00
  -7.3825e-02   9.4245e-02   6.3678e-03  -1.7173e-05   1.1455e-03  -1.5564e-02   1.7042e+00   1.6545e+00
  -7.3825e-02   9.4245e-02   1.9905e-02  -1.7159e-05   1.0492e-03  -9.8678e-03   1.7041e+00   1.6546e+00
  -7.3825e-02   9.4245e-02   8.0843e-03  -1.7146e-05   9.6136e-04   2.8563e-02   1.7040e+00   1.6546e+00
  -7.3825e-02   9.4245e-02   9.0383e-03  -1.7134e-05   8.8126e-04  -2.4615e-04   1.7040e+00   1.6547e+00
  -7.3825e-02   9.4245e-02   9.3956e-03  -1.7124e-05   8.0746e-04   4.0326e-02   1.7039e+00   1.6547e+00
  -7.3825e-02   9.4245e-02   9.5188e-03  -1.7114e-05   7.3985e-04  -2.5462e-02   1.7039e+00   1.6548e+00
  -7.3825e-02   9.4245e-02   1.6703e-02  -1.7105e-05   6.7799e-04   3.8887e-02   1.7038e+00   1.6549e+00
  -7.3825e-02   9.4245e-02   1.6414e-02  -1.7097e-05   6.2131e-04  -1.1030e-02   1.7037e+00   1.6550e+00
  -7.3825e-02   9.4245e-02   2.5839e-02  -1.7089e-05   5.6932e-04  -1.9321e-02   1.7035e+00   1.6551e+00
  -7.3825e-02   9.4245e-02   1.9883e-02  -1.7082e-05   5.2169e-04   4.6094e-02   1.7034e+00   1.6552e+00
  -7.3825e-02   9.4245e-02   1.4339e-02  -1.7076e-05   4.7806e-04  -1.7210e-02   1.7033e+00   1.6553e+00
  -7.3825e-02   9.4245e-02  -1.7916e-03  -1.7070e-05   4.3808e-04   4.8803e-02   1.7033e+00   1.6553e+00
  -7.3825e-02   9.4245e-02  -2.3569e-03  -1.7065e-05   4.0143e-04   7.6515e-03   1.7034e+00   1.6553e+00
  -7.3825e-02   9.4245e-02   1.3517e-02  -1.7060e-05   3.6785e-04  -4.9692e-03   1.7033e+00   1.6554e+00
  -7.3825e-02   9.4245e-02   1.8422e-02  -1.7055e-05   3.3708e-04   3.0873e-02   1.7032e+00   1.6555e+00
  -7.3825e-02   9.4245e-02   1.7961e-02  -1.7051e-05   3.0889e-04  -1.6399e-02   1.7031e+00   1.6556e+00
  -7.3825e-02   9.4245e-02   2.4841e-02  -1.7047e-05   2.8305e-04  -2.3841e-02   1.7029e+00   1.6557e+00
  -7.3825e-02   9.4245e-02   3.0169e-02  -1.7044e-05   2.5938e-04   4.0660e-02   1.7028e+00   1.6559e+00
  -7.3825e-02   9.4245e-02   2.2593e-02  -1.7041e-05   2.3768e-04  -2.5578e-02   1.7026e+00   1.6560e+00
  -7.3825e-02   9.4245e-02   1.1544e-02  -1.7038e-05   2.1780e-04   2.0239e-02   1.7026e+00   1.6561e+00
  -7.3825e-02   9.4245e-02   7.0921e-03  -1.7035e-05   1.9958e-04   2.7382e-02   1.7025e+00   1.6561e+00
  -7.3825e-02   9.4245e-02   4.5514e-03  -1.7033e-05   1.8289e-04  -2.4222e-02   1.7025e+00   1.6561e+00
  -7.3825e-02   9.4245e-02   1.3183e-02  -1.7031e-05   1.6759e-04   1.7870e-02   1.7024e+00   1.6562e+00
  -7.3825e-02   9.4245e-02   1.4500e-02  -1.7029e-05   1.5357e-04  -1.2288e-02   1.7023e+00   1.6563e+00
  -7.3825e-02   9.4245e-02   2.2956e-02  -1.7027e-05   1.4073e-04  -1.8798e-02   1.7022e+00   1.6564e+00
  -7.3825e-02   9.4245e-02   1.2988e-02  -1.7025e-05   1.2895e-04   2.7820e-02   1.7021e+00   1.6565e+00
  -7.3825e-02   9.4245e-02   1.0141e-02  -1.7023e-05   1.1817e-04  -3.0156e-02   1.7021e+00   1.6565e+00
  -7.3825e-02   9.4245e-02  -1.0564e-03  -1.7022e-05   1.0828e-04   4.8599e-02   1.7021e+00   1.6565e+00
  -7.3825e-02   9.4245e-02  -7.4766e-03  -1.7021e-05   9.9227e-05  -3.8308e-04   1.7021e+00   1.6565e+00
  -7.3825e-02   9.4245e-02   3.4154e-03  -1.7020e-05   9.0927e-05   1.3651e-02   1.7021e+00   1.6565e+00
  -7.3825e-02   9.4245e-02   6.3123e-03  -1.7018e-05   8.3321e-05   1.4701e-02   1.7021e+00   1.6566e+00
  -7.3825e-02   9.4245e-02   1.6239e-02  -1.7017e-05   7.6352e-05  -3.7400e-02   1.7020e+00   1.6566e+00
  -7.3825e-02   9.4245e-02   1.8108e-02  -1.7016e-05   6.9965e-05   4.1242e-02   1.7019e+00   1.6567e+00
  -7.3825e-02   9.4245e-02   1.1398e-02  -1.7016e-05   6.4113e-05  -9.4136e-03   1.7018e+00   1.6568e+00
  -7.3825e-02   9.4245e-02  -9.2772e-03  -1.7015e-05   5.8750e-05   3.8792e-02   1.7019e+00   1.6568e+00
  -7.3825e-02   9.4245e-02  -1.1820e-02  -1.7014e-05   5.3836e-05   1.1021e-02   1.7019e+00   1.6567e+00
  -7.3825e-02   9.4245e-02   6.4567e-03  -1.7013e-05   4.9333e-05   1.6836e-02   1.7019e+00   1.6567e+00
  -7.3825e-02   9.4245e-02   9.1166e-03  -1.7013e-05   4.5206e-05   2.9047e-02   1.7018e+00   1.6568e+00
  -7.3825e-02   9.4245e-02   1.0034e-02  -1.7012e-05   4.1425e-05  -2.2864e-02   1.7018e+00   1.6568e+00
  -7.3825e-02   9.4245e-02   1.0871e-02  -1.7012e-05   3.7960e-05   5.1500e-02   1.7017e+00   1.6569e+00
  -7.3825e-02   9.4245e-02   6.1492e-03  -1.7011e-05   3.4785e-05   5.5956e-03   1.7017e+00   1.6569e+00
  -7.3825e-02   9.4245e-02  -3.4382e-03  -1.7011e-05   3.1875e-05   2.9682e-02   1.7017e+00   1.6569e+00
  -7.3825e-02   9.4245e-02  -4.7394e-03  -1.7011e-05   2.9209e-05   3.7923e-02   1.7017e+00   1.6569e+00
  -7.3825e-02   9.4245e-02  -1.0191e-02  -1.7010e-05   2.6766e-05  -9.6834e-04   1.7018e+00   1.6568e+00
  -7.3825e-02   9.4245e-02  -4.1120e-03  -1.7010e-05   2.4527e-05   3.1374e-02   1.7018e+00   1.6568e+00
  -7.3825e-02   9.4245e-02   1.4982e-03  -1.7010e-05   2.2475e-05  -2.6655e-02   1.7018e+00   1.6568e+00
  -7.3825e-02   9.4245e-02   5.3871e-03  -1.7009e-05   2.0595e-05   3.5841e-02   1.7018e+00   1.6568e+00
  -7.3825e-02   9.4245e-02  -4.5354e-04  -1.7009e-05   1.8873e-05   6.9840e-04   1.7018e+00   1.6568e+00
  -7.3825e-02   9.4245e-02  -8.7832e-03  -1.7009e-05   1.7294e-05   3.9182e-03   1.7018e+00   1.6568e+00
  -7.3825e-02   9.4245e-02  -1.0290e-02  -1.7009e-05   1.5848e-05   2.7697e-02   1.7019e+00   1.6567e+00
  -7.3825e-02   9.4245e-02  -9.7929e-03  -1.7008e-05   1.4522e-05  -1.6671e-02   1.7019e+00   1.6567e+00
  -7.3825e-02   9.4245e-02   6.7936e-04  -1.7008e-05   1.3307e-05   8.3155e-03   1.7019e+00   1.6567e+00
  -7.3825e-02   9.4245e-02   3.3887e-03  -1.7008e-05   1.2194e-05  -2.9931e-03   1.7019e+00   1.6567e+00
  -7.3825e-02   9.4245e-02   6.3806e-03  -1.7008e-05   1.1174e-05  -4.8486e-02   1.7019e+00   1.6567e+00
  -7.3825e-02   9.4245e-02   5.8483e-03  -1.7008e-05   1.0240e-05   2.6481e-02   1.7018e+00   1.6568e+00
  -7.3825e-02   9.4245e-02  -2.1475e-04  -1.7008e-05   9.3831e-06  -1.8064e-02   1.7018e+00   1.6568e+00
  -7.3825e-02   9.4245e-02  -1.1324e-02  -1.7008e-05   8.5982e-06   2.7699e-03   1.7019e+00   1.6567e+00
  -7.3825e-02   9.4245e-02  -1.7075e-02  -1.7007e-05   7.8790e-06   3.9069e-02   1.7020e+00   1.6566e+00
  -7.3825e-02   9.4245e-02  -2.2578e-02  -1.7007e-05   7.2200e-06  -2.3422e-02   1.7021e+00   1.6565e+00
  -7.3825e-02   9.4245e-02  -8.0941e-03  -1.7007e-05   6.6160e-06   8.8409e-03   1.7022e+00   1.6564e+00
  -7.3825e-02   9.4245e-02  -8.1530e-03  -1.7007e-05   6.0626e-06  -1.7162e-02   1.7022e+00   1.6564e+00
  -7.3825e-02   9.4245e-02  -1.5673e-03  -1.7007e-05   5.5555e-06  -1.8193e-02   1.7022e+00   1.6564e+00
  -7.3825e-02   9.4245e-02  -6.3334e-03  -1.7007e-05   5.0908e-06   2.6094e-02   1.7023e+00   1.6563e+00
  -7.3825e-02   9.4245e-02  -8.9704e-03  -1.7007e-05   4.6650e-06  -3.5192e-02   1.7023e+00   1.6563e+00
  -7.3825e-02   9.4245e-02  -1.4854e-02  -1.7007e-05   4.2748e-06   5.0431e-02   1.7024e+00   1.6562e+00
  -7.3825e-02   9.4245e-02  -2.1450e-02  -1.7007e-05   3.9172e-06  -3.1468e-02   1.7025e+00   1.6561e+00
  -7.3825e-02   9.4245e-02  -1.0233e-02  -1.7007e-05   3.5896e-06   1.4312e-02   1.7026e+00   1.6560e+00
  -7.3825e-02   9.4245e-02  -9.6459e-03  -1.7007e-05   3.2893e-06  -2.3600e-02   1.7026e+00   1.6560e+00
  -7.3825e-02   9.4245e-02   6.1835e-03  -1.7007e-05   3.0142e-06  -1.1031e-02   1.7026e+00   1.6560e+00
  -7.3825e-02   9.4245e-02   4.6428e-03  -1.7007e-05   2.7621e-06   2.3493e-02   1.7026e+00   1.6560e+00
  -7.3825e-02   9.4245e-02  -1.4559e-03  -1.7007e-05   2.5310e-06  -2.6063e-02   1.7026e+00   1.6560e+00
  -7.3825e-02   9.4245e-02  -8.7087e-03  -1.7007e-05   2.3193e-06   4.4993e-02   1.7026e+00   1.6560e+00
  -7.3825e-02   9.4245e-02  -1.0422e-02  -1.7007e-05   2.1253e-06  -1.8764e-02   1.7027e+00   1.6559e+00
  -7.3825e-02   9.4245e-02   6.1766e-03  -1.7007e-05   1.9475e-06   1.9320e-02   1.7027e+00   1.6560e+00
  -7.3825e-02   9.4245e-02   5.4683e-03  -1.7007e-05   1.7846e-06  -8.3319e-03   1.7026e+00   1.6560e+00
  -7.3825e-02   9.4245e-02   7.9523e-03  -1.7007e-05   1.6354e-06  -1.7110e-02   1.7026e+00   1.6560e+00
  -7.3825e-02   9.4245e-02   8.0375e-03  -1.7007e-05   1.4986e-06   3.6057e-02   1.7025e+00   1.6561e+00
  -7.3825e-02   9.4245e-02   2.8342e-03  -1.7006e-05   1.3732e-06  -1.9172e-02   1.7025e+00   1.6561e+00
  -7.3825e-02   9.4245e-02  -5.6123e-03  -1.7006e-05   1.2584e-06   3.9044e-02   1.7026e+00   1.6561e+00
  -7.3825e-02   9.4245e-02  -6.0475e-03  -1.7006e-05   1.1531e-06   2.1186e-02   1.7026e+00   1.6560e+00
  -7.3825e-02   9.4245e-02   2.8860e-04  -1.7006e-05   1.0567e-06  -1.4694e-02   1.7026e+00   1.6560e+00
  -7.3825e-02   9.4245e-02   5.7602e-03  -1.7006e-05   9.6827e-07   2.5391e-02   1.7026e+00   1.6561e+00
  -7.3825e-02   9.4245e-02   8.7993e-03  -1.7006e-05   8.8728e-07  -2.2866e-02   1.7025e+00   1.6561e+00
  -7.3825e-02   9.4245e-02   1.9453e-02  -1.7006e-05   8.1306e-07  -1.0450e-02   1.7024e+00   1.6562e+00
  -7.3825e-02   9.4245e-02   1.9604e-02  -1.7006e-05   7.4505e-07   2.7200e-02   1.7023e+00   1.6563e+00
  -7.3825e-02   9.4245e-02   1.1441e-02  -1.7006e-05   6.8273e-07  -1.0531e-02   1.7022e+00   1.6564e+00
  -7.3825e-02   9.4245e-02   8.9145e-03  -1.7006e-05   6.2563e-07   3.9185e-02   1.7022e+00   1.6564e+00
  -7.3825e-02   9.4245e-02   9.5654e-03  -1.7006e-05   5.7329e-07  -7.7948e-03   1.7021e+00   1.6565e+00
  -7.3825e-02   9.4245e-02   1.7512e-02  -1.7006e-05   5.2534e-07   2.5399e-02   1.7020e+00   1.6566e+00
  -7.3825e-02   9.4245e-02   1.7969e-02  -1.7006e-05   4.8140e-07  -1.5245e-02   1.7019e+00   1.6567e+00
  -7.3825e-02   9.4245e-02   3.0150e-02  -1.7006e-05   4.4113e-07  -2.8474e-03   1.7017e+00   1.6569e+00
  -7.3825e-02   9.4245e-02   3.5742e-02  -1.7006e-05   4.0423e-07   5.3256e-02   1.7015e+00   1.6571e+00
  -7.3825e-02   9.4245e-02   2.8495e-02  -1.7006e-05   3.7042e-07  -6.2434e-03   1.7014e+00   1.6572e+00
  -7.3825e-02   9.4245e-02   1.9955e-02  -1.7006e-05   3.3944e-07   2.6100e-02   1.7013e+00   1.6573e+00
  -7.3825e-02   9.4245e-02   1.9052e-02  -1.7006e-05   3.1104e-07   6.3343e-02   1.7011e+00   1.6575e+00
  -7.3825e-02   9.4245e-02   1.9221e-02  -1.7006e-05   2.8503e-07   7.4228e-03   1.7010e+00   1.6576e+00
  -7.3825e-02   9.4245e-02   2.7559e-02  -1.7006e-05   2.6119e-07   5.1217e-02   1.7009e+00   1.6577e+00
  -7.3825e-02   9.4245e-02   2.8384e-02  -1.7006e-05   2.3934e-07  -3.8768e-03   1.7007e+00   1.6579e+00
  -7.3825e-02   9.4245e-02   3.8112e-02  -1.7006e-05   2.1932e-07   4.1134e-02   1.7005e+00   1.6581e+00
  -7.3825e-02   9.4245e-02   3.0618e-02  -1.7006e-05   2.0097e-07   5.1641e-02   1.7003e+00   1.6583e+00
  -7.3825e-02   9.4245e-02   2.8995e-02  -1.7006e-05   1.8416e-07   2.0737e-02   1.7002e+00   1.6584e+00
  -7.3825e-02   9.4245e-02   2.5627e-02  -1.7006e-05   1.6876e-07   8.0720e-02   1.7000e+00   1.6586e+00
  -7.3825e-02   9.4245e-02   2.2799e-02  -1.7006e-05   1.5464e-07   1.5634e-02   1.6999e+00   1.6587e+00
  -7.3825e-02   9.4245e-02   3.0160e-02  -1.7006e-05   1.4171e-07   5.9177e-02   1.6997e+00   1.6589e+00
  -7.3825e-02   9.4245e-02   2.9050e-02  -1.7006e-05   1.2985e-07   4.1332e-03   1.6995e+00   1.6590e+00
  -7.3825e-02   9.4245e-02   4.3798e-02  -1.7006e-05   1.1899e-07   1.8280e-02   1.6993e+00   1.6593e+00
  -7.3825e-02   9.4245e-02   3.9797e-02  -1.7006e-05   1.0904e-07   5.1120e-02   1.6991e+00   1.6595e+00
  -7.3825e-02   9.4245e-02   3.3713e-02  -1.7006e-05   9.9919e-08   1.7035e-02   1.6989e+00   1.6597e+00
  -7.3825e-02   9.4245e-02   3.0129e-02  -1.7006e-05   9.1561e-08   6.5207e-02   1.6987e+00   1.6599e+00
  -7.3825e-02   9.4245e-02   2.7672e-02  -1.7006e-05   8.3903e-08  -1.6667e-03   1.6985e+00   1.6600e+00
  -7.3825e-02   9.4245e-02   3.9966e-02  -1.7006e-05   7.6885e-08   5.6295e-02   1.6983e+00   1.6602e+00
  -7.3825e-02   9.4245e-02   3.6677e-02  -1.7006e-05   7.0454e-08  -1.3627e-02   1.6981e+00   1.6604e+00
  -7.3825e-02   9.4245e-02   4.7484e-02  -1.7006e-05   6.4560e-08   3.8821e-02   1.6978e+00   1.6607e+00
  -7.3825e-02   9.4245e-02   3.9680e-02  -1.7006e-05   5.9160e-08   3.8374e-02   1.6976e+00   1.6609e+00
  -7.3825e-02   9.4245e-02   3.9574e-02  -1.7006e-05   5.4212e-08   8.1183e-03   1.6974e+00   1.6612e+00
  -7.3825e-02   9.4245e-02   3.7919e-02  -1.7006e-05   4.9677e-08   5.4998e-02   1.6971e+00   1.6614e+00
  -7.3825e-02   9.4245e-02   3.8015e-02  -1.7006e-05   4.5522e-08  -1.3844e-02   1.6969e+00   1.6616e+00
  -7.3825e-02   9.4245e-02   4.5328e-02  -1.7006e-05   4.1714e-08   4.0106e-02   1.6967e+00   1.6618e+00
  -7.3825e-02   9.4245e-02   4.3011e-02  -1.7006e-05   3.8225e-08  -2.7275e-02   1.6964e+00   1.6621e+00
  -7.3825e-02   9.4245e-02   5.2954e-02  -1.7006e-05   3.5028e-08   1.2780e-02   1.6961e+00   1.6624e+00
  -7.3825e-02   9.4245e-02   4.6750e-02  -1.7006e-05   3.2098e-08   2.5413e-02   1.6958e+00   1.6626e+00
  -7.3825e-02   9.4245e-02   4.1032e-02  -1.7006e-05   2.9413e-08  -1.3276e-02   1.6956e+00   1.6629e+00
  -7.3825e-02   9.4245e-02   3.0506e-02  -1.7006e-05   2.6953e-08   3.4139e-02   1.6954e+00   1.6630e+00
  -7.3825e-02   9.4245e-02   2.6825e-02  -1.7006e-05   2.4698e-08  -2.2769e-02   1.6953e+00   1.6632e+00
  -7.3825e-02   9.4245e-02   3.7672e-02  -1.7006e-05   2.2632e-08   1.2313e-02   1.6951e+00   1.6634e+00
  -7.3825e-02   9.4245e-02   3.6095e-02  -1.7006e-05   2.0739e-08  -2.9867e-02   1.6949e+00   1.6636e+00
  -7.3825e-02   9.4245e-02   4.3193e-02  -1.7006e-05   1.9005e-08  -1.3575e-02   1.6946e+00   1.6638e+00
  -7.3825e-02   9.4245e-02   3.3804e-02  -1.7006e-05   1.7415e-08   1.0227e-02   1.6944e+00   1.6640e+00
  -7.3825e-02   9.4245e-02   2.9687e-02  -1.7006e-05   1.5958e-08  -3.4861e-02   1.6942e+00   1.6642e+00
  -7.3825e-02   9.4245e-02   2.2493e-02  -1.7006e-05   1.4623e-08   1.9544e-02   1.6941e+00   1.6643e+00
  -7.3825e-02   9.4245e-02   2.2828e-02  -1.7006e-05   1.3400e-08  -2.6401e-02   1.6940e+00   1.6645e+00
  -7.3825e-02   9.4245e-02   2.8144e-02  -1.7006e-05   1.2279e-08  -1.9939e-04   1.6938e+00   1.6646e+00
  -7.3825e-02   9.4245e-02   2.7136e-02  -1.7006e-05   1.1252e-08  -6.4878e-02   1.6937e+00   1.6648e+00
  -7.3825e-02   9.4245e-02   3.1978e-02  -1.7006e-05   1.0311e-08   2.4467e-02   1.6935e+00   1.6650e+00
  -7.3825e-02   9.4245e-02   2.5527e-02  -1.7006e-05   9.4485e-09  -3.8351e-02   1.6933e+00   1.6651e+00
  -7.3825e-02   9.4245e-02   1.8912e-02  -1.7006e-05   8.6582e-09   2.9715e-02   1.6932e+00   1.6652e+00
  -7.3825e-02   9.4245e-02   2.0115e-02  -1.7006e-05   7.9340e-09  -2.9707e-02   1.6931e+00   1.6653e+00
  -7.3825e-02   9.4245e-02   2.8886e-02  -1.7006e-05   7.2704e-09   1.6113e-02   1.6929e+00   1.6655e+00
  -7.3825e-02   9.4245e-02   3.4275e-02  -1.7006e-05   6.6622e-09  -4.0964e-02   1.6928e+00   1.6657e+00
  -7.3825e-02   9.4245e-02   3.3033e-02  -1.7006e-05   6.1050e-09   3.1421e-02   1.6926e+00   1.6659e+00
  -7.3825e-02   9.4245e-02   2.7081e-02  -1.7006e-05   5.5943e-09  -1.5375e-02   1.6924e+00   1.6660e+00
  -7.3825e-02   9.4245e-02   1.3517e-02  -1.7006e-05   5.1264e-09   4.3419e-02   1.6923e+00   1.6661e+00
  -7.3825e-02   9.4245e-02   1.1002e-02  -1.7006e-05   4.6976e-09  -2.3848e-02   1.6923e+00   1.6661e+00
  -7.3825e-02   9.4245e-02   2.3388e-02  -1.7006e-05   4.3046e-09   3.4588e-02   1.6921e+00   1.6663e+00
  -7.3825e-02   9.4245e-02   2.2897e-02  -1.7006e-05   3.9446e-09  -4.0124e-02   1.6920e+00   1.6664e+00
  -7.3825e-02   9.4245e-02   1.9757e-02  -1.7006e-05   3.6146e-09   3.1402e-02   1.6919e+00   1.6665e+00
  -7.3825e-02   9.4245e-02   1.4219e-02  -1.7006e-05   3.3123e-09  -2.6255e-02   1.6918e+00   1.6666e+00
  -7.3825e-02   9.4245e-02   1.1048e-02  -1.7006e-05   3.0352e-09   5.0843e-02   1.6917e+00   1.6667e+00
  -7.3825e-02   9.4245e-02   6.9134e-03  -1.7006e-05   2.7813e-09  -2.6827e-02   1.6917e+00   1.6667e+00
  -7.3825e-02   9.4245e-02   1.3415e-02  -1.7006e-05   2.5487e-09   2.5881e-02   1.6916e+00   1.6668e+00
  -7.3825e-02   9.4245e-02   1.1554e-02  -1.7006e-05   2.3355e-09  -4.8593e-02   1.6916e+00   1.6668e+00
  -7.3825e-02   9.4245e-02   7.8560e-03  -1.7006e-05   2.1402e-09   3.9972e-02   1.6915e+00   1.6669e+00
  -7.3825e-02   9.4245e-02   1.6162e-03  -1.7006e-05   1.9611e-09  -2.5004e-02   1.6915e+00   1.6669e+00
  -7.3825e-02   9.4245e-02  -2.2026e-03  -1.7006e-05   1.7971e-09   3.5882e-02   1.6915e+00   1.6669e+00
  -7.3825e-02   9.4245e-02  -5.4404e-03  -1.7006e-05   1.6468e-09  -3.3453e-02   1.6915e+00   1.6668e+00
  -7.3825e-02   9.4245e-02   6.8136e-04  -1.7006e-05   1.5090e-09   1.1089e-02   1.6915e+00   1.6669e+00
  -7.3825e-02   9.4245e-02   2.5597e-03  -1.7006e-05   1.3828e-09  -4.5039e-02   1.6915e+00   1.6669e+00
  -7.3825e-02   9.4245e-02   9.8799e-03  -1.7006e-05   1.2671e-09  -8.9001e-03   1.6915e+00   1.6669e+00
  -7.3825e-02   9.4245e-02   6.3466e-03  -1.7006e-05   1.1612e-09  -1.1879e-02   1.6914e+00   1.6670e+00
  -7.3825e-02   9.4245e-02   7.8125e-04  -1.7006e-05   1.0640e-09  -9.6485e-03   1.6914e+00   1.6670e+00
  -7.3825e-02   9.4245e-02  -7.7600e-04  -1.7006e-05   9.7503e-10  -2.4203e-02   1.6914e+00   1.6670e+00
  -7.3825e-02   9.4245e-02   1.8019e-02  -1.7006e-05   8.9347e-10  -1.2319e-02   1.6913e+00   1.6671e+00
  -7.3825e-02   9.4245e-02   1.7388e-02  -1.7006e-05   8.1874e-10  -3.6417e-02   1.6912e+00   1.6672e+00
  -7.3825e-02   9.4245e-02   2.0495e-02  -1.7006e-05   7.5025e-10  -4.3576e-02   1.6911e+00   1.6673e+00
  -7.3825e-02   9.4245e-02   2.2378e-02  -1.7006e-05   6.8750e-10   1.2585e-02   1.6910e+00   1.6674e+00
  -7.3825e-02   9.4245e-02   1.7954e-02  -1.7006e-05   6.2999e-10  -3.7280e-02   1.6909e+00   1.6675e+00
  -7.3825e-02   9.4245e-02   8.1775e-03  -1.7006e-05   5.7730e-10   2.7472e-02   1.6908e+00   1.6675e+00
  -7.3825e-02   9.4245e-02   5.7515e-03  -1.7006e-05   5.2901e-10  -2.8922e-02   1.6908e+00   1.6676e+00
  -7.3825e-02   9.4245e-02   2.1973e-02  -1.7006e-05   4.8476e-10  -1.2013e-02   1.6907e+00   1.6677e+00
  -7.3825e-02   9.4245e-02   2.2128e-02  -1.7006e-05   4.4421e-10  -2.3155e-02   1.6906e+00   1.6678e+00
  -7.3825e-02   9.4245e-02   3.0574e-02  -1.7006e-05   4.0705e-10  -2.7128e-02   1.6904e+00   1.6680e+00
  -7.3825e-02   9.4245e-02   2.8808e-02  -1.7006e-05   3.7301e-10   1.6085e-02   1.6902e+00   1.6682e+00
  -7.3825e-02   9.4245e-02   2.2285e-02  -1.7006e-05   3.4181e-10  -2.0456e-02   1.6901e+00   1.6683e+00