  -8.3250e-02   4.5552e-02  -7.8658e-02  -2.7969e-08  4.7747e-308  -2.7969e-08   1.8256e+00   1.8247e+00
  -8.3250e-02   4.5552e-02  -7.8792e-02  -2.7969e-08  4.7747e-308  -2.7969e-08   1.8260e+00   1.8243e+00
  -8.3250e-02   4.5552e-02  -8.4445e-02  -2.7969e-08  4.7747e-308  -2.7969e-08   1.8265e+00   1.8238e+00
  -8.3250e-02   4.5552e-02  -6.2887e-02  -2.7969e-08  4.7747e-308  -2.7969e-08   1.8269e+00   1.8234e+00
  -8.3250e-02   4.5552e-02  -5.5982e-02  -2.7969e-08  4.7747e-308  -2.7969e-08   1.8272e+00   1.8231e+00
  -8.3250e-02   6.4401e-02  -5.1910e-02  -2.7969e-08  4.7747e-308  -2.7969e-08   1.7710e+00   1.7663e+00
  -8.3250e-02   6.7542e-02  -3.5252e-02  -5.0345e-08   3.1415e-02   3.4146e-02   1.7617e+00   1.7567e+00
  -8.3250e-02   6.9113e-02  -1.8098e-02  -5.4820e-08   2.1991e-02   3.5361e-02   1.7571e+00   1.7518e+00
  -8.3250e-02   7.2254e-02   4.4105e-03  -6.0190e-08   4.2096e-02   3.6875e-02   1.7477e+00   1.7424e+00
  -8.3250e-02   7.3825e-02   2.3179e-02  -6.6634e-08   3.4808e-02   3.8716e-02   1.7428e+00   1.7379e+00
  -8.3250e-02   7.6967e-02   4.2233e-02  -7.4367e-08   5.7477e-02   3.7582e-02   1.7332e+00   1.7287e+00
  -8.3250e-02   7.8538e-02   5.5684e-02  -7.9172e-08   4.6982e-02   5.7900e-02   1.7281e+00   1.7243e+00
  -8.3250e-02   8.1679e-02   6.1461e-02  -8.4042e-08   6.7688e-02   7.2978e-02   1.7184e+00   1.7152e+00
  -8.3250e-02   8.3250e-02   7.1582e-02  -8.8812e-08   5.7098e-02   7.7929e-02   1.7132e+00   1.7109e+00
  -8.3250e-02   8.6391e-02   7.6631e-02  -9.3248e-08   7.7264e-02   8.1073e-02   1.7034e+00   1.7019e+00
  -8.3250e-02   8.9533e-02   8.2826e-02  -9.7024e-08   8.1221e-02   8.8189e-02   1.6935e+00   1.6929e+00
  -8.3250e-02   9.1104e-02   8.3505e-02  -1.0059e-07   7.2362e-02   7.8191e-02   1.6883e+00   1.6887e+00
  -8.3250e-02   9.4245e-02   8.2433e-02  -1.0391e-07   8.9004e-02   5.8718e-02   1.6784e+00   1.6797e+00
  -8.3250e-02   9.5816e-02   7.8156e-02  -1.0692e-07   7.9678e-02   2.0424e-02   1.6732e+00   1.6755e+00
  -8.3250e-02   9.8957e-02   8.3107e-02  -1.0966e-07   9.5868e-02  -6.4050e-04   1.6633e+00   1.6665e+00
  -8.3250e-02   1.0053e-01   9.6479e-02  -1.1219e-07   8.3090e-02   2.7451e-02   1.6581e+00   1.6623e+00
  -8.3250e-02   1.0210e-01   1.0753e-01  -1.1450e-07   8.5235e-02   7.4614e-02   1.6527e+00   1.6582e+00
  -8.3250e-02   1.0367e-01   1.0139e-01  -1.1662e-07   8.4482e-02   7.5571e-02   1.6474e+00   1.6541e+00
  -8.3250e-02   1.0681e-01   9.3175e-02  -1.1856e-07   1.0115e-01   6.3230e-02   1.6375e+00   1.6452e+00
  -8.3250e-02   1.0838e-01   8.7298e-02  -1.2034e-07   8.6499e-02   4.2051e-02   1.6323e+00   1.6410e+00
  -8.3250e-02   1.0995e-01   8.1920e-02  -1.2198e-07   8.7181e-02   5.1937e-02   1.6271e+00   1.6367e+00
  -8.3250e-02   1.0995e-01   6.3687e-02  -1.2347e-07   7.1862e-02   1.0794e-01   1.6267e+00   1.6371e+00
  -8.3250e-02   1.1152e-01   6.1812e-02  -1.2484e-07   8.5046e-02   4.5815e-02   1.6216e+00   1.6327e+00
  -8.3250e-02   1.1309e-01   6.6966e-02  -1.2610e-07   8.1825e-02   7.1327e-02   1.6165e+00   1.6284e+00
  -8.3250e-02   1.1309e-01   6.8491e-02  -1.2725e-07   6.5183e-02   4.6144e-02   1.6162e+00   1.6287e+00
  -8.3250e-02   1.1466e-01   5.8634e-02  -1.2830e-07   7.6491e-02   7.8973e-02   1.6111e+00   1.6244e+00
  -8.3250e-02   1.1466e-01   5.2865e-02  -1.2927e-07   6.1709e-02   9.1636e-02   1.6108e+00   1.6247e+00
  -8.3250e-02   1.1466e-01   5.6446e-02  -1.3015e-07   5.7041e-02   5.6297e-02   1.6105e+00   1.6250e+00
  -8.3250e-02   1.1466e-01   5.5182e-02  -1.3096e-07   5.2085e-02   6.6883e-02   1.6102e+00   1.6253e+00
  -8.3250e-02   1.1466e-01   5.7860e-02  -1.3171e-07   4.9465e-02   4.7374e-02   1.6098e+00   1.6256e+00
  -8.3250e-02   1.1466e-01   5.2269e-02  -1.3239e-07   4.4060e-02   8.5067e-02   1.6095e+00   1.6259e+00
  -8.3250e-02   1.1466e-01   4.8025e-02  -1.3301e-07   4.0530e-02   6.4253e-02   1.6093e+00   1.6262e+00
  -8.3250e-02   1.1466e-01   4.5936e-02  -1.3358e-07   3.7228e-02   8.5520e-02   1.6090e+00   1.6264e+00
  -8.3250e-02   1.1466e-01   5.1419e-02  -1.3411e-07   3.4257e-02   7.4478e-02   1.6087e+00   1.6267e+00
  -8.3250e-02   1.1466e-01   5.0692e-02  -1.3459e-07   3.1215e-02   3.0228e-02   1.6084e+00   1.6270e+00
  -8.3250e-02   1.1309e-01   5.4205e-02  -1.3503e-07   1.2939e-02   4.9569e-02   1.6128e+00   1.6320e+00
  -8.3250e-02   1.1309e-01   4.3995e-02  -1.3543e-07   2.3128e-02   7.3029e-02   1.6126e+00   1.6323e+00
  -8.3250e-02   1.1152e-01   3.6030e-02  -1.3580e-07   4.6001e-03   9.6803e-02   1.6171e+00   1.6372e+00
  -8.3250e-02   1.1152e-01   3.3796e-02  -1.3614e-07   1.4376e-02   5.0972e-02   1.6169e+00   1.6374e+00
  -8.3250e-02   1.0995e-01   3.9899e-02  -1.3645e-07  -4.6990e-03   4.7478e-02   1.6213e+00   1.6423e+00
  -8.3250e-02   1.0838e-01   4.3632e-02  -1.3673e-07  -8.2265e-03   4.3057e-02   1.6258e+00   1.6473e+00
  -8.3250e-02   1.0681e-01   3.4942e-02  -1.3699e-07  -1.4497e-02   5.6578e-02   1.6303e+00   1.6522e+00
  -8.3250e-02   1.0681e-01   2.6879e-02  -1.3723e-07  -2.6093e-03   7.2439e-02   1.6302e+00   1.6523e+00
  -8.3250e-02   1.0524e-01   2.5295e-02  -1.3745e-07  -2.1714e-02   3.4586e-02   1.6347e+00   1.6572e+00
  -8.3250e-02   1.0367e-01   2.8170e-02  -1.3765e-07  -2.5117e-02   3.6020e-02   1.6393e+00   1.6621e+00
  -8.3250e-02   1.0367e-01   3.2629e-02  -1.3783e-07  -1.2788e-02   1.7880e-02   1.6391e+00   1.6622e+00
  -8.3250e-02   1.0210e-01   2.6693e-02  -1.3800e-07  -2.8153e-02   6.1942e-02   1.6437e+00   1.6671e+00
  -8.3250e-02   1.0053e-01   1.2331e-02  -1.3816e-07  -3.3262e-02   4.9656e-02   1.6483e+00   1.6719e+00
  -8.3250e-02   9.8957e-02   1.2322e-02  -1.3830e-07  -3.5571e-02   2.9530e-02   1.6529e+00   1.6767e+00
  -8.3250e-02   9.7387e-02   2.6075e-02  -1.3843e-07  -3.7662e-02   3.4397e-02   1.6575e+00   1.6815e+00
  -8.3250e-02   9.5816e-02   2.4144e-02  -1.3855e-07  -4.2637e-02   1.9483e-02   1.6621e+00   1.6864e+00
  -8.3250e-02   9.4245e-02   3.2962e-02  -1.3866e-07  -4.5534e-02   5.0866e-02   1.6666e+00   1.6913e+00
  -8.3250e-02   9.4245e-02   2.4192e-02  -1.3875e-07  -3.2281e-02   2.4736e-02   1.6665e+00   1.6914e+00
  -8.3250e-02   9.2674e-02   1.9455e-02  -1.3885e-07  -4.7330e-02   6.4334e-02   1.6711e+00   1.6962e+00
  -8.3250e-02   9.1104e-02   1.8422e-02  -1.3893e-07  -4.9264e-02   1.9187e-02   1.6757e+00   1.7010e+00
  -8.3250e-02   8.9533e-02   2.0390e-02  -1.3901e-07  -5.0589e-02   5.5781e-02   1.6803e+00   1.7059e+00
  -8.3250e-02   8.7962e-02   2.1357e-02  -1.3908e-07  -5.1600e-02  -7.4215e-03   1.6848e+00   1.7107e+00
  -8.3250e-02   8.7962e-02   1.9197e-02  -1.3914e-07  -3.9757e-02   7.1033e-02   1.6847e+00   1.7108e+00
  -8.3250e-02   8.6391e-02   1.4583e-02  -1.3920e-07  -5.3950e-02   1.6783e-04   1.6894e+00   1.7156e+00
  -8.3250e-02   8.4821e-02   4.2744e-03  -1.3925e-07  -5.4887e-02   8.0442e-02   1.6941e+00   1.7203e+00
  -8.3250e-02   8.4821e-02   1.9220e-03  -1.3930e-07  -4.0039e-02   1.6121e-02   1.6940e+00   1.7203e+00
  -8.3250e-02   8.3250e-02   1.2576e-02  -1.3935e-07  -5.3434e-02   3.4330e-02   1.6987e+00   1.7251e+00
  -8.3250e-02   8.3250e-02   1.1135e-02  -1.3939e-07  -4.0462e-02   8.0605e-03   1.6986e+00   1.7252e+00
  -8.3250e-02   8.1679e-02   3.0730e-02  -1.3943e-07  -5.3472e-02   4.3507e-03   1.7032e+00   1.7301e+00
  -8.3250e-02   8.1679e-02   2.6396e-02  -1.3946e-07  -3.7481e-02   4.2891e-02   1.7030e+00   1.7302e+00
  -8.3250e-02   8.0108e-02   2.0008e-02  -1.3950e-07  -5.2677e-02  -1.8189e-03   1.7076e+00   1.7351e+00
  -8.3250e-02   8.0108e-02   1.3822e-02  -1.3953e-07  -3.6818e-02   6.6281e-02   1.7075e+00   1.7351e+00
  -8.3250e-02   8.0108e-02   8.9491e-03  -1.3955e-07  -3.6090e-02  -6.3944e-03   1.7075e+00   1.7352e+00
  -8.3250e-02   7.8538e-02   1.4525e-02  -1.3958e-07  -4.8321e-02   4.6145e-02   1.7121e+00   1.7400e+00
  -8.3250e-02   7.8538e-02   1.8835e-02  -1.3960e-07  -3.4781e-02  -1.9226e-02   1.7120e+00   1.7401e+00
  -8.3250e-02   7.8538e-02   2.7393e-02  -1.3962e-07  -3.1202e-02   2.5049e-02   1.7118e+00   1.7402e+00
  -8.3250e-02   7.8538e-02   2.3641e-02  -1.3964e-07  -3.0079e-02   4.2722e-02   1.7117e+00   1.7404e+00
  -8.3250e-02   7.8538e-02   1.8549e-02  -1.3966e-07  -2.8877e-02  -4.3206e-03   1.7116e+00   1.7405e+00
  -8.3250e-02   7.8538e-02   3.2733e-03  -1.3967e-07  -2.4988e-02   6.6915e-02   1.7116e+00   1.7405e+00
  -8.3250e-02   7.8538e-02  -1.5416e-03  -1.3969e-07  -2.3029e-02  -3.9399e-03   1.7116e+00   1.7405e+00
  -8.3250e-02   7.8538e-02   9.1541e-03  -1.3970e-07  -2.1394e-02   2.3722e-02   1.7115e+00   1.7405e+00
  -8.3250e-02   7.8538e-02   1.0555e-02  -1.3971e-07  -1.9658e-02  -1.7087e-02   1.7115e+00   1.7406e+00
  -8.3250e-02   7.8538e-02   1.9796e-02  -1.3972e-07  -1.7814e-02  -7.9572e-04   1.7114e+00   1.7407e+00
  -8.3250e-02   7.8538e-02   1.5137e-02  -1.3973e-07  -1.6379e-02   2.6817e-02   1.7113e+00   1.7408e+00
  -8.3250e-02   7.8538e-02   5.9097e-03  -1.3974e-07  -1.5049e-02  -3.6544e-03   1.7112e+00   1.7408e+00
  -8.3250e-02   8.0108e-02   2.7629e-03  -1.3975e-07   1.9277e-03   3.4020e-02   1.7065e+00   1.7361e+00
  -8.3250e-02   8.0108e-02   1.9504e-04  -1.3976e-07  -9.4628e-03  -1.9271e-02   1.7065e+00   1.7361e+00
  -8.3250e-02   8.0108e-02   1.9873e-02  -1.3977e-07  -7.7926e-03   2.0900e-02   1.7064e+00   1.7362e+00
  -8.3250e-02   8.1679e-02   1.7493e-02  -1.3977e-07   9.6322e-03  -4.5718e-02   1.7016e+00   1.7316e+00
  -8.3250e-02   8.1679e-02   1.9636e-02  -1.3978e-07  -1.1391e-03   2.1733e-02   1.7015e+00   1.7317e+00
  -8.3250e-02   8.1679e-02   1.0703e-02  -1.3979e-07  -1.7525e-03  -1.1968e-02   1.7014e+00   1.7318e+00
  -8.3250e-02   8.3250e-02  -1.6812e-03  -1.3979e-07   1.5497e-02   2.0657e-02   1.6967e+00   1.7271e+00
  -8.3250e-02   8.3250e-02  -1.1054e-03  -1.3980e-07   4.4475e-03   6.0628e-03   1.6967e+00   1.7271e+00
  -8.3250e-02   8.4821e-02   1.1961e-02  -1.3980e-07   1.9118e-02  -3.7057e-03   1.6919e+00   1.7224e+00
  -8.3250e-02   8.4821e-02   1.2359e-02  -1.3980e-07   7.4621e-03  -1.0287e-02   1.6919e+00   1.7225e+00
  -8.3250e-02   8.6391e-02   2.6922e-02  -1.3981e-07   2.5012e-02  -2.2071e-02   1.6870e+00   1.7179e+00
  -8.3250e-02   8.6391e-02   2.3096e-02  -1.3981e-07   1.1208e-02   2.1617e-02   1.6869e+00   1.7181e+00
  -8.3250e-02   8.6391e-02   1.4663e-02  -1.3981e-07   1.2560e-02  -1.5230e-02   1.6868e+00   1.7181e+00
  -8.3250e-02   8.7962e-02   1.0475e-02  -1.3982e-07   2.6956e-02   3.5602e-02   1.6820e+00   1.7135e+00
  -8.3250e-02   8.7962e-02   1.7493e-02  -1.3982e-07   1.5147e-02  -1.7570e-02   1.6819e+00   1.7136e+00
  -8.3250e-02   8.7962e-02   2.0140e-02  -1.3982e-07   1.3174e-02   1.9492e-02   1.6818e+00   1.7137e+00
  -8.3250e-02   8.9533e-02   2.9756e-02  -1.3982e-07   2.9275e-02  -4.8425e-02   1.6769e+00   1.7092e+00
  -8.3250e-02   8.9533e-02   2.8060e-02  -1.3983e-07   1.6911e-02   3.9765e-02   1.6767e+00   1.7093e+00
  -8.3250e-02   9.1104e-02   2.0157e-02  -1.3983e-07   3.0609e-02  -2.6066e-02   1.6719e+00   1.7047e+00
  -8.3250e-02   9.1104e-02   7.9952e-03  -1.3983e-07   1.7994e-02   5.1830e-02   1.6719e+00   1.7048e+00
  -8.3250e-02   9.1104e-02   3.5517e-03  -1.3983e-07   1.8958e-02  -2.8474e-02   1.6718e+00   1.7048e+00
  -8.3250e-02   9.2674e-02   7.2391e-03  -1.3983e-07   3.2602e-02   1.9015e-02   1.6671e+00   1.7001e+00
  -8.3250e-02   9.2674e-02   1.2717e-02  -1.3983e-07   2.0032e-02  -4.0075e-02   1.6670e+00   1.7002e+00
  -8.3250e-02   9.2674e-02   9.6734e-03  -1.3983e-07   1.7917e-02   3.1210e-02   1.6670e+00   1.7002e+00
  -8.3250e-02   9.2674e-02   4.5006e-03  -1.3984e-07   1.7902e-02  -1.3987e-02   1.6669e+00   1.7003e+00
  -8.3250e-02   9.4245e-02   2.0423e-03  -1.3984e-07   3.3398e-02   1.7020e-02   1.6622e+00   1.6956e+00
  -8.3250e-02   9.4245e-02   1.0316e-02  -1.3984e-07   1.7850e-02  -1.2334e-02   1.6622e+00   1.6956e+00
  -8.3250e-02   9.4245e-02   1.7676e-02  -1.3984e-07   1.7413e-02   1.2815e-02   1.6621e+00   1.6957e+00
  -8.3250e-02   9.4245e-02   1.9276e-02  -1.3984e-07   1.7313e-02  -3.4426e-02   1.6619e+00   1.6958e+00
  -8.3250e-02   9.4245e-02   1.3144e-02  -1.3984e-07   1.7195e-02   3.0834e-02   1.6619e+00   1.6959e+00
  -8.3250e-02   9.4245e-02   5.9149e-03  -1.3984e-07   1.3954e-02  -5.9369e-03   1.6618e+00   1.6959e+00
  -8.3250e-02   9.4245e-02   2.8309e-03  -1.3984e-07   1.3175e-02   1.4145e-02   1.6618e+00   1.6959e+00
  -8.3250e-02   9.4245e-02   9.6033e-03  -1.3984e-07   1.2327e-02  -9.5977e-03   1.6618e+00   1.6960e+00
  -8.3250e-02   9.4245e-02   6.8236e-03  -1.3984e-07   1.1330e-02  -2.3657e-02   1.6617e+00   1.6960e+00
  -8.3250e-02   9.4245e-02   1.1203e-02  -1.3984e-07   1.0157e-02  -2.5091e-02   1.6617e+00   1.6961e+00
  -8.3250e-02   9.4245e-02   2.6453e-03  -1.3984e-07   9.3980e-03   1.0760e-02   1.6616e+00   1.6961e+00
  -8.3250e-02   9.4245e-02  -1.5192e-03  -1.3984e-07   8.6426e-03   1.7368e-03   1.6617e+00   1.6961e+00
  -8.3250e-02   9.4245e-02  -2.6246e-03  -1.3984e-07   7.9056e-03   5.9533e-03   1.6617e+00   1.6961e+00
  -8.3250e-02   9.4245e-02   7.1109e-03  -1.3984e-07   7.2207e-03  -2.9197e-02   1.6616e+00   1.6961e+00
  -8.3250e-02   9.4245e-02   8.4746e-03  -1.3984e-07   6.6334e-03  -4.7095e-03   1.6616e+00   1.6962e+00
  -8.3250e-02   9.4245e-02   1.0954e-02  -1.3984e-07   6.0805e-03  -3.3304e-02   1.6615e+00   1.6962e+00
  -8.3250e-02   9.4245e-02   7.4010e-03  -1.3984e-07   5.5680e-03   1.6597e-02   1.6615e+00   1.6963e+00
  -8.3250e-02   9.4245e-02   4.2480e-03  -1.3984e-07   5.1005e-03  -7.8023e-03   1.6614e+00   1.6963e+00
  -8.3250e-02   9.4245e-02   3.4333e-03  -1.3984e-07   4.6765e-03  -4.9336e-03   1.6614e+00   1.6963e+00
  -8.3250e-02   9.4245e-02   1.1132e-02  -1.3984e-07   4.2851e-03  -6.8472e-03   1.6614e+00   1.6964e+00
  -8.3250e-02   9.4245e-02   1.1308e-02  -1.3984e-07   3.9260e-03  -6.9704e-03   1.6613e+00   1.6965e+00
  -8.3250e-02   9.4245e-02   2.9946e-02  -1.3984e-07   3.5976e-03  -2.4620e-02   1.6611e+00   1.6966e+00
  -8.3250e-02   9.2674e-02   2.2422e-02  -1.3985e-07  -1.2410e-02  -2.6353e-03   1.6657e+00   1.7015e+00
  -8.3250e-02   9.2674e-02   1.4598e-02  -1.3985e-07  -1.2034e-04  -1.4309e-03   1.6656e+00   1.7015e+00
  -8.3250e-02   9.2674e-02   1.2160e-02  -1.3985e-07  -1.0014e-03  -2.4684e-03   1.6656e+00   1.7016e+00
  -8.3250e-02   9.2674e-02   1.9475e-02  -1.3985e-07  -1.9869e-03   1.3984e-03   1.6654e+00   1.7017e+00
  -8.3250e-02   9.2674e-02   1.9382e-02  -1.3985e-07  -3.1038e-03  -3.6980e-02   1.6653e+00   1.7018e+00
  -8.3250e-02   9.2674e-02   3.0375e-02  -1.3985e-07  -1.2425e-03   1.2739e-02   1.6652e+00   1.7020e+00
  -8.3250e-02   9.2674e-02   2.4419e-02  -1.3985e-07  -1.4669e-03  -2.0865e-02   1.6650e+00   1.7021e+00
  -8.3250e-02   9.2674e-02   9.5802e-03  -1.3985e-07  -1.5600e-03   4.4770e-02   1.6650e+00   1.7022e+00
  -8.3250e-02   9.2674e-02   7.3338e-03  -1.3985e-07  -1.4747e-03  -3.4799e-02   1.6649e+00   1.7022e+00
  -8.3250e-02   9.2674e-02   1.4187e-02  -1.3985e-07  -1.1488e-03   1.8776e-02   1.6648e+00   1.7023e+00
  -8.3250e-02   9.1104e-02   1.4613e-02  -1.3985e-07  -1.6838e-02  -2.9258e-02   1.6695e+00   1.7071e+00
  -8.3250e-02   9.1104e-02   1.6080e-02  -1.3985e-07  -4.2042e-03   1.5793e-02   1.6694e+00   1.7072e+00
  -8.3250e-02   9.1104e-02   5.7529e-03  -1.3985e-07  -4.7331e-03  -1.4805e-02   1.6693e+00   1.7072e+00
  -8.3250e-02   9.1104e-02   4.2234e-04  -1.3985e-07  -5.3847e-03   3.6839e-02   1.6693e+00   1.7072e+00
  -8.3250e-02   9.1104e-02  -3.5685e-03  -1.3985e-07  -6.2319e-03  -3.0941e-02   1.6694e+00   1.7072e+00
  -8.3250e-02   9.1104e-02   2.8655e-03  -1.3985e-07  -4.1108e-03   2.1109e-02   1.6693e+00   1.7072e+00
  -8.3250e-02   9.1104e-02   9.2078e-04  -1.3985e-07  -4.0921e-03  -3.6788e-02   1.6693e+00   1.7072e+00
  -8.3250e-02   9.1104e-02   6.5353e-03  -1.3985e-07  -3.9639e-03   2.0510e-02   1.6693e+00   1.7073e+00
  -8.3250e-02   9.1104e-02   4.9230e-03  -1.3985e-07  -3.6797e-03  -2.8004e-02   1.6693e+00   1.7073e+00
  -8.3250e-02   9.1104e-02  -4.7008e-03  -1.3985e-07  -3.1693e-03   3.3561e-02   1.6693e+00   1.7073e+00
  -8.3250e-02   9.1104e-02  -5.4317e-03  -1.3985e-07  -2.9810e-03  -1.4123e-02   1.6693e+00   1.7072e+00
  -8.3250e-02   9.1104e-02  -9.6327e-04  -1.3985e-07  -2.7588e-03   8.1866e-03   1.6693e+00   1.7072e+00
  -8.3250e-02   9.1104e-02  -3.5635e-03  -1.3985e-07  -2.5178e-03  -5.1797e-02   1.6694e+00   1.7072e+00
  -8.3250e-02   9.1104e-02  -4.8483e-03  -1.3985e-07  -2.2854e-03   2.7016e-02   1.6694e+00   1.7072e+00
  -8.3250e-02   9.1104e-02  -8.6311e-03  -1.3985e-07  -2.1086e-03  -4.1820e-02   1.6694e+00   1.7071e+00
  -8.3250e-02   9.1104e-02  -1.4399e-02  -1.3985e-07  -1.9341e-03   4.3117e-02   1.6695e+00   1.7071e+00
  -8.3250e-02   9.1104e-02  -1.6877e-02  -1.3985e-07  -1.7692e-03  -3.5301e-02   1.6696e+00   1.7070e+00
  -8.3250e-02   9.1104e-02  -1.3527e-02  -1.3985e-07  -1.6195e-03   1.0017e-02   1.6697e+00   1.7069e+00
  -8.3250e-02   9.1104e-02  -4.3958e-03  -1.3985e-07  -1.4863e-03  -5.6374e-02   1.6697e+00   1.7069e+00
  -8.3250e-02   9.1104e-02  -1.0700e-02  -1.3985e-07  -1.3618e-03   2.7280e-02   1.6698e+00   1.7068e+00
  -8.3250e-02   9.1104e-02  -1.6081e-02  -1.3985e-07  -1.2473e-03  -3.1693e-02   1.6699e+00   1.7067e+00
  -8.3250e-02   9.1104e-02  -1.9464e-02  -1.3985e-07  -1.1430e-03   3.0570e-02   1.6700e+00   1.7066e+00
  -8.3250e-02   9.1104e-02  -2.2732e-02  -1.3985e-07  -1.0477e-03  -4.0313e-02   1.6701e+00   1.7065e+00
  -8.3250e-02   9.1104e-02  -1.6626e-02  -1.3985e-07  -9.5996e-04   7.9058e-03   1.6702e+00   1.7064e+00
  -0.0817   0.0911  -0.0134   0.0157  -0.0009  -0.0528   1.6703   1.7063
  -0.0817   0.0911  -0.0094   0.0031  -0.0008   0.0140   1.6703   1.7063
  -0.0817   0.0911  -0.0159   0.0038  -0.0007  -0.0359   1.6704   1.7062
  -0.0817   0.0911  -0.0338   0.0045  -0.0007   0.0363   1.6706   1.7060
  -0.0817   0.0911  -0.0360   0.0054  -0.0006  -0.0427   1.6708   1.7058
  -0.0817   0.0911  -0.0307   0.0034  -0.0006   0.0026   1.6710   1.7056
  -0.0817   0.0911  -0.0282   0.0034  -0.0005  -0.0388   1.6712   1.7054
  -0.0817   0.0911  -0.0205   0.0033  -0.0005  -0.0177   1.6713   1.7053
  -0.0817   0.0911  -0.0275   0.0031  -0.0004  -0.0074   1.6714   1.7052
  -0.0817   0.0911  -0.0303   0.0027  -0.0004   0.0089   1.6716   1.7050
  -0.0817   0.0911  -0.0328   0.0025  -0.0004  -0.0277   1.6718   1.7048
  -0.0817   0.0911  -0.0197   0.0023  -0.0003  -0.0072   1.6719   1.7047
  -0.0817   0.0911  -0.0189   0.0021  -0.0003  -0.0187   1.6720   1.7046
  -0.0817   0.0911  -0.0147   0.0019  -0.0003  -0.0223   1.6721   1.7045
  -0.0817   0.0911  -0.0229   0.0018  -0.0003   0.0067   1.6722   1.7044
  -0.0817   0.0911  -0.0313   0.0016  -0.0002   0.0073   1.6724   1.7042
  -0.0817   0.0911  -0.0305   0.0015  -0.0002  -0.0057   1.6726   1.7040
  -0.0817   0.0911  -0.0117   0.0014  -0.0002  -0.0007   1.6727   1.7040
  -0.0817   0.0911  -0.0108   0.0013  -0.0002  -0.0124   1.6727   1.7039
  -0.0817   0.0911   0.0033   0.0011  -0.0002  -0.0056   1.6727   1.7039
  -0.0817   0.0911  -0.0046   0.0010  -0.0002   0.0009   1.6727   1.7039
  -0.0817   0.0911  -0.0110   0.0010  -0.0001   0.0335   1.6728   1.7038
  -0.0817   0.0911  -0.0132   0.0009  -0.0001  -0.0084   1.6729   1.7038
  -0.0817   0.0911  -0.0067   0.0008  -0.0001   0.0058   1.6729   1.7037
  -0.0817   0.0911  -0.0055   0.0007  -0.0001  -0.0127   1.6729   1.7037
  -8.1679e-02   9.1104e-02   8.2588e-03   6.7785e-04  -9.9058e-05   1.1278e-02   1.6729e+00   1.7037e+00
  -8.1679e-02   9.1104e-02   1.9619e-03   6.2117e-04  -9.0772e-05  -2.3352e-03   1.6729e+00   1.7038e+00
  -8.1679e-02   9.1104e-02  -9.9834e-03   5.6918e-04  -8.3179e-05   3.3509e-02   1.6729e+00   1.7037e+00
  -8.1679e-02   9.1104e-02  -1.5722e-02   5.2155e-04  -7.6222e-05  -9.3181e-03   1.6730e+00   1.7036e+00
  -8.1679e-02   9.1104e-02  -5.8867e-03   4.7792e-04  -6.9846e-05   9.0592e-03   1.6731e+00   1.7036e+00
  -8.1679e-02   9.1104e-02  -2.3813e-03   4.3794e-04  -6.4004e-05  -2.3147e-02   1.6731e+00   1.7036e+00
  -8.1679e-02   9.1104e-02   4.3610e-03   4.0129e-04  -5.8650e-05   1.5447e-02   1.6731e+00   1.7036e+00
  -8.1679e-02   9.1104e-02   6.2736e-04   3.6771e-04  -5.3744e-05   3.1630e-03   1.6731e+00   1.7036e+00
  -8.1679e-02   9.1104e-02  -1.8931e-02   3.3694e-04  -4.9249e-05   3.1572e-02   1.6732e+00   1.7035e+00
  -8.1679e-02   9.1104e-02  -2.0936e-02   3.0875e-04  -4.5129e-05  -1.0855e-02   1.6733e+00   1.7034e+00
  -8.1679e-02   9.1104e-02  -1.0807e-02   2.8291e-04  -4.1355e-05   1.8207e-02   1.6733e+00   1.7033e+00
  -8.1679e-02   9.1104e-02  -9.1679e-03   2.5924e-04  -3.7895e-05  -8.6164e-03   1.6734e+00   1.7033e+00
  -8.1679e-02   9.1104e-02   3.3790e-03   2.3754e-04  -3.4726e-05   1.5957e-02   1.6734e+00   1.7033e+00
  -8.1679e-02   9.1104e-02  -2.8104e-03   2.1766e-04  -3.1821e-05  -3.1728e-03   1.6734e+00   1.7033e+00
  -8.1679e-02   9.1104e-02  -8.1748e-03   1.9944e-04  -2.9159e-05   4.0842e-02   1.6734e+00   1.7032e+00
  -8.1679e-02   9.1104e-02  -1.1036e-02   1.8275e-04  -2.6720e-05  -1.8925e-02   1.6735e+00   1.7032e+00
  -8.1679e-02   9.1104e-02  -7.1232e-03   1.6745e-04  -2.4485e-05   2.4991e-02   1.6735e+00   1.7031e+00
  -8.1679e-02   9.1104e-02  -5.5565e-03   1.5343e-04  -2.2437e-05  -3.3734e-02   1.6736e+00   1.7031e+00
  -8.1679e-02   9.1104e-02  -1.4668e-02   1.4059e-04  -2.0560e-05   4.4870e-02   1.6737e+00   1.7030e+00
  -8.1679e-02   9.1104e-02  -1.3925e-02   1.2881e-04  -1.8841e-05  -1.7775e-02   1.6737e+00   1.7029e+00
  -8.1679e-02   9.1104e-02  -1.3345e-02   1.1803e-04  -1.7265e-05   3.3092e-02   1.6738e+00   1.7028e+00
  -8.1679e-02   9.1104e-02   9.9375e-05   1.0814e-04  -1.5821e-05  -2.1004e-02   1.6738e+00   1.7028e+00
  -8.1679e-02   9.1104e-02   2.7188e-03   9.9087e-05  -1.4497e-05   1.5325e-02   1.6738e+00   1.7029e+00
  -8.1679e-02   9.1104e-02   5.5700e-03   9.0787e-05  -1.3285e-05  -3.0055e-02   1.6738e+00   1.7029e+00
  -8.1679e-02   9.1104e-02   2.6904e-03   8.3181e-05  -1.2173e-05   4.1990e-02   1.6738e+00   1.7029e+00
  -8.1679e-02   9.1104e-02  -2.8004e-03   7.6212e-05  -1.1155e-05  -2.5277e-02   1.6738e+00   1.7029e+00
  -8.1679e-02   9.1104e-02  -6.4999e-03   6.9825e-05  -1.0222e-05   4.5672e-02   1.6738e+00   1.7029e+00
  -8.3250e-02   9.1104e-02  -9.1593e-03  -1.5644e-02  -9.3671e-06  -1.2521e-02   1.6739e+00   1.7028e+00
  -8.3250e-02   9.1104e-02  -5.8525e-03  -3.0829e-03  -8.5836e-06   1.8427e-02   1.6739e+00   1.7028e+00
  -8.3250e-02   9.1104e-02   4.4706e-05  -3.7161e-03  -7.8656e-06  -3.8200e-02   1.6739e+00   1.7028e+00
  -8.3250e-02   9.1104e-02  -2.9920e-03  -4.4746e-03  -7.2077e-06   3.5805e-02   1.6739e+00   1.7028e+00
  -8.3250e-02   9.1104e-02  -8.2745e-03  -5.3834e-03  -6.6048e-06  -2.2603e-02   1.6740e+00   1.7027e+00
  -8.3250e-02   9.1104e-02  -1.9536e-02  -3.3314e-03  -6.0523e-06   3.9356e-02   1.6741e+00   1.7026e+00
  -8.3250e-02   9.1104e-02  -2.3287e-02  -3.3811e-03  -5.5461e-06  -2.9382e-02   1.6742e+00   1.7025e+00
  -8.3250e-02   9.1104e-02  -1.4128e-02  -3.3141e-03  -5.0822e-06   1.7850e-02   1.6743e+00   1.7024e+00
  -8.3250e-02   9.1104e-02  -1.2825e-02  -3.0821e-03  -4.6571e-06  -4.3133e-02   1.6744e+00   1.7023e+00
  -8.3250e-02   9.1104e-02  -1.5206e-02  -2.6218e-03  -4.2675e-06   1.6437e-02   1.6744e+00   1.7022e+00
  -8.3250e-02   9.1104e-02  -1.9759e-02  -2.4799e-03  -3.9106e-06  -2.6845e-02   1.6746e+00   1.7021e+00
  -8.3250e-02   9.1104e-02  -3.2726e-02  -2.2996e-03  -3.5835e-06   4.2519e-02   1.6747e+00   1.7019e+00
  -8.3250e-02   9.1104e-02  -3.4853e-02  -2.0967e-03  -3.2837e-06  -3.9957e-02   1.6749e+00   1.7017e+00
  -8.3250e-02   9.1104e-02  -2.2934e-02  -1.8996e-03  -3.0091e-06   8.4314e-03   1.6751e+00   1.7016e+00
  -8.3250e-02   9.1104e-02  -2.2377e-02  -1.7552e-03  -2.7574e-06  -4.7261e-02   1.6752e+00   1.7015e+00
  -8.3250e-02   9.1104e-02  -2.4921e-02  -1.6102e-03  -2.5267e-06   6.1202e-03   1.6754e+00   1.7013e+00
  -8.3250e-02   9.1104e-02  -3.4475e-02  -1.4724e-03  -2.3154e-06  -7.7220e-03   1.6755e+00   1.7012e+00
  -8.3250e-02   9.1104e-02  -4.0017e-02  -1.3475e-03  -2.1217e-06   7.5359e-03   1.6758e+00   1.7009e+00
  -8.3250e-02   9.1104e-02  -4.0312e-02  -1.2371e-03  -1.9442e-06  -1.7960e-02   1.6760e+00   1.7007e+00
  -8.3250e-02   9.1104e-02  -2.8690e-02  -1.1335e-03  -1.7816e-06  -1.7200e-02   1.6762e+00   1.7005e+00
  -8.3250e-02   9.1104e-02  -2.3979e-02  -1.0381e-03  -1.6326e-06  -9.0547e-03   1.6763e+00   1.7004e+00
  -8.3250e-02   9.1104e-02  -2.3768e-02  -9.5126e-04  -1.4960e-06  -5.1601e-02   1.6764e+00   1.7003e+00
  -8.3250e-02   9.1104e-02  -1.3160e-02  -8.7202e-04  -1.3709e-06   2.2275e-02   1.6765e+00   1.7002e+00
  -8.3250e-02   9.1104e-02  -1.8277e-02  -7.9900e-04  -1.2562e-06  -4.8235e-02   1.6766e+00   1.7001e+00
  -8.3250e-02   9.1104e-02  -1.8474e-02  -7.3211e-04  -1.1511e-06   4.0296e-02   1.6767e+00   1.7000e+00
  -8.3250e-02   9.1104e-02  -2.3609e-02  -6.7091e-04  -1.0549e-06  -3.5616e-02   1.6769e+00   1.6999e+00
  -8.3250e-02   9.1104e-02  -1.7181e-02  -6.1483e-04  -9.6662e-07   9.1826e-03   1.6770e+00   1.6998e+00
  -8.3250e-02   9.1104e-02  -1.4675e-02  -5.6340e-04  -8.8577e-07  -1.7965e-02   1.6771e+00   1.6997e+00
  -8.3250e-02   9.1104e-02  -3.0321e-03  -5.1628e-04  -8.1168e-07  -2.0264e-02   1.6771e+00   1.6997e+00
  -8.3250e-02   9.1104e-02  -7.7891e-03  -4.7311e-04  -7.4379e-07   4.1288e-03   1.6771e+00   1.6996e+00
  -8.3250e-02   9.1104e-02  -1.8469e-02  -4.3355e-04  -6.8157e-07  -3.8237e-03   1.6772e+00   1.6995e+00
  -8.3250e-02   9.1104e-02  -1.9524e-02  -3.9730e-04  -6.2456e-07   4.4251e-02   1.6773e+00   1.6994e+00
  -8.3250e-02   9.1104e-02  -1.7154e-02  -3.6407e-04  -5.7232e-07  -3.3694e-02   1.6774e+00   1.6993e+00
  -8.3250e-02   9.1104e-02  -9.4992e-03  -3.3363e-04  -5.2445e-07   2.4909e-02   1.6775e+00   1.6993e+00
  -8.3250e-02   9.1104e-02  -9.6744e-03  -3.0574e-04  -4.8058e-07  -3.7323e-02   1.6775e+00   1.6992e+00
  -8.3250e-02   9.1104e-02  -4.4062e-03  -2.8018e-04  -4.4038e-07   3.4671e-02   1.6776e+00   1.6992e+00
  -8.3250e-02   9.1104e-02  -1.1491e-02  -2.5675e-04  -4.0355e-07  -2.0031e-02   1.6776e+00   1.6991e+00
  -8.3250e-02   9.1104e-02  -1.2376e-02  -2.3529e-04  -3.6979e-07   4.5186e-02   1.6777e+00   1.6990e+00
  -8.3250e-02   9.1104e-02  -1.3718e-02  -2.1562e-04  -3.3886e-07   6.7609e-03   1.6778e+00   1.6990e+00
  -8.3250e-02   9.1104e-02  -8.2517e-03  -1.9760e-04  -3.1052e-07   2.7738e-02   1.6778e+00   1.6989e+00
  -8.3250e-02   9.1104e-02  -6.7683e-03  -1.8108e-04  -2.8454e-07  -1.5662e-02   1.6779e+00   1.6989e+00
  -8.3250e-02   9.1104e-02  -5.2457e-03  -1.6594e-04  -2.6074e-07   1.4324e-03   1.6779e+00   1.6989e+00
  -8.3250e-02   9.1104e-02  -5.3613e-03  -1.5208e-04  -2.3893e-07   2.6815e-02   1.6779e+00   1.6988e+00
  -8.3250e-02   9.1104e-02  -8.1596e-03  -1.3937e-04  -2.1895e-07   7.8519e-03   1.6780e+00   1.6988e+00
  -8.3250e-02   9.1104e-02  -1.1162e-02  -1.2772e-04  -2.0063e-07   4.1690e-02   1.6780e+00   1.6987e+00
  -8.3250e-02   9.1104e-02  -1.4962e-02  -1.1705e-04  -1.8385e-07  -1.1290e-02   1.6781e+00   1.6986e+00
  -8.3250e-02   9.1104e-02  -1.1314e-02  -1.0727e-04  -1.6847e-07   3.3100e-02   1.6782e+00   1.6986e+00
  -8.3250e-02   9.1104e-02   6.1679e-03  -9.8310e-05  -1.5438e-07  -3.5665e-02   1.6782e+00   1.6986e+00
  -8.3250e-02   9.1104e-02   4.9318e-03  -9.0098e-05  -1.4147e-07   4.7272e-02   1.6781e+00   1.6986e+00
  -8.3250e-02   9.1104e-02  -3.1811e-03  -8.2574e-05  -1.2963e-07  -2.3731e-02   1.6781e+00   1.6986e+00
  -8.3250e-02   9.1104e-02  -1.3634e-02  -7.5678e-05  -1.1879e-07   7.1161e-02   1.6782e+00   1.6985e+00
  -8.3250e-02   9.1104e-02  -1.6855e-02  -6.9360e-05  -1.0885e-07  -2.4349e-02   1.6783e+00   1.6984e+00
  -8.3250e-02   9.1104e-02  -3.5149e-03  -6.3570e-05  -9.9749e-08   2.6320e-02   1.6783e+00   1.6984e+00
  -8.3250e-02   9.1104e-02  -5.6311e-04  -5.8264e-05  -9.1406e-08  -2.5511e-02   1.6783e+00   1.6984e+00
  -8.3250e-02   9.1104e-02   8.2822e-03  -5.3403e-05  -8.3760e-08   1.1489e-02   1.6783e+00   1.6985e+00
  -8.3250e-02   9.1104e-02   1.9508e-03  -4.8947e-05  -7.6754e-08   2.6312e-04   1.6783e+00   1.6985e+00
  -8.3250e-02   9.2674e-02  -8.8571e-03  -4.4865e-05   1.5707e-02   1.3401e-02   1.6736e+00   1.6937e+00
  -8.3250e-02   9.2674e-02  -9.2557e-03  -4.1124e-05   3.1414e-03   1.3759e-02   1.6737e+00   1.6937e+00
  -8.3250e-02   9.2674e-02  -2.7499e-04  -3.7696e-05   3.7697e-03  -1.5959e-02   1.6737e+00   1.6937e+00
  -8.3250e-02   9.2674e-02   1.0433e-03  -3.4554e-05   4.5237e-03   9.5374e-03   1.6737e+00   1.6937e+00
  -8.3250e-02   9.2674e-02   4.4299e-03  -3.1676e-05   5.4285e-03  -3.6276e-02   1.6736e+00   1.6937e+00
  -8.3250e-02   9.2674e-02  -9.9200e-04  -2.9038e-05   3.3727e-03   3.1975e-02   1.6737e+00   1.6937e+00
  -8.3250e-02   9.2674e-02  -7.0808e-03  -2.6621e-05   3.4189e-03  -3.1216e-02   1.6737e+00   1.6936e+00
  -8.3250e-02   9.2674e-02  -1.6064e-02  -2.4406e-05   3.3488e-03   3.7767e-02   1.6738e+00   1.6936e+00
  -8.3250e-02   9.2674e-02  -1.4781e-02  -2.2376e-05   3.1138e-03  -3.3032e-02   1.6739e+00   1.6935e+00
  -8.3250e-02   9.2674e-02  -9.7142e-03  -2.0516e-05   2.6508e-03   9.6733e-03   1.6739e+00   1.6934e+00
  -8.3250e-02   9.2674e-02  -1.1569e-02  -1.8812e-05   2.5064e-03  -4.4281e-02   1.6740e+00   1.6934e+00
  -8.3250e-02   9.2674e-02   9.8433e-03  -1.7250e-05   2.3240e-03  -6.1218e-03   1.6739e+00   1.6934e+00
  -8.3250e-02   9.2674e-02   5.2767e-03  -1.5819e-05   2.1190e-03  -2.9125e-02   1.6739e+00   1.6934e+00
  -8.3250e-02   9.2674e-02  -2.9616e-03  -1.4507e-05   1.9200e-03   3.5681e-02   1.6739e+00   1.6934e+00
  -8.3250e-02   9.2674e-02  -7.6698e-03  -1.3305e-05   1.7739e-03  -3.2618e-02   1.6740e+00   1.6934e+00
  -8.3250e-02   9.2674e-02  -2.8837e-04  -1.2204e-05   1.6274e-03   5.9064e-03   1.6740e+00   1.6934e+00
  -8.3250e-02   9.2674e-02  -6.4509e-04  -1.1195e-05   1.4881e-03  -5.2609e-02   1.6740e+00   1.6934e+00
  -8.3250e-02   9.2674e-02   9.5251e-03  -1.0270e-05   1.3619e-03   1.7447e-02   1.6739e+00   1.6934e+00
  -8.3250e-02   9.2674e-02   2.6032e-03  -9.4230e-06   1.2502e-03  -2.0967e-02   1.6739e+00   1.6934e+00
  -8.3250e-02   9.2674e-02  -1.1725e-02  -8.6465e-06   1.1455e-03   3.1748e-02   1.6740e+00   1.6934e+00
  -8.3250e-02   9.2674e-02  -1.6907e-02  -7.9349e-06   1.0491e-03  -3.6449e-02   1.6741e+00   1.6933e+00
  -8.3250e-02   9.2674e-02  -9.6298e-03  -7.2829e-06   9.6135e-04   5.0807e-03   1.6741e+00   1.6932e+00
  -8.3250e-02   9.2674e-02  -6.6735e-03  -6.6854e-06   8.8125e-04  -4.6188e-02   1.6742e+00   1.6932e+00
  -8.3250e-02   9.2674e-02  -2.9924e-03  -6.1379e-06   8.0745e-04   1.0493e-02   1.6742e+00   1.6932e+00
  -8.3250e-02   9.2674e-02  -1.1405e-02  -5.6362e-06   7.3984e-04  -3.2164e-02   1.6742e+00   1.6931e+00
  -8.3250e-02   9.2674e-02  -1.2564e-02  -5.1765e-06   6.7798e-04   2.2962e-02   1.6743e+00   1.6930e+00
  -8.3250e-02   9.2674e-02  -1.1519e-02  -4.7552e-06   6.2130e-04  -3.6715e-02   1.6744e+00   1.6930e+00
  -8.3250e-02   9.2674e-02  -3.7090e-03  -4.3691e-06   5.6931e-04   1.3137e-02   1.6744e+00   1.6929e+00
  -8.3250e-02   9.2674e-02  -2.9936e-03  -4.0154e-06   5.2169e-04  -5.5420e-02   1.6744e+00   1.6929e+00
  -8.3250e-02   9.2674e-02  -8.2285e-03  -3.6912e-06   4.7806e-04   2.7084e-02   1.6745e+00   1.6929e+00
  -8.3250e-02   9.2674e-02  -1.3143e-02  -3.3941e-06   4.3807e-04  -3.5065e-02   1.6745e+00   1.6928e+00
  -8.3250e-02   9.2674e-02  -1.5091e-02  -3.1219e-06   4.0143e-04   3.8685e-02   1.6746e+00   1.6927e+00
  -8.3250e-02   9.2674e-02  -1.5090e-02  -2.8725e-06   3.6785e-04  -2.7834e-02   1.6747e+00   1.6926e+00
  -8.3250e-02   9.2674e-02  -1.0014e-02  -2.6439e-06   3.3708e-04   1.0924e-02   1.6748e+00   1.6926e+00
  -8.3250e-02   9.2674e-02  -9.2701e-03  -2.4345e-06   3.0889e-04  -3.8741e-02   1.6748e+00   1.6925e+00
  -8.3250e-02   9.2674e-02  -1.0662e-02  -2.2425e-06   2.8305e-04   4.1272e-02   1.6749e+00   1.6925e+00
  -8.3250e-02   9.2674e-02  -1.5592e-02  -2.0667e-06   2.5937e-04  -2.5082e-02   1.6750e+00   1.6924e+00
  -8.3250e-02   9.2674e-02  -1.9252e-02  -1.9055e-06   2.3768e-04   4.4710e-02   1.6751e+00   1.6923e+00
  -8.3250e-02   9.2674e-02  -2.3393e-02  -1.7578e-06   2.1780e-04  -1.9853e-02   1.6752e+00   1.6921e+00
  -8.3250e-02   9.2674e-02  -1.7406e-02  -1.6225e-06   1.9958e-04   3.2110e-02   1.6753e+00   1.6920e+00
  -8.3250e-02   9.2674e-02  -8.1381e-03  -1.4984e-06   1.8288e-04  -3.9684e-02   1.6754e+00   1.6920e+00
  -8.3250e-02   9.2674e-02  -1.0238e-02  -1.3848e-06   1.6759e-04   4.3727e-02   1.6754e+00   1.6919e+00
  -8.3250e-02   9.2674e-02  -1.6398e-02  -1.2807e-06   1.5357e-04  -2.4403e-02   1.6755e+00   1.6919e+00
  -8.3250e-02   9.2674e-02  -3.7418e-02  -1.1852e-06   1.4072e-04   5.7235e-02   1.6757e+00   1.6916e+00
  -8.3250e-02   9.2674e-02  -3.8661e-02  -1.0978e-06   1.2895e-04  -2.1048e-02   1.6760e+00   1.6914e+00
  -8.3250e-02   9.2674e-02  -2.3671e-02  -1.0177e-06   1.1817e-04   2.1257e-02   1.6761e+00   1.6913e+00
  -8.3250e-02   9.2674e-02  -2.1057e-02  -9.4425e-07   1.0828e-04  -1.4740e-02   1.6762e+00   1.6912e+00
  -8.3250e-02   9.2674e-02  -1.1173e-02  -8.7697e-07   9.9225e-05  -1.4775e-02   1.6763e+00   1.6911e+00
  -8.3250e-02   9.2674e-02  -1.9080e-02  -8.1531e-07   9.0926e-05   1.0091e-02   1.6764e+00   1.6910e+00
  -8.3250e-02   9.2674e-02  -2.0822e-02  -7.5881e-07   8.3320e-05   4.2843e-04   1.6765e+00   1.6909e+00
  -8.3250e-02   9.2674e-02  -1.9948e-02  -7.0704e-07   7.6351e-05   1.8516e-02   1.6766e+00   1.6908e+00
  -8.3250e-02   9.2674e-02  -1.2576e-02  -6.5959e-07   6.9964e-05  -1.3714e-02   1.6767e+00   1.6907e+00
  -8.3250e-02   9.2674e-02  -8.6586e-03  -6.1612e-07   6.4112e-05   8.1119e-03   1.6767e+00   1.6907e+00
  -8.3250e-02   9.2674e-02  -9.4343e-03  -5.7628e-07   5.8749e-05  -4.9995e-02   1.6768e+00   1.6906e+00
  -8.3250e-02   9.2674e-02  -1.1220e-03  -5.3977e-07   5.3835e-05   1.2887e-02   1.6768e+00   1.6906e+00
  -8.3250e-02   9.2674e-02  -5.0712e-03  -5.0632e-07   4.9332e-05  -2.0385e-02   1.6768e+00   1.6906e+00
  -8.3250e-02   9.2674e-02  -1.3238e-02  -4.7567e-07   4.5206e-05   4.9058e-02   1.6769e+00   1.6905e+00
  -8.3250e-02   9.2674e-02  -1.5371e-02  -4.4758e-07   4.1425e-05  -2.5173e-02   1.6770e+00   1.6904e+00
  -8.3250e-02   9.2674e-02  -5.6771e-03  -4.2184e-07   3.7960e-05   1.0286e-02   1.6770e+00   1.6904e+00
  -8.3250e-02   9.2674e-02  -3.8376e-03  -3.9825e-07   3.4784e-05  -3.8092e-02   1.6771e+00   1.6904e+00
  -8.3250e-02   9.2674e-02   6.3964e-03  -3.7664e-07   3.1875e-05   2.0160e-02   1.6770e+00   1.6904e+00
  -8.3250e-02   9.2674e-02   4.7823e-04  -3.5683e-07   2.9209e-05  -1.4766e-02   1.6770e+00   1.6904e+00
  -8.3250e-02   9.2674e-02  -1.2849e-02  -3.3868e-07   2.6766e-05   3.7555e-02   1.6771e+00   1.6903e+00
  -8.3250e-02   9.2674e-02  -1.4247e-02  -3.2205e-07   2.4527e-05  -1.7949e-02   1.6772e+00   1.6902e+00
  -8.3250e-02   9.2674e-02  -5.5386e-03  -3.0681e-07   2.2475e-05   1.1695e-02   1.6772e+00   1.6902e+00
  -8.3250e-02   9.2674e-02  -2.5911e-03  -2.9284e-07   2.0595e-05  -7.7850e-03   1.6772e+00   1.6902e+00
  -8.3250e-02   9.2674e-02   6.7721e-03  -2.8005e-07   1.8873e-05  -2.5534e-02   1.6772e+00   1.6902e+00
  -8.3250e-02   9.2674e-02   1.1753e-03  -2.6832e-07   1.7294e-05   2.1957e-02   1.6772e+00   1.6902e+00
  -8.3250e-02   9.2674e-02  -9.0282e-03  -2.5757e-07   1.5847e-05  -7.3687e-03   1.6772e+00   1.6902e+00
  -8.3250e-02   9.2674e-02  -8.6853e-03  -2.4773e-07   1.4522e-05   2.2576e-02   1.6773e+00   1.6901e+00
  -8.3250e-02   9.2674e-02  -5.5300e-03  -2.3870e-07   1.3307e-05  -1.4797e-02   1.6773e+00   1.6901e+00
  -8.3250e-02   9.2674e-02  -4.4983e-03  -2.3043e-07   1.2194e-05   2.2444e-03   1.6773e+00   1.6901e+00
  -8.3250e-02   9.2674e-02  -4.4240e-04  -2.2286e-07   1.1174e-05  -3.1714e-02   1.6773e+00   1.6901e+00
  -8.3250e-02   9.2674e-02  -4.1466e-03  -2.1591e-07   1.0239e-05   3.4755e-02   1.6774e+00   1.6901e+00
  -8.3250e-02   9.2674e-02  -7.4716e-03  -2.0955e-07   9.3829e-06  -2.6801e-02   1.6774e+00   1.6900e+00
  -8.3250e-02   9.2674e-02  -1.7123e-02  -2.0372e-07   8.5981e-06   5.5247e-02   1.6775e+00   1.6899e+00
  -8.3250e-02   9.2674e-02  -2.0100e-02  -1.9838e-07   7.8789e-06  -1.4161e-02   1.6776e+00   1.6898e+00
  -8.3250e-02   9.2674e-02  -1.6671e-02  -1.9348e-07   7.2199e-06   5.3826e-03   1.6777e+00   1.6897e+00
  -8.3250e-02   9.2674e-02  -1.5264e-02  -1.8899e-07   6.6160e-06  -4.8557e-03   1.6778e+00   1.6896e+00
  -8.3250e-02   9.2674e-02   5.3440e-03  -1.8488e-07   6.0626e-06  -1.2498e-02   1.6778e+00   1.6897e+00
  -8.3250e-02   9.2674e-02   1.6679e-03  -1.8112e-07   5.5555e-06   2.1161e-02   1.6778e+00   1.6897e+00
  -8.3250e-02   9.2674e-02  -7.7215e-03  -1.7766e-07   5.0908e-06  -1.3682e-02   1.6778e+00   1.6896e+00
  -8.3250e-02   9.2674e-02  -1.1737e-02  -1.7450e-07   4.6650e-06   2.9452e-02   1.6779e+00   1.6896e+00
  -8.3250e-02   9.2674e-02  -9.6322e-03  -1.7160e-07   4.2747e-06  -3.0180e-02   1.6779e+00   1.6895e+00
  -8.3250e-02   9.2674e-02  -2.4910e-03  -1.6895e-07   3.9172e-06   2.2399e-02   1.6779e+00   1.6895e+00
  -8.3250e-02   9.2674e-02   6.0750e-04  -1.6651e-07   3.5895e-06  -3.9834e-02   1.6779e+00   1.6895e+00
  -8.3250e-02   9.2674e-02   6.1205e-03  -1.6428e-07   3.2893e-06   2.9784e-02   1.6779e+00   1.6895e+00
  -8.3250e-02   9.2674e-02  -3.2537e-03  -1.6224e-07   3.0142e-06  -1.1564e-02   1.6779e+00   1.6895e+00
  -8.3250e-02   9.2674e-02  -2.4431e-03  -1.6037e-07   2.7620e-06   2.8688e-02   1.6779e+00   1.6895e+00
  -8.3250e-02   9.2674e-02  -3.0033e-03  -1.5865e-07   2.5310e-06  -2.4673e-02   1.6780e+00   1.6895e+00
  -8.3250e-02   9.2674e-02   9.5087e-03  -1.5708e-07   2.3193e-06   2.8742e-02   1.6779e+00   1.6895e+00
  -8.3250e-02   9.2674e-02   8.6453e-03  -1.5563e-07   2.1253e-06  -2.9652e-02   1.6778e+00   1.6896e+00
  -8.3250e-02   9.2674e-02   9.5911e-03  -1.5431e-07   1.9475e-06   1.9332e-02   1.6778e+00   1.6896e+00
  -8.3250e-02   9.2674e-02   5.8521e-03  -1.5310e-07   1.7846e-06   8.6868e-03   1.6778e+00   1.6897e+00
  -8.3250e-02   9.2674e-02  -8.0169e-04  -1.5200e-07   1.6353e-06   3.1105e-02   1.6778e+00   1.6897e+00
  -8.3250e-02   9.2674e-02  -3.9327e-05  -1.5098e-07   1.4986e-06   4.6167e-02   1.6778e+00   1.6897e+00
  -8.3250e-02   9.2674e-02  -1.4813e-03  -1.5005e-07   1.3732e-06   6.6773e-03   1.6778e+00   1.6897e+00
  -8.3250e-02   9.2674e-02   1.0285e-03  -1.4919e-07   1.2583e-06   2.6768e-02   1.6778e+00   1.6897e+00
  -8.3250e-02   9.2674e-02   3.5794e-02  -1.4841e-07   1.1531e-06  -1.2158e-02   1.6776e+00   1.6899e+00
  -8.3250e-02   9.2674e-02   3.0470e-02  -1.4770e-07   1.0566e-06   5.9998e-02   1.6774e+00   1.6900e+00
  -8.3250e-02   9.2674e-02   2.6126e-02  -1.4704e-07   9.6826e-07   1.2309e-02   1.6772e+00   1.6902e+00
  -8.3250e-02   9.2674e-02   2.2400e-02  -1.4644e-07   8.8727e-07   7.5420e-02   1.6771e+00   1.6903e+00
  -8.3250e-02   9.2674e-02   1.9529e-02  -1.4589e-07   8.1305e-07   6.2914e-03   1.6770e+00   1.6904e+00
  -8.3250e-02   9.2674e-02   2.6270e-02  -1.4538e-07   7.4504e-07   6.0918e-02   1.6768e+00   1.6906e+00
  -8.3250e-02   9.2674e-02   2.8148e-02  -1.4492e-07   6.8272e-07  -9.7941e-03   1.6767e+00   1.6907e+00
  -8.3250e-02   9.2674e-02   3.7618e-02  -1.4449e-07   6.2562e-07   5.4620e-02   1.6765e+00   1.6909e+00
  -8.3250e-02   9.2674e-02   2.9052e-02  -1.4411e-07   5.7329e-07   1.8782e-02   1.6763e+00   1.6911e+00
  -8.3250e-02   9.2674e-02   1.3792e-02  -1.4375e-07   5.2533e-07   6.9040e-02   1.6762e+00   1.6912e+00
  -8.3250e-02   9.2674e-02   1.2885e-02  -1.4342e-07   4.8139e-07   2.2003e-02   1.6761e+00   1.6912e+00
  -8.3250e-02   9.2674e-02   1.9188e-02  -1.4312e-07   4.4113e-07   2.3591e-02   1.6760e+00   1.6914e+00
  -8.3250e-02   9.2674e-02   2.2344e-02  -1.4285e-07   4.0423e-07   3.2173e-02   1.6759e+00   1.6915e+00
  -8.3250e-02   9.2674e-02   2.5894e-02  -1.4260e-07   3.7042e-07  -1.0295e-02   1.6758e+00   1.6916e+00
  -8.3250e-02   9.2674e-02   1.8912e-02  -1.4237e-07   3.3943e-07   5.3132e-02   1.6757e+00   1.6917e+00
  -8.3250e-02   9.2674e-02   2.0136e-02  -1.4216e-07   3.1104e-07  -3.0466e-04   1.6755e+00   1.6918e+00
  -8.3250e-02   9.2674e-02   1.1651e-02  -1.4196e-07   2.8502e-07   6.5336e-02   1.6755e+00   1.6919e+00
  -8.3250e-02   9.2674e-02   9.2783e-03  -1.4179e-07   2.6118e-07  -3.2675e-03   1.6754e+00   1.6920e+00
  -8.3250e-02   9.2674e-02   1.5765e-02  -1.4162e-07   2.3934e-07   4.1857e-02   1.6753e+00   1.6920e+00
  -8.3250e-02   9.2674e-02   1.3260e-02  -1.4148e-07   2.1932e-07  -3.0392e-02   1.6752e+00   1.6921e+00
  -8.3250e-02   9.2674e-02   4.9534e-02  -1.4134e-07   2.0097e-07   5.7213e-02   1.6750e+00   1.6924e+00
  -8.3250e-02   9.2674e-02   4.0633e-02  -1.4121e-07   1.8416e-07  -1.0441e-02   1.6747e+00   1.6926e+00
  -8.3250e-02   9.2674e-02   3.8514e-02  -1.4110e-07   1.6876e-07   6.2855e-02   1.6745e+00   1.6928e+00
  -8.3250e-02   9.2674e-02   3.1305e-02  -1.4100e-07   1.5464e-07  -8.9122e-03   1.6743e+00   1.6930e+00
  -8.3250e-02   9.2674e-02   4.0623e-02  -1.4090e-07   1.4171e-07   4.1399e-02   1.6741e+00   1.6933e+00
  -8.3250e-02   9.2674e-02   4.0432e-02  -1.4081e-07   1.2985e-07  -1.6715e-02   1.6739e+00   1.6935e+00
  -8.3250e-02   9.2674e-02   4.5605e-02  -1.4073e-07   1.1899e-07   4.2690e-02   1.6736e+00   1.6937e+00
  -8.3250e-02   9.2674e-02   3.7368e-02  -1.4066e-07   1.0904e-07   1.8268e-03   1.6734e+00   1.6939e+00
  -8.3250e-02   9.2674e-02   2.1516e-02  -1.4059e-07   9.9918e-08   3.0457e-02   1.6733e+00   1.6941e+00
  -8.3250e-02   9.2674e-02   1.7190e-02  -1.4053e-07   9.1560e-08   9.1475e-03   1.6732e+00   1.6942e+00
  -8.3250e-02   9.2674e-02   2.4675e-02  -1.4047e-07   8.3902e-08   2.5868e-02   1.6730e+00   1.6943e+00
  -8.3250e-02   9.2674e-02   2.6759e-02  -1.4042e-07   7.6884e-08   1.3086e-02   1.6729e+00   1.6945e+00
  -8.3250e-02   9.2674e-02   3.4873e-02  -1.4037e-07   7.0453e-08  -4.8227e-03   1.6727e+00   1.6946e+00
  -8.3250e-02   9.2674e-02   2.7059e-02  -1.4033e-07   6.4560e-08   1.8094e-02   1.6725e+00   1.6948e+00
  -8.3250e-02   9.2674e-02   1.7066e-02  -1.4029e-07   5.9160e-08   3.5516e-02   1.6724e+00   1.6949e+00
  -8.3250e-02   9.2674e-02   1.4659e-02  -1.4025e-07   5.4211e-08   3.9606e-03   1.6723e+00   1.6950e+00
  -8.3250e-02   9.2674e-02   2.5347e-02  -1.4022e-07   4.9677e-08   2.5461e-02   1.6722e+00   1.6951e+00
  -8.3250e-02   9.2674e-02   2.4363e-02  -1.4018e-07   4.5521e-08  -2.7308e-02   1.6720e+00   1.6953e+00
  -8.3250e-02   9.2674e-02   1.8388e-02  -1.4016e-07   4.1714e-08   3.9660e-02   1.6719e+00   1.6954e+00
  -8.3250e-02   9.2674e-02   1.7745e-02  -1.4013e-07   3.8225e-08  -1.2542e-02   1.6718e+00   1.6955e+00
  -8.3250e-02   9.2674e-02   1.6231e-02  -1.4011e-07   3.5027e-08   3.7550e-02   1.6717e+00   1.6956e+00
  -8.3250e-02   9.2674e-02   2.0111e-02  -1.4009e-07   3.2097e-08  -7.6547e-03   1.6716e+00   1.6957e+00
  -8.3250e-02   9.2674e-02   2.2383e-02  -1.4007e-07   2.9413e-08   1.4782e-02   1.6715e+00   1.6958e+00
  -8.3250e-02   9.2674e-02   2.1456e-02  -1.4005e-07   2.6952e-08  -2.6829e-02   1.6714e+00   1.6959e+00
  -8.3250e-02   9.2674e-02   2.2180e-02  -1.4003e-07   2.4698e-08   3.8613e-02   1.6713e+00   1.6960e+00
  -8.3250e-02   9.2674e-02   9.6817e-03  -1.4001e-07   2.2632e-08   1.0319e-02   1.6712e+00   1.6961e+00
  -8.3250e-02   9.2674e-02   1.0646e-02  -1.4000e-07   2.0739e-08   2.4277e-02   1.6711e+00   1.6961e+00
  -8.3250e-02   9.2674e-02   1.2071e-02  -1.3999e-07   1.9004e-08   4.8619e-03   1.6711e+00   1.6962e+00
  -8.3250e-02   9.2674e-02   1.1914e-02  -1.3998e-07   1.7415e-08   6.1012e-03   1.6710e+00   1.6963e+00
  -8.3250e-02   9.2674e-02   3.6108e-02  -1.3997e-07   1.5958e-08  -4.1773e-04   1.6708e+00   1.6965e+00
  -8.3250e-02   9.2674e-02   2.8459e-02  -1.3996e-07   1.4623e-08   1.1060e-02   1.6706e+00   1.6966e+00
  -8.3250e-02   9.2674e-02   1.9032e-02  -1.3995e-07   1.3400e-08   3.3953e-02   1.6705e+00   1.6968e+00
  -8.3250e-02   9.2674e-02   1.3054e-02  -1.3994e-07   1.2279e-08   3.6514e-04   1.6704e+00   1.6968e+00
  -8.3250e-02   9.2674e-02   2.2370e-02  -1.3993e-07   1.1252e-08   1.3583e-02   1.6703e+00   1.6970e+00
  -8.3250e-02   9.2674e-02   2.4480e-02  -1.3992e-07   1.0311e-08  -2.2359e-02   1.6702e+00   1.6971e+00
  -8.3250e-02   9.2674e-02   2.6699e-02  -1.3992e-07   9.4484e-09   3.4544e-02   1.6700e+00   1.6972e+00
  -8.3250e-02   9.2674e-02   2.0662e-02  -1.3991e-07   8.6581e-09  -1.6628e-02   1.6699e+00   1.6974e+00
  -8.3250e-02   9.2674e-02  -3.7729e-03  -1.3991e-07   7.9339e-09   5.2820e-02   1.6699e+00   1.6973e+00
  -8.3250e-02   9.2674e-02   5.3456e-05  -1.3990e-07   7.2703e-09  -2.8942e-02   1.6699e+00   1.6973e+00
  -8.3250e-02   9.2674e-02   3.3779e-03  -1.3990e-07   6.6621e-09   2.2608e-02   1.6699e+00   1.6974e+00
  -8.3250e-02   9.2674e-02   6.4798e-03  -1.3989e-07   6.1049e-09  -3.3927e-02   1.6699e+00   1.6974e+00
  -8.3250e-02   9.2674e-02   2.7552e-03  -1.3989e-07   5.5942e-09   3.1706e-02   1.6699e+00   1.6974e+00
  -8.3250e-02   9.2674e-02  -4.3585e-03  -1.3988e-07   5.1263e-09  -1.3338e-02   1.6699e+00   1.6974e+00
  -8.3250e-02   9.2674e-02  -1.2782e-02  -1.3988e-07   4.6975e-09   3.4406e-02   1.6699e+00   1.6973e+00
  -8.3250e-02   9.2674e-02  -1.5540e-02  -1.3988e-07   4.3046e-09  -2.0932e-02   1.6700e+00   1.6972e+00
  -8.3250e-02   9.2674e-02  -5.7447e-03  -1.3988e-07   3.9445e-09   2.4461e-02   1.6701e+00   1.6972e+00
  -8.3250e-02   9.2674e-02  -5.8010e-03  -1.3987e-07   3.6146e-09  -4.1122e-02   1.6701e+00   1.6972e+00
  -8.3250e-02   9.2674e-02  -1.1181e-02  -1.3987e-07   3.3122e-09   3.0535e-02   1.6702e+00   1.6971e+00
  -8.3250e-02   9.2674e-02  -1.0401e-02  -1.3987e-07   3.0352e-09  -2.8395e-02   1.6702e+00   1.6970e+00
  -8.3250e-02   9.2674e-02  -1.6449e-02  -1.3987e-07   2.7813e-09   3.8926e-02   1.6703e+00   1.6969e+00
  -8.3250e-02   9.2674e-02  -1.3776e-02  -1.3987e-07   2.5487e-09  -2.0832e-02   1.6704e+00   1.6969e+00
  -8.3250e-02   9.2674e-02  -6.8715e-03  -1.3986e-07   2.3355e-09   9.1577e-03   1.6704e+00   1.6968e+00
  -8.3250e-02   9.2674e-02  -9.5227e-03  -1.3986e-07   2.1401e-09  -5.6767e-02   1.6705e+00   1.6968e+00
  -8.3250e-02   9.2674e-02  -7.5742e-03  -1.3986e-07   1.9611e-09   3.1652e-02   1.6705e+00   1.6967e+00
  -8.3250e-02   9.2674e-02  -1.5107e-02  -1.3986e-07   1.7971e-09  -4.0286e-02   1.6706e+00   1.6966e+00
  -8.3250e-02   9.2674e-02  -2.2316e-02  -1.3986e-07   1.6468e-09   4.6878e-02   1.6708e+00   1.6965e+00
  -8.3250e-02   9.2674e-02  -2.2328e-02  -1.3986e-07   1.5090e-09  -3.6178e-02   1.6709e+00   1.6964e+00
  -8.3250e-02   9.2674e-02  -1.9107e-02  -1.3986e-07   1.3828e-09   1.6978e-03   1.6710e+00   1.6963e+00
  -8.3250e-02   9.2674e-02  -1.3391e-02  -1.3986e-07   1.2671e-09  -6.3181e-02   1.6711e+00   1.6962e+00
  -8.3250e-02   9.2674e-02  -1.8474e-02  -1.3986e-07   1.1611e-09   2.5838e-02   1.6712e+00   1.6961e+00
  -8.3250e-02   9.2674e-02  -2.1902e-02  -1.3985e-07   1.0640e-09  -4.1914e-02   1.6713e+00   1.6960e+00
  -8.3250e-02   9.2674e-02  -2.7252e-02  -1.3985e-07   9.7502e-10   1.2826e-02   1.6715e+00   1.6958e+00
  -8.3250e-02   9.2674e-02  -2.7701e-02  -1.3985e-07   8.9346e-10  -4.4859e-02   1.6716e+00   1.6957e+00
  -8.3250e-02   9.2674e-02  -2.0559e-02  -1.3985e-07   8.1873e-10  -4.2812e-03   1.6717e+00   1.6956e+00
  -8.3250e-02   9.2674e-02  -1.6074e-02  -1.3985e-07   7.5024e-10  -6.4215e-02   1.6718e+00   1.6955e+00
  -8.3250e-02   9.2674e-02  -1.5860e-02  -1.3985e-07   6.8749e-10   7.4044e-03   1.6719e+00   1.6954e+00
  -8.3250e-02   9.2674e-02  -2.0691e-02  -1.3985e-07   6.2998e-10  -4.8734e-02   1.6720e+00   1.6953e+00
  -8.3250e-02   9.2674e-02  -3.0795e-02  -1.3985e-07   5.7729e-10   2.3711e-02   1.6722e+00   1.6951e+00
  -8.3250e-02   9.2674e-02  -2.9225e-02  -1.3985e-07   5.2900e-10  -5.2396e-02   1.6724e+00   1.6949e+00
  -8.3250e-02   9.2674e-02  -2.4791e-02  -1.3985e-07   4.8475e-10  -2.4423e-03   1.6725e+00   1.6948e+00
  -8.3250e-02   9.2674e-02  -1.6928e-02  -1.3985e-07   4.4421e-10  -6.3506e-02   1.6726e+00   1.6947e+00
  -8.3250e-02   9.2674e-02  -2.0365e-02  -1.3985e-07   4.0705e-10   1.4527e-02   1.6727e+00   1.6946e+00
  -8.3250e-02   9.2674e-02  -2.6892e-02  -1.3985e-07   3.7300e-10  -2.7702e-02   1.6729e+00   1.6944e+00
  -8.3250e-02   9.2674e-02  -2.7463e-02  -1.3985e-07   3.4180e-10  -2.1687e-05   1.6730e+00   1.6943e+00
  -8.3250e-02   9.2674e-02  -2.1169e-02  -1.3985e-07   3.1321e-10  -2.3667e-02   1.6732e+00   1.6942e+00
  -8.3250e-02   9.2674e-02  -2.1428e-02  -1.3985e-07   2.8701e-10  -2.9601e-02   1.6733e+00   1.6940e+00
  -8.3250e-02   9.2674e-02  -1.7311e-02  -1.3985e-07   2.6301e-10  -3.7566e-02   1.6734e+00   1.6939e+00
  -8.3250e-02   9.2674e-02  -2.2515e-02  -1.3985e-07   2.4101e-10   7.3238e-04   1.6735e+00   1.6938e+00
  -8.3250e-02   9.2674e-02  -2.7450e-02  -1.3985e-07   2.2085e-10   2.6404e-03   1.6737e+00   1.6937e+00
  -8.3250e-02   9.2674e-02  -3.1460e-02  -1.3985e-07   2.0237e-10   1.1248e-02   1.6739e+00   1.6935e+00
  -8.3250e-02   9.2674e-02  -2.4281e-02  -1.3985e-07   1.8545e-10  -2.6397e-02   1.6740e+00   1.6933e+00
  -8.3250e-02   9.2674e-02  -2.1677e-02  -1.3985e-07   1.6994e-10  -9.7643e-03   1.6741e+00   1.6932e+00
  -8.3250e-02   9.2674e-02  -1.7053e-02  -1.3985e-07   1.5572e-10  -3.9877e-02   1.6742e+00   1.6931e+00
  -8.3250e-02   9.2674e-02  -1.9483e-02  -1.3985e-07   1.4270e-10   3.1564e-02   1.6743e+00   1.6930e+00
  -8.3250e-02   9.2674e-02  -2.8006e-02  -1.3985e-07   1.3076e-10  -3.7424e-02   1.6745e+00   1.6929e+00
  -8.3250e-02   9.2674e-02  -2.6125e-02  -1.3985e-07   1.1982e-10   1.5276e-02   1.6746e+00   1.6927e+00
  -8.3250e-02   9.2674e-02  -3.2201e-02  -1.3985e-07   1.0980e-10  -3.4742e-02   1.6748e+00   1.6925e+00
  -8.3250e-02   9.2674e-02  -2.4344e-02  -1.3985e-07   1.0062e-10   1.1136e-02   1.6750e+00   1.6924e+00
  -8.3250e-02   9.2674e-02  -1.8048e-02  -1.3985e-07   9.2199e-11  -5.8172e-02   1.6751e+00   1.6923e+00
  -8.3250e-02   9.2674e-02  -1.6954e-02  -1.3985e-07   8.4487e-11   2.4832e-02   1.6752e+00   1.6922e+00
  -8.3250e-02   9.2674e-02  -2.2102e-02  -1.3985e-07   7.7420e-11  -4.0654e-02   1.6753e+00   1.6921e+00
  -8.3250e-02   9.2674e-02  -4.1969e-02  -1.3985e-07   7.0944e-11   3.6180e-02   1.6755e+00   1.6918e+00
  -8.3250e-02   9.2674e-02  -4.2260e-02  -1.3985e-07   6.5010e-11  -2.8957e-02   1.6758e+00   1.6916e+00
  -8.3250e-02   9.2674e-02  -3.0652e-02  -1.3985e-07   5.9572e-11  -9.3173e-04   1.6760e+00   1.6914e+00
  -8.3250e-02   9.2674e-02  -2.6692e-02  -1.3985e-07   5.4590e-11  -1.1385e-02   1.6761e+00   1.6913e+00
  -8.3250e-02   9.2674e-02  -1.2505e-02  -1.3985e-07   5.0023e-11  -4.2758e-02   1.6762e+00   1.6912e+00
  -8.3250e-02   9.2674e-02  -1.7156e-02  -1.3985e-07   4.5839e-11   1.9482e-02   1.6763e+00   1.6911e+00
  -8.3250e-02   9.2674e-02  -2.1597e-02  -1.3985e-07   4.2005e-11  -1.9193e-02   1.6764e+00   1.6910e+00
  -8.3250e-02   9.2674e-02  -2.2557e-02  -1.3985e-07   3.8491e-11   2.8903e-02   1.6765e+00   1.6909e+00
  -8.3250e-02   9.2674e-02  -2.1342e-02  -1.3985e-07   3.5272e-11  -3.2595e-02   1.6767e+00   1.6907e+00
  -8.3250e-02   9.2674e-02  -1.7366e-02  -1.3985e-07   3.2321e-11   1.2669e-02   1.6768e+00   1.6906e+00
  -8.3250e-02   9.2674e-02  -1.7855e-02  -1.3985e-07   2.9618e-11  -6.2051e-02   1.6769e+00   1.6905e+00
  -8.3250e-02   9.2674e-02  -1.6060e-02  -1.3985e-07   2.7140e-11   2.4937e-02   1.6770e+00   1.6905e+00
  -8.3250e-02   9.2674e-02  -1.9717e-02  -1.3985e-07   2.4870e-11  -3.8524e-02   1.6771e+00   1.6903e+00
  -8.3250e-02   9.2674e-02  -2.4515e-02  -1.3985e-07   2.2790e-11   4.9728e-02   1.6772e+00   1.6902e+00
  -8.3250e-02   9.2674e-02  -2.8910e-02  -1.3985e-07   2.0884e-11  -5.0554e-02   1.6774e+00   1.6900e+00
  -8.3250e-02   9.2674e-02  -2.3099e-02  -1.3985e-07   1.9137e-11   5.7816e-03   1.6775e+00   1.6899e+00
  -8.3250e-02   9.2674e-02  -2.0588e-02  -1.3985e-07   1.7536e-11  -6.6968e-02   1.6776e+00   1.6898e+00