  -4.7123e-03   3.1415e-02  -4.8644e-02  -5.9354e-07  6.6660e-308  -5.9354e-07   1.8678e+00   1.8673e+00
  -4.7123e-03   3.1415e-02  -4.6383e-02  -5.9354e-07  6.6660e-308  -5.9354e-07   1.8681e+00   1.8670e+00
  -4.7123e-03   3.1415e-02  -4.4612e-02  -5.9354e-07  6.6660e-308  -5.9354e-07   1.8684e+00   1.8668e+00
  -4.7123e-03   3.2986e-02  -3.5939e-02  -5.9354e-07  6.6660e-308  -5.9354e-07   1.8639e+00   1.8619e+00
  -4.7123e-03   3.2986e-02  -2.3770e-02  -5.9354e-07  6.6660e-308  -5.9354e-07   1.8640e+00   1.8617e+00
  -4.7123e-03   3.4557e-02  -1.4527e-02  -5.9354e-07  6.6660e-308  -5.9354e-07   1.8594e+00   1.8569e+00
  -4.7123e-03   3.4557e-02  -2.0589e-02  -1.0684e-06  1.1999e-307  -3.6585e-02   1.8595e+00   1.8568e+00
  -4.7123e-03   3.6127e-02  -3.4390e-02  -1.1633e-06   1.5708e-02   8.3378e-02   1.8550e+00   1.8519e+00
  -4.7123e-03   3.7698e-02  -3.7379e-02  -1.2773e-06   1.8849e-02   4.5319e-02   1.8505e+00   1.8470e+00
  -4.7123e-03   3.9269e-02  -4.6058e-02  -1.4141e-06   2.2619e-02  -1.3334e-02   1.8460e+00   1.8420e+00
  -4.7123e-03   4.0840e-02  -4.2674e-02  -1.5782e-06   2.7143e-02   1.3146e-02   1.8415e+00   1.8371e+00
  -4.7123e-03   4.2410e-02  -3.1947e-02  -1.6801e-06   3.2571e-02   5.7027e-02   1.8370e+00   1.8322e+00
  -4.7123e-03   4.3981e-02  -3.0854e-02  -1.7835e-06   3.5944e-02   2.1494e-02   1.8325e+00   1.8273e+00
  -4.7123e-03   4.5552e-02  -2.9149e-02  -1.8847e-06   3.9363e-02  -9.0731e-03   1.8279e+00   1.8224e+00
  -4.7123e-03   4.8693e-02  -2.3607e-02  -1.9788e-06   5.8419e-02  -3.2303e-02   1.8187e+00   1.8129e+00
  -4.7123e-03   5.0264e-02  -1.6984e-02  -2.0590e-06   4.8967e-02  -2.5716e-02   1.8140e+00   1.8080e+00
  -4.7123e-03   5.3406e-02  -9.8143e-03  -2.1347e-06   6.7953e-02   4.9184e-02   1.8047e+00   1.7986e+00
  -4.7123e-03   5.4976e-02  -1.9496e-02  -2.2050e-06   5.8648e-02   4.4625e-02   1.8001e+00   1.7937e+00
  -4.7123e-03   5.8118e-02  -1.9608e-02  -2.2690e-06   7.8212e-02   3.8101e-02   1.7908e+00   1.7842e+00
  -4.7123e-03   6.1259e-02  -3.3003e-02  -2.3271e-06   8.2171e-02   4.9740e-02   1.7815e+00   1.7746e+00
  -4.7123e-03   6.4401e-02  -3.0012e-02  -2.3807e-06   8.8812e-02   9.8626e-02   1.7723e+00   1.7650e+00
  -4.7123e-03   6.5972e-02  -3.0631e-02  -2.4299e-06   7.7276e-02   4.4409e-02   1.7677e+00   1.7601e+00
  -4.7123e-03   6.9113e-02  -2.7344e-02  -2.4749e-06   9.6709e-02   6.4884e-02   1.7585e+00   1.7505e+00
  -4.7123e-03   7.2254e-02  -2.0856e-02  -2.5161e-06   1.0041e-01   1.2488e-02   1.7492e+00   1.7410e+00
  -4.7123e-03   7.5396e-02  -2.3027e-02  -2.5539e-06   1.0406e-01   8.1222e-02   1.7399e+00   1.7314e+00
  -4.7123e-03   7.8538e-02  -4.5564e-02  -2.5885e-06   1.0711e-01   5.4566e-02   1.7307e+00   1.7218e+00
  -4.7123e-03   8.1679e-02  -4.9311e-02  -2.6202e-06   1.1307e-01   3.8914e-02   1.7216e+00   1.7121e+00
  -4.7123e-03   8.4821e-02  -3.9720e-02  -2.6493e-06   1.1634e-01   4.6142e-02   1.7124e+00   1.7024e+00
  -4.7123e-03   8.7962e-02  -3.6597e-02  -2.6759e-06   1.1953e-01   2.4607e-04   1.7032e+00   1.6928e+00
  -4.7123e-03   9.1104e-02  -3.4950e-02  -2.7003e-06   1.2262e-01   4.6608e-02   1.6939e+00   1.6832e+00
  -4.7123e-03   9.4245e-02  -4.6218e-02  -2.7227e-06   1.2573e-01   7.1979e-04   1.6848e+00   1.6735e+00
  -4.7123e-03   9.7387e-02  -4.5686e-02  -2.7432e-06   1.2826e-01   2.3276e-02   1.6756e+00   1.6638e+00
  -4.7123e-03   1.0053e-01  -3.4119e-02  -2.7619e-06   1.3064e-01   1.3700e-03   1.6664e+00   1.6542e+00
  -4.7123e-03   1.0367e-01  -3.6916e-02  -2.7792e-06   1.3287e-01  -4.2135e-02   1.6572e+00   1.6446e+00
  -4.7123e-03   1.0681e-01  -4.6301e-02  -2.7949e-06   1.3491e-01   1.8675e-02   1.6480e+00   1.6349e+00
  -4.7123e-03   1.0995e-01  -4.7049e-02  -2.8094e-06   1.3675e-01  -4.0866e-02   1.6389e+00   1.6252e+00
  -4.7123e-03   1.1309e-01  -4.8276e-02  -2.8226e-06   1.3845e-01   5.7185e-03   1.6297e+00   1.6155e+00
  -4.7123e-03   1.1624e-01  -4.3344e-02  -2.8348e-06   1.4001e-01  -2.2660e-02   1.6205e+00   1.6058e+00
  -4.7123e-03   1.1938e-01  -4.3009e-02  -2.8459e-06   1.4144e-01  -6.2604e-02   1.6114e+00   1.5961e+00
  -4.7123e-03   1.2252e-01  -4.9833e-02  -2.8561e-06   1.4275e-01  -1.0799e-02   1.6022e+00   1.5864e+00
  -4.7123e-03   1.2409e-01  -6.0856e-02  -2.8654e-06   1.2824e-01   1.3890e-02   1.5979e+00   1.5814e+00
  -4.7123e-03   1.2723e-01  -5.8699e-02  -2.8740e-06   1.4190e-01  -1.9279e-02   1.5888e+00   1.5716e+00
  -4.7123e-03   1.3037e-01  -5.7763e-02  -2.8818e-06   1.4228e-01  -8.4723e-02   1.5797e+00   1.5619e+00
  -4.7123e-03   1.3194e-01  -6.1279e-02  -2.8890e-06   1.2674e-01  -9.6381e-03   1.5753e+00   1.5568e+00
  -4.7123e-03   1.3351e-01  -6.2660e-02  -2.8956e-06   1.2354e-01  -1.0096e-02   1.5710e+00   1.5518e+00
  -4.7123e-03   1.3666e-01  -5.6552e-02  -2.9016e-06   1.3831e-01  -2.5445e-02   1.5619e+00   1.5420e+00
  -4.7123e-03   1.3823e-01  -5.4632e-02  -2.9071e-06   1.2188e-01  -9.7111e-03   1.5575e+00   1.5370e+00
  -4.7123e-03   1.3980e-01  -5.9644e-02  -2.9122e-06   1.1780e-01   7.8488e-03   1.5531e+00   1.5320e+00
  -4.7123e-03   1.4137e-01  -5.8585e-02  -2.9168e-06   1.1601e-01  -1.9739e-02   1.5487e+00   1.5269e+00
  -4.7123e-03   1.4294e-01  -5.5962e-02  -2.9211e-06   1.1451e-01  -3.9135e-02   1.5443e+00   1.5219e+00
  -4.7123e-03   1.4294e-01  -5.7500e-02  -2.9250e-06   9.4041e-02   4.2995e-03   1.5447e+00   1.5216e+00
  -4.7123e-03   1.4451e-01  -5.6439e-02  -2.9286e-06   1.0418e-01   3.7566e-03   1.5403e+00   1.5165e+00
  -4.7123e-03   1.4451e-01  -4.6293e-02  -2.9318e-06   8.5749e-02   2.5995e-02   1.5405e+00   1.5163e+00
  -4.7123e-03   1.4608e-01  -4.5813e-02  -2.9348e-06   9.5403e-02   2.4036e-02   1.5361e+00   1.5113e+00
  -4.7123e-03   1.4608e-01  -6.0876e-02  -2.9376e-06   7.5875e-02   3.8516e-02   1.5364e+00   1.5110e+00
  -4.7123e-03   1.4608e-01  -6.4807e-02  -2.9401e-06   7.2241e-02   1.5460e-02   1.5368e+00   1.5106e+00
  -4.7123e-03   1.4608e-01  -5.5456e-02  -2.9424e-06   6.5853e-02  -1.9972e-02   1.5371e+00   1.5103e+00
  -4.7123e-03   1.4608e-01  -5.5701e-02  -2.9445e-06   6.1874e-02   4.7782e-03   1.5374e+00   1.5100e+00
  -4.7123e-03   1.4608e-01  -5.8380e-02  -2.9465e-06   5.5169e-02   1.0545e-02   1.5378e+00   1.5096e+00
  -4.7123e-03   1.4608e-01  -5.1040e-02  -2.9482e-06   5.1028e-02   5.4563e-03   1.5381e+00   1.5094e+00
  -4.7123e-03   1.4451e-01  -4.7710e-02  -2.9499e-06   3.1077e-02   2.5530e-02   1.5431e+00   1.5138e+00
  -4.7123e-03   1.4451e-01  -5.2630e-02  -2.9514e-06   3.9830e-02   4.2900e-02   1.5434e+00   1.5135e+00
  -4.7123e-03   1.4294e-01  -4.4565e-02  -2.9527e-06   1.9713e-02   3.5894e-02   1.5483e+00   1.5180e+00
  -4.7123e-03   1.4137e-01  -3.3782e-02  -2.9540e-06   1.2622e-02   2.7687e-02   1.5532e+00   1.5225e+00
  -4.7123e-03   1.4137e-01  -6.2479e-02  -2.9551e-06   2.0648e-02   4.2182e-02   1.5536e+00   1.5221e+00
  -4.7123e-03   1.3980e-01  -6.4142e-02  -2.9562e-06   2.8552e-03   3.8138e-03   1.5587e+00   1.5265e+00
  -4.7123e-03   1.3823e-01  -5.9500e-02  -2.9571e-06  -4.5397e-03  -1.5507e-02   1.5637e+00   1.5309e+00
  -4.7123e-03   1.3666e-01  -6.1961e-02  -2.9580e-06  -9.3903e-03  -6.1555e-03   1.5688e+00   1.5352e+00
  -4.7123e-03   1.3508e-01  -6.4157e-02  -2.9588e-06  -1.3793e-02  -1.8509e-02   1.5739e+00   1.5396e+00
  -4.7123e-03   1.3351e-01  -6.1697e-02  -2.9596e-06  -2.0681e-02  -7.7338e-03   1.5789e+00   1.5439e+00
  -4.7123e-03   1.3194e-01  -6.7159e-02  -2.9603e-06  -2.5388e-02   9.1405e-03   1.5840e+00   1.5483e+00
  -4.7123e-03   1.3037e-01  -7.3490e-02  -2.9609e-06  -2.9558e-02   9.6560e-03   1.5892e+00   1.5526e+00
  -4.7123e-03   1.2880e-01  -7.5031e-02  -2.9615e-06  -3.3592e-02  -2.1116e-02   1.5943e+00   1.5569e+00
  -4.7123e-03   1.2723e-01  -6.4330e-02  -2.9620e-06  -3.7551e-02  -5.1964e-02   1.5994e+00   1.5612e+00
  -4.7123e-03   1.2566e-01  -6.5811e-02  -2.9625e-06  -4.0925e-02  -3.1679e-02   1.6045e+00   1.5656e+00
  -4.7123e-03   1.2252e-01  -6.7191e-02  -2.9629e-06  -5.9740e-02   1.9659e-03   1.6143e+00   1.5746e+00
  -4.7123e-03   1.2095e-01  -5.6974e-02  -2.9633e-06  -5.0069e-02  -9.8188e-03   1.6193e+00   1.5790e+00
  -4.7123e-03   1.1938e-01  -5.3700e-02  -2.9637e-06  -5.3365e-02  -7.2497e-02   1.6244e+00   1.5834e+00
  -4.7123e-03   1.1624e-01  -5.7059e-02  -2.9640e-06  -7.2235e-02  -2.5235e-02   1.6341e+00   1.5925e+00
  -4.7123e-03   1.1466e-01  -5.7477e-02  -2.9643e-06  -6.2789e-02  -2.6526e-02   1.6392e+00   1.5969e+00
  -4.7123e-03   1.1309e-01  -5.3923e-02  -2.9646e-06  -6.3399e-02  -2.0425e-02   1.6442e+00   1.6013e+00
  -4.7123e-03   1.0995e-01  -5.2343e-02  -2.9649e-06  -8.1773e-02  -2.8708e-02   1.6539e+00   1.6104e+00
  -4.7123e-03   1.0838e-01  -5.8558e-02  -2.9651e-06  -7.1747e-02  -4.6412e-03   1.6589e+00   1.6148e+00
  -4.7123e-03   1.0681e-01  -6.0976e-02  -2.9653e-06  -7.1649e-02  -3.4458e-02   1.6640e+00   1.6192e+00
  -4.7123e-03   1.0367e-01  -5.3502e-02  -2.9655e-06  -8.9128e-02  -6.1997e-03   1.6737e+00   1.6283e+00
  -4.7123e-03   1.0210e-01  -4.7044e-02  -2.9657e-06  -7.8567e-02  -1.3031e-02   1.6787e+00   1.6328e+00
  -4.7123e-03   1.0053e-01  -4.9355e-02  -2.9659e-06  -7.7926e-02  -2.8746e-02   1.6837e+00   1.6372e+00
  -4.7123e-03   9.7387e-02  -4.7896e-02  -2.9660e-06  -9.4869e-02   2.5397e-02   1.6934e+00   1.6464e+00
  -4.7123e-03   9.5816e-02  -4.4593e-02  -2.9662e-06  -8.3806e-02   1.0375e-03   1.6984e+00   1.6508e+00
  -4.7123e-03   9.4245e-02  -4.4961e-02  -2.9663e-06  -8.2741e-02  -4.4235e-02   1.7034e+00   1.6553e+00
  -4.7123e-03   9.1104e-02  -4.8707e-02  -2.9664e-06  -9.9283e-02   5.5210e-02   1.7131e+00   1.6644e+00
  -4.7123e-03   8.9533e-02  -5.8869e-02  -2.9665e-06  -8.7847e-02  -5.8048e-03   1.7181e+00   1.6688e+00
  -4.7123e-03   8.7962e-02  -5.8785e-02  -2.9666e-06  -8.6443e-02  -8.1234e-03   1.7232e+00   1.6732e+00
  -4.7123e-03   8.6391e-02  -4.9201e-02  -2.9667e-06  -8.6970e-02   2.0178e-02   1.7282e+00   1.6776e+00
  -4.7123e-03   8.4821e-02  -4.2938e-02  -2.9668e-06  -8.7816e-02  -4.4162e-02   1.7331e+00   1.6821e+00
  -4.7123e-03   8.3250e-02  -4.3557e-02  -2.9669e-06  -8.5523e-02   2.2818e-02   1.7381e+00   1.6866e+00
  -4.7123e-03   8.1679e-02  -4.6807e-02  -2.9669e-06  -8.5058e-02  -1.1612e-03   1.7431e+00   1.6910e+00
  -4.7123e-03   8.0108e-02  -4.8219e-02  -2.9670e-06  -8.4781e-02  -1.3664e-02   1.7480e+00   1.6955e+00
  -4.7123e-03   7.8538e-02  -3.8457e-02  -2.9671e-06  -8.4343e-02   4.7843e-03   1.7530e+00   1.7000e+00
  -4.7123e-03   7.6967e-02  -3.9522e-02  -2.9671e-06  -8.3648e-02  -5.2707e-02   1.7579e+00   1.7045e+00
  -4.7123e-03   7.6967e-02  -2.9434e-02  -2.9672e-06  -6.7566e-02   3.1022e-02   1.7581e+00   1.7043e+00
  -4.7123e-03   7.5396e-02  -3.7532e-02  -2.9672e-06  -7.9775e-02  -1.4905e-02   1.7630e+00   1.7088e+00
  -4.7123e-03   7.3825e-02  -3.8337e-02  -2.9672e-06  -7.8774e-02   3.0947e-02   1.7680e+00   1.7133e+00
  -4.7123e-03   7.3825e-02  -2.4706e-02  -2.9673e-06  -6.1953e-02  -9.2707e-03   1.7681e+00   1.7131e+00
  -4.7123e-03   7.2254e-02  -2.0901e-02  -2.9673e-06  -7.3321e-02   9.1110e-03   1.7729e+00   1.7177e+00
  -4.7123e-03   7.2254e-02  -9.0833e-03  -2.9674e-06  -5.8765e-02   1.0877e-02   1.7730e+00   1.7177e+00
  -4.7123e-03   7.2254e-02  -1.3326e-02  -2.9674e-06  -5.4563e-02   1.8453e-02   1.7731e+00   1.7176e+00
  -4.7123e-03   7.2254e-02  -1.9458e-02  -2.9674e-06  -4.9720e-02   5.6546e-02   1.7732e+00   1.7175e+00
  -4.7123e-03   7.2254e-02  -2.2024e-02  -2.9674e-06  -4.7274e-02   1.2798e-02   1.7733e+00   1.7174e+00
  -4.7123e-03   7.2254e-02  -1.2188e-02  -2.9675e-06  -4.2064e-02   4.9688e-02   1.7734e+00   1.7173e+00
  -4.7123e-03   7.2254e-02  -1.3778e-02  -2.9675e-06  -3.8724e-02  -1.6428e-02   1.7734e+00   1.7172e+00
  -4.7123e-03   7.2254e-02  -6.1951e-03  -2.9675e-06  -3.5556e-02   4.9017e-02   1.7735e+00   1.7172e+00
  -4.7123e-03   7.2254e-02  -8.3505e-03  -2.9675e-06  -3.2724e-02   5.1469e-03   1.7735e+00   1.7172e+00
  -4.7123e-03   7.2254e-02  -2.0738e-02  -2.9675e-06  -2.9814e-02   7.5634e-02   1.7736e+00   1.7170e+00
  -4.7123e-03   7.3825e-02  -2.5875e-02  -2.9675e-06  -1.1656e-02   3.7833e-03   1.7691e+00   1.7122e+00
  -4.7123e-03   7.3825e-02  -1.4654e-02  -2.9676e-06  -2.1950e-02   5.0458e-02   1.7692e+00   1.7121e+00
  -4.7123e-03   7.5396e-02  -1.3007e-02  -2.9676e-06  -3.5212e-03  -1.0194e-02   1.7645e+00   1.7073e+00
  -4.7123e-03   7.5396e-02  -8.2515e-03  -2.9676e-06  -1.3388e-02   8.9165e-03   1.7646e+00   1.7073e+00
  -4.7123e-03   7.6967e-02  -1.4090e-02  -2.9676e-06   5.6044e-03   4.5094e-03   1.7599e+00   1.7025e+00
  -4.7123e-03   7.8538e-02  -2.4979e-02  -2.9676e-06   9.0565e-03   5.4630e-02   1.7554e+00   1.6976e+00
  -4.7123e-03   7.8538e-02  -2.0663e-02  -2.9676e-06  -4.4970e-04  -6.7921e-03   1.7555e+00   1.6975e+00
  -4.7123e-03   8.0108e-02  -8.2969e-03  -2.9676e-06   1.5872e-02   3.3981e-02   1.7508e+00   1.6927e+00
  -4.7123e-03   8.1679e-02  -1.1722e-02  -2.9676e-06   2.1724e-02  -4.5338e-02   1.7462e+00   1.6880e+00
  -4.7123e-03   8.3250e-02  -1.5834e-03  -2.9676e-06   2.4948e-02   5.7835e-02   1.7415e+00   1.6832e+00
  -4.7123e-03   8.3250e-02  -1.1641e-02  -2.9676e-06   1.2419e-02  -8.9259e-03   1.7415e+00   1.6832e+00
  -4.7123e-03   8.4821e-02  -1.4766e-02  -2.9676e-06   3.0700e-02   4.9009e-02   1.7369e+00   1.6784e+00
  -4.7123e-03   8.6391e-02  -7.7628e-03  -2.9676e-06   3.3666e-02   6.5233e-03   1.7323e+00   1.6736e+00
  -4.7123e-03   8.7962e-02  -7.4112e-03  -2.9677e-06   3.6054e-02  -1.1372e-02   1.7276e+00   1.6689e+00
  -4.7123e-03   8.9533e-02  -6.1904e-03  -2.9677e-06   3.8275e-02   3.7197e-02   1.7229e+00   1.6641e+00
  -4.7123e-03   9.1104e-02  -1.4027e-02  -2.9677e-06   4.3447e-02  -2.1195e-04   1.7183e+00   1.6593e+00
  -4.7123e-03   9.2674e-02  -1.5804e-02  -2.9677e-06   4.5996e-02   3.6682e-02   1.7137e+00   1.6545e+00
  -4.7123e-03   9.4245e-02  -5.7591e-03  -2.9677e-06   4.8462e-02   3.5852e-02   1.7090e+00   1.6498e+00
  -4.7123e-03   9.5816e-02  -6.3910e-03  -2.9677e-06   5.0943e-02   4.6410e-03   1.7043e+00   1.6450e+00
  -4.7123e-03   9.7387e-02   1.3831e-03  -2.9677e-06   5.3477e-02   4.2532e-02   1.6996e+00   1.6403e+00
  -4.7123e-03   9.8957e-02  -2.6529e-03  -2.9677e-06   5.5483e-02  -1.3768e-03   1.6949e+00   1.6356e+00
  -4.7123e-03   9.8957e-02  -1.1032e-02  -2.9677e-06   4.1673e-02   6.0098e-02   1.6949e+00   1.6355e+00
  -4.7123e-03   1.0053e-01  -3.8629e-03  -2.9677e-06   5.6023e-02   8.1819e-03   1.6903e+00   1.6308e+00
  -4.7123e-03   1.0210e-01  -3.9860e-03  -2.9677e-06   5.7039e-02   4.5830e-03   1.6856e+00   1.6261e+00
  -4.7123e-03   1.0367e-01   1.3059e-02  -2.9677e-06   5.7751e-02   4.8629e-02   1.6808e+00   1.6214e+00
  -4.7123e-03   1.0524e-01  -4.2441e-03  -2.9677e-06   5.8205e-02   1.0514e-02   1.6761e+00   1.6167e+00
  -4.7123e-03   1.0681e-01  -4.2607e-03  -2.9677e-06   6.1511e-02   2.7513e-02   1.6714e+00   1.6120e+00
  -4.7123e-03   1.0838e-01   7.6800e-03  -2.9677e-06   6.2609e-02   5.5599e-02   1.6666e+00   1.6073e+00
  -4.7123e-03   1.0838e-01   9.7479e-03  -2.9677e-06   4.8015e-02   5.0984e-04   1.6666e+00   1.6074e+00
  -4.7123e-03   1.0995e-01   5.8169e-03  -2.9677e-06   6.1775e-02   4.3668e-03   1.6618e+00   1.6027e+00
  -4.7123e-03   1.1152e-01   5.7111e-04  -2.9677e-06   6.2489e-02   3.9726e-02   1.6571e+00   1.5980e+00
  -4.7123e-03   1.1152e-01   1.9207e-02  -2.9677e-06   4.6978e-02   2.9632e-02   1.6570e+00   1.5981e+00
  -4.7123e-03   1.1309e-01   1.4825e-02  -2.9677e-06   5.9559e-02  -3.1924e-02   1.6522e+00   1.5934e+00
  -4.7123e-03   1.1466e-01   1.4563e-02  -2.9677e-06   6.1868e-02   5.3116e-02   1.6474e+00   1.5888e+00
  -4.7123e-03   1.1466e-01  -3.3614e-03  -2.9677e-06   4.6179e-02   5.7614e-02   1.6474e+00   1.5888e+00
  -4.7123e-03   1.1624e-01  -6.2541e-03  -2.9677e-06   5.8624e-02  -2.5706e-04   1.6428e+00   1.5840e+00
  -4.7123e-03   1.1624e-01  -6.9516e-03  -2.9677e-06   4.5246e-02  -1.8484e-02   1.6428e+00   1.5840e+00
  -4.7123e-03   1.1624e-01  -9.5247e-03  -2.9677e-06   4.2383e-02   7.0360e-02   1.6429e+00   1.5840e+00
  -4.7123e-03   1.1624e-01  -3.1108e-02  -2.9677e-06   3.8486e-02   4.4455e-02   1.6430e+00   1.5838e+00
  -4.7123e-03   1.1781e-01  -2.6848e-02  -2.9677e-06   5.2655e-02   1.5489e-03   1.6385e+00   1.5789e+00
  -4.7123e-03   1.1781e-01  -2.7582e-02  -2.9677e-06   3.5754e-02  -2.2248e-03   1.6386e+00   1.5788e+00
  -4.7123e-03   1.1781e-01  -2.4397e-02  -2.9677e-06   3.3856e-02   5.8389e-02   1.6388e+00   1.5786e+00
  -4.7123e-03   1.1781e-01  -2.9418e-02  -2.9677e-06   3.2150e-02   2.1396e-02   1.6389e+00   1.5785e+00
  -4.7123e-03   1.1781e-01  -2.8126e-02  -2.9677e-06   3.0883e-02   2.9640e-03   1.6391e+00   1.5783e+00
  -4.7123e-03   1.1781e-01  -2.4937e-02  -2.9677e-06   2.6529e-02   1.0001e-02   1.6393e+00   1.5782e+00
  -4.7123e-03   1.1781e-01  -1.1752e-02  -2.9677e-06   2.4684e-02   4.7504e-02   1.6393e+00   1.5781e+00
  -4.7123e-03   1.1781e-01  -1.3051e-02  -2.9677e-06   2.2849e-02   3.2396e-02   1.6394e+00   1.5780e+00
  -4.7123e-03   1.1781e-01  -1.4497e-02  -2.9677e-06   2.0989e-02   1.2980e-03   1.6395e+00   1.5779e+00
  -4.7123e-03   1.1624e-01  -8.5327e-03  -2.9677e-06   3.3026e-03   2.1533e-02   1.6442e+00   1.5826e+00
  -4.7123e-03   1.1624e-01  -1.4203e-03  -2.9677e-06   1.4365e-02   6.1334e-02   1.6442e+00   1.5826e+00
  -4.7123e-03   1.1624e-01  -1.2265e-02  -2.9677e-06   1.2301e-02   2.5532e-02   1.6443e+00   1.5825e+00
  -4.7123e-03   1.1624e-01  -1.1735e-02  -2.9677e-06   1.0192e-02   2.5238e-03   1.6444e+00   1.5825e+00
  -4.7123e-03   1.1466e-01  -5.8001e-03  -2.9677e-06  -7.6755e-03   2.9541e-02   1.6491e+00   1.5871e+00
  -4.7123e-03   1.1466e-01  -5.6080e-03  -2.9677e-06   5.8364e-03   3.8955e-02   1.6492e+00   1.5871e+00
  -4.7123e-03   1.1466e-01  -6.0969e-03  -2.9677e-06   4.1307e-03   3.4160e-02   1.6492e+00   1.5871e+00
  -4.7123e-03   1.1309e-01  -8.9861e-03  -2.9677e-06  -1.3211e-02   8.1384e-03   1.6540e+00   1.5917e+00
  -4.7123e-03   1.1309e-01  -4.3802e-03  -2.9677e-06  -2.1838e-03   2.6346e-02   1.6540e+00   1.5917e+00
  -4.7123e-03   1.1309e-01  -3.9850e-03  -2.9677e-06  -1.0855e-03   6.1075e-02   1.6540e+00   1.5917e+00
  -4.7123e-03   1.1152e-01  -4.0777e-03  -2.9677e-06  -1.8177e-02   2.9977e-02   1.6587e+00   1.5964e+00
  -4.7123e-03   1.1152e-01  -2.7221e-03  -2.9677e-06  -6.9315e-03   4.4106e-02   1.6588e+00   1.5964e+00
  -4.7123e-03   1.1152e-01   7.2934e-03  -2.9677e-06  -5.6757e-03   5.4984e-02   1.6587e+00   1.5964e+00
  -4.7123e-03   1.1152e-01   1.9871e-02  -2.9677e-06  -6.3740e-03   3.5864e-02   1.6586e+00   1.5965e+00
  -0.0063   0.1100   0.0141  -0.0157  -0.0231   0.0275   1.6632   1.6013
  -0.0063   0.1100   0.0090  -0.0031  -0.0084   0.0858   1.6632   1.6014
  -0.0063   0.1100   0.0226  -0.0038  -0.0087   0.0605   1.6631   1.6015
  -0.0063   0.1084   0.0224  -0.0045  -0.0250   0.0231   1.6676   1.6063
  -0.0063   0.1084   0.0177  -0.0054  -0.0131   0.0710   1.6675   1.6064
  -0.0063   0.1084   0.0170  -0.0034  -0.0111   0.0976   1.6674   1.6065
  -0.0063   0.1068   0.0244  -0.0034  -0.0273   0.0761   1.6720   1.6114
  -0.0079   0.1068   0.0253  -0.0191  -0.0153   0.0269   1.6719   1.6115
  -0.0079   0.1068   0.0290  -0.0063  -0.0133   0.1121   1.6717   1.6117
  -0.0079   0.1068   0.0170  -0.0064  -0.0134   0.0941   1.6716   1.6118
  -0.0094   0.1068   0.0158  -0.0227  -0.0139   0.0468   1.6715   1.6119
  -0.0094   0.1052   0.0216  -0.0109  -0.0269   0.0721   1.6761   1.6167
  -0.0110   0.1052   0.0321  -0.0250  -0.0135   0.0799   1.6759   1.6169
  -0.0110   0.1052   0.0277  -0.0130  -0.0135   0.0360   1.6758   1.6170
  -0.0126   0.1052   0.0233  -0.0300  -0.0136   0.0742   1.6756   1.6172
  -0.0126   0.1052   0.0361  -0.0158  -0.0135   0.0794   1.6754   1.6174
  -0.0126   0.1052   0.0386  -0.0168  -0.0108   0.0185   1.6752   1.6176
  -0.0141   0.1052   0.0318  -0.0308  -0.0103   0.0812   1.6750   1.6178
  -0.0157   0.1052   0.0294  -0.0344  -0.0096   0.0906   1.6748   1.6179
  -0.0157   0.1052   0.0341  -0.0196  -0.0088   0.0420   1.6746   1.6181
  -0.0173   0.1052   0.0393  -0.0360  -0.0079   0.0650   1.6744   1.6183
  -0.0188   0.1052   0.0449  -0.0399  -0.0073   0.0428   1.6742   1.6186
  -0.0188   0.1052   0.0404  -0.0260  -0.0067   0.0310   1.6739   1.6188
  -0.0204   0.1052   0.0372  -0.0400  -0.0062   0.0655   1.6737   1.6190
  -0.0220   0.1052   0.0541  -0.0441  -0.0056   0.0552   1.6734   1.6193
  -0.0236   0.1052   0.0541  -0.0457  -0.0052  -0.0027   1.6731   1.6196
  -0.0251   0.1052   0.0490  -0.0468  -0.0047   0.0754   1.6728   1.6199
  -0.0251   0.1052   0.0415  -0.0353  -0.0043   0.0213   1.6726   1.6201
  -0.0267   0.1052   0.0352  -0.0501  -0.0040   0.0751   1.6724   1.6203
  -0.0283   0.1052   0.0432  -0.0513  -0.0036   0.0382   1.6721   1.6206
  -0.0298   0.1052   0.0417  -0.0524  -0.0033  -0.0095   1.6719   1.6208
  -0.0314   0.1052   0.0347  -0.0535  -0.0031   0.0677   1.6717   1.6210
  -0.0330   0.1052   0.0225  -0.0572  -0.0028   0.0764   1.6716   1.6211
  -0.0346   0.1052   0.0205  -0.0586  -0.0026  -0.0025   1.6714   1.6213
  -0.0377   0.1052   0.0186  -0.0758  -0.0024  -0.0046   1.6713   1.6214
  -0.0393   0.1052   0.0335  -0.0647  -0.0022   0.0475   1.6711   1.6215
  -0.0408   0.1052   0.0192  -0.0670  -0.0020   0.0270   1.6710   1.6217
  -0.0424   0.1052   0.0160  -0.0689  -0.0018  -0.0192   1.6709   1.6217
  -0.0440   0.1052   0.0203  -0.0710  -0.0017   0.0127   1.6708   1.6219
  -0.0456   0.1052   0.0270  -0.0700  -0.0015   0.0009   1.6707   1.6220
  -0.0487   0.1052   0.0223  -0.0868  -0.0014  -0.0168   1.6705   1.6221
  -0.0503   0.1052   0.0206  -0.0750  -0.0013  -0.0298   1.6704   1.6223
  -0.0518   0.1052   0.0274  -0.0763  -0.0012   0.0034   1.6703   1.6224
  -0.0550   0.1052   0.0319  -0.0930  -0.0011  -0.0189   1.6701   1.6226
  -0.0565   0.1052   0.0281  -0.0819  -0.0010  -0.0347   1.6699   1.6227
  -0.0597   0.1052   0.0265  -0.0967  -0.0009  -0.0039   1.6698   1.6229
  -0.0613   0.1052   0.0347  -0.0853  -0.0008  -0.0081   1.6696   1.6231
  -0.0628   0.1052   0.0362  -0.0871  -0.0008  -0.0481   1.6694   1.6233
  -0.0660   0.1052   0.0314  -0.1016  -0.0007  -0.0353   1.6692   1.6235
  -0.0691   0.1052   0.0272  -0.1056  -0.0006   0.0003   1.6690   1.6236
  -0.0707   0.1052   0.0421  -0.0916  -0.0006  -0.0144   1.6688   1.6239
  -0.0738   0.1052   0.0431  -0.1086  -0.0005  -0.0560   1.6685   1.6241
  -0.0754   0.1052   0.0359  -0.0972  -0.0005  -0.0386   1.6683   1.6243
  -0.0785   0.1052   0.0320  -0.1120  -0.0004   0.0346   1.6681   1.6245
  -0.0801   0.1052   0.0363  -0.0976  -0.0004  -0.0146   1.6679   1.6247
  -0.0832   0.1052   0.0372  -0.1145  -0.0004  -0.0422   1.6677   1.6249
  -0.0848   0.1052   0.0295  -0.1000  -0.0003   0.0085   1.6676   1.6251
  -0.0880   0.1052   0.0216  -0.1162  -0.0003   0.0387   1.6674   1.6252
  -0.0895   0.1052   0.0266  -0.1014  -0.0003  -0.0164   1.6673   1.6253
  -0.0911   0.1052   0.0260  -0.1021  -0.0003  -0.0354   1.6671   1.6255
  -0.0927   0.1052   0.0278  -0.0996  -0.0002   0.0424   1.6670   1.6256
  -0.0942   0.1052   0.0136  -0.0996  -0.0002   0.0302   1.6669   1.6257
  -0.0942   0.1052   0.0179  -0.0805  -0.0002  -0.0365   1.6668   1.6258
  -0.0958   0.1052   0.0172  -0.0921  -0.0002  -0.0244   1.6667   1.6259
  -0.0958   0.1052   0.0161  -0.0744  -0.0002   0.0423   1.6666   1.6260
  -0.0958   0.1052   0.0040  -0.0693  -0.0002  -0.0021   1.6666   1.6260
  -0.0942   0.1052   0.0053  -0.0476  -0.0001  -0.0427   1.6665   1.6261
  -0.0927   0.1052   0.0072  -0.0410  -0.0001  -0.0231   1.6665   1.6261
  -0.0927   0.1052   0.0128  -0.0464  -0.0001   0.0061   1.6664   1.6262
  -0.0911   0.1052   0.0065  -0.0251  -0.0001  -0.0328   1.6664   1.6262
  -0.0895   0.1052   0.0046  -0.0163  -0.0001  -0.0316   1.6664   1.6262
  -8.7962e-02   1.0524e-01   1.6514e-02  -1.0064e-02  -9.3012e-05   3.1038e-03   1.6663e+00   1.6263e+00
  -8.7962e-02   1.0524e-01   2.1340e-02  -1.9593e-02  -8.5232e-05  -3.2855e-02   1.6661e+00   1.6264e+00
  -8.7962e-02   1.0524e-01   1.4059e-02  -1.4224e-02  -7.8103e-05  -3.1443e-02   1.6661e+00   1.6265e+00
  -8.7962e-02   1.0524e-01   1.6993e-02  -1.2039e-02  -7.1570e-05   2.1030e-02   1.6660e+00   1.6266e+00
  -8.6391e-02   1.0524e-01   2.2113e-02   4.5228e-03  -6.5584e-05   8.6445e-03   1.6658e+00   1.6267e+00
  -8.4821e-02   1.0524e-01   2.4463e-02   7.4402e-03  -6.0098e-05  -3.9798e-02   1.6657e+00   1.6269e+00
  -8.4821e-02   1.0524e-01   1.8873e-02  -2.8606e-03  -5.5071e-05   5.9858e-04   1.6656e+00   1.6270e+00
  -8.4821e-02   1.0524e-01   9.9228e-03  -5.8797e-04  -5.0464e-05   4.8630e-02   1.6655e+00   1.6270e+00
  -8.3250e-02   1.0524e-01   2.1722e-02   1.7410e-02  -4.6243e-05   1.3759e-02   1.6654e+00   1.6272e+00
  -8.3250e-02   1.0524e-01   2.6257e-02   4.2797e-03  -4.2375e-05  -2.7156e-02   1.6653e+00   1.6273e+00
  -8.3250e-02   1.0524e-01   2.3671e-02   3.6476e-03  -3.8831e-05   4.4870e-02   1.6651e+00   1.6274e+00
  -8.3250e-02   1.0524e-01   7.0754e-03   4.9492e-03  -3.5583e-05   6.4461e-02   1.6651e+00   1.6275e+00
  -8.1679e-02   1.0524e-01   1.3519e-02   2.1764e-02  -3.2606e-05  -4.1348e-03   1.6650e+00   1.6276e+00
  -8.1679e-02   1.0524e-01   1.5555e-02   6.9275e-03  -2.9879e-05   6.7933e-03   1.6649e+00   1.6276e+00
  -8.1679e-02   1.0524e-01   2.3292e-02   7.4571e-03  -2.7380e-05   4.8429e-02   1.6648e+00   1.6278e+00
  -8.1679e-02   1.0524e-01   2.1153e-02   8.2190e-03  -2.5090e-05   1.1538e-02   1.6647e+00   1.6279e+00
  -8.3250e-02   1.0524e-01   2.1681e-02  -6.8345e-03  -2.2991e-05  -7.1374e-03   1.6645e+00   1.6280e+00
  -8.3250e-02   1.0524e-01   2.8749e-02   3.1532e-03  -2.1068e-05   2.1623e-02   1.6644e+00   1.6282e+00
  -8.3250e-02   1.0524e-01   3.0810e-02   2.3984e-03  -1.9306e-05   1.0341e-02   1.6642e+00   1.6283e+00
  -8.4821e-02   1.0524e-01   2.4948e-02  -1.4321e-02  -1.7691e-05  -1.4515e-02   1.6641e+00   1.6285e+00
  -8.4821e-02   1.0524e-01   2.4469e-02  -3.1214e-03  -1.6211e-05   4.1800e-02   1.6639e+00   1.6286e+00
  -8.6391e-02   1.0524e-01   3.3689e-02  -1.8086e-02  -1.4855e-05   8.5244e-03   1.6637e+00   1.6288e+00
  -8.6391e-02   1.0524e-01   3.7241e-02  -6.6266e-03  -1.3613e-05  -4.3824e-02   1.6635e+00   1.6290e+00
  -8.7962e-02   1.0524e-01   3.0760e-02  -2.4139e-02  -1.2474e-05   9.1325e-03   1.6633e+00   1.6292e+00
  -8.7962e-02   1.0524e-01   1.9702e-02  -1.0395e-02  -1.1431e-05   4.0796e-02   1.6632e+00   1.6293e+00
  -8.9533e-02   1.0524e-01   2.6820e-02  -2.7558e-02  -1.0474e-05  -2.2459e-02   1.6631e+00   1.6295e+00
  -8.9533e-02   1.0524e-01   2.7726e-02  -1.3744e-02  -9.5983e-06  -3.9623e-02   1.6629e+00   1.6296e+00
  -9.1104e-02   1.0524e-01   2.4689e-02  -3.0875e-02  -8.7954e-06   2.1163e-02   1.6628e+00   1.6298e+00
  -9.1104e-02   1.0524e-01   3.4568e-03  -1.6515e-02  -8.0597e-06   4.2633e-03   1.6627e+00   1.6298e+00
  -9.1104e-02   1.0524e-01   3.2234e-03  -1.7739e-02  -7.3856e-06  -4.0739e-02   1.6627e+00   1.6298e+00
  -9.1104e-02   1.0524e-01   7.2341e-03  -1.5775e-02  -6.7678e-06  -2.1985e-02   1.6627e+00   1.6298e+00
  -9.1104e-02   1.0524e-01   6.8530e-03  -1.6182e-02  -6.2017e-06  -9.1684e-03   1.6626e+00   1.6299e+00
  -9.1104e-02   1.0524e-01   5.4963e-03  -1.3243e-02  -5.6830e-06  -4.7167e-02   1.6626e+00   1.6299e+00
  -9.1104e-02   1.0524e-01   4.4376e-03  -1.2588e-02  -5.2076e-06  -3.1618e-02   1.6626e+00   1.6299e+00
  -9.1104e-02   1.0524e-01   1.5368e-02  -1.1558e-02  -4.7720e-06  -1.7001e-02   1.6625e+00   1.6300e+00
  -9.1104e-02   1.0524e-01   1.8253e-02  -1.0715e-02  -4.3729e-06  -4.3192e-02   1.6624e+00   1.6301e+00
  -9.1104e-02   1.0524e-01   1.4393e-02  -9.6214e-03  -4.0071e-06  -5.0061e-02   1.6623e+00   1.6302e+00
  -8.9533e-02   1.0524e-01   1.4215e-02   6.8104e-03  -3.6719e-06   5.2876e-03   1.6622e+00   1.6303e+00
  -8.9533e-02   1.0524e-01   2.2800e-02  -5.0174e-03  -3.3648e-06  -1.3604e-02   1.6621e+00   1.6304e+00
  -8.9533e-02   1.0524e-01   2.7732e-02  -3.7092e-03  -3.0833e-06  -6.3840e-02   1.6619e+00   1.6306e+00
  -8.9533e-02   1.0524e-01   2.1295e-02  -2.3081e-03  -2.8254e-06  -1.1751e-02   1.6618e+00   1.6307e+00
  -8.7962e-02   1.0524e-01   1.3484e-02   1.4862e-02  -2.5891e-06   3.2650e-02   1.6617e+00   1.6308e+00
  -8.7962e-02   1.0524e-01   2.3792e-02   7.6486e-04  -2.3725e-06  -1.8056e-02   1.6616e+00   1.6309e+00
  -8.7962e-02   1.0524e-01   2.5516e-02   1.9213e-03  -2.1741e-06  -3.8095e-02   1.6615e+00   1.6310e+00
  -8.7962e-02   1.0524e-01   2.1141e-02   3.0474e-03  -1.9922e-06   2.8398e-02   1.6613e+00   1.6312e+00
  -8.7962e-02   1.0524e-01   4.2633e-03   4.1185e-03  -1.8256e-06   5.7487e-02   1.6613e+00   1.6312e+00
  -8.7962e-02   1.0524e-01   6.8201e-03   1.9698e-03  -1.6729e-06  -7.8521e-03   1.6613e+00   1.6312e+00
  -8.7962e-02   1.0524e-01   6.9923e-03   2.2108e-03  -1.5329e-06  -1.0643e-02   1.6612e+00   1.6313e+00
  -8.7962e-02   1.0524e-01   1.2554e-02   2.2687e-03  -1.4047e-06   5.4607e-02   1.6612e+00   1.6313e+00
  -8.7962e-02   1.0524e-01   9.6429e-03   2.1130e-03  -1.2872e-06   2.9309e-02   1.6611e+00   1.6314e+00
  -8.7962e-02   1.0524e-01   8.6236e-03   1.7119e-03  -1.1796e-06  -6.9664e-03   1.6610e+00   1.6314e+00
  -8.7962e-02   1.0524e-01   1.1617e-02   1.6603e-03  -1.0809e-06   2.1953e-02   1.6610e+00   1.6315e+00
  -8.9533e-02   1.0524e-01   1.8382e-02  -1.4157e-02  -9.9048e-07   3.3998e-02   1.6609e+00   1.6316e+00
  -8.9533e-02   1.0524e-01   1.5887e-02  -1.7350e-03  -9.0763e-07   5.6601e-03   1.6608e+00   1.6317e+00
  -8.9533e-02   1.0524e-01   7.0856e-03  -2.5046e-03  -8.3171e-07   7.2763e-02   1.6607e+00   1.6317e+00
  -8.9533e-02   1.0524e-01   1.4430e-02  -3.3479e-03  -7.6214e-07   2.7305e-02   1.6607e+00   1.6318e+00
  -8.9533e-02   1.0524e-01   1.5585e-02  -4.3496e-03  -6.9839e-07  -2.4131e-02   1.6606e+00   1.6319e+00
  -9.1104e-02   1.0524e-01   1.5104e-02  -1.8096e-02  -6.3998e-07   5.8571e-02   1.6605e+00   1.6320e+00
  -9.1104e-02   1.0524e-01   5.8829e-03  -5.6601e-03  -5.8644e-07   5.7326e-02   1.6605e+00   1.6320e+00
  -9.1104e-02   1.0524e-01   1.1397e-02  -6.2912e-03  -5.3739e-07   1.2384e-03   1.6604e+00   1.6321e+00
  -9.1104e-02   1.0524e-01   1.1900e-02  -6.8799e-03  -4.9244e-07  -1.9066e-02   1.6603e+00   1.6321e+00
  -9.1104e-02   1.0524e-01   8.1944e-03  -7.3859e-03  -4.5125e-07   5.3914e-02   1.6603e+00   1.6322e+00
  -8.9533e-02   1.0524e-01  -3.7685e-03   1.0463e-02  -4.1351e-07   2.0520e-02   1.6603e+00   1.6322e+00
  -8.9533e-02   1.0524e-01  -2.5253e-03  -2.0193e-03  -3.7892e-07  -1.5972e-02   1.6603e+00   1.6322e+00
  -8.9533e-02   1.0524e-01   5.7021e-03  -1.1649e-03  -3.4722e-07   1.5383e-02   1.6603e+00   1.6322e+00
  -8.9533e-02   1.0524e-01   1.1180e-02  -2.1935e-05  -3.1818e-07  -1.6000e-02   1.6602e+00   1.6322e+00
  -8.9533e-02   1.0524e-01   1.4078e-03   1.4509e-03  -2.9156e-07  -7.1222e-03   1.6602e+00   1.6323e+00
  -8.9533e-02   1.0524e-01  -3.8650e-04  -3.5165e-04  -2.6718e-07   2.1353e-02   1.6602e+00   1.6323e+00
  -8.9533e-02   1.0524e-01   1.1503e-02  -1.8124e-05  -2.4483e-07  -4.6172e-03   1.6601e+00   1.6323e+00
  -8.9533e-02   1.0524e-01   1.2135e-02   2.1124e-04  -2.2435e-07  -4.0259e-02   1.6601e+00   1.6324e+00
  -8.9533e-02   1.0524e-01   9.3374e-03   2.5787e-04  -2.0558e-07   2.7383e-02   1.6600e+00   1.6324e+00
  -8.9533e-02   1.0524e-01   5.2794e-04   1.9273e-05  -1.8839e-07   3.6745e-02   1.6600e+00   1.6324e+00
  -8.9533e-02   1.0524e-01   3.1416e-03   9.3458e-05  -1.7263e-07  -3.1267e-02   1.6600e+00   1.6325e+00
  -8.9533e-02   1.0524e-01   1.5493e-03   1.1577e-04  -1.5819e-07  -3.0962e-02   1.6600e+00   1.6325e+00
  -8.9533e-02   1.0524e-01  -1.8233e-03   9.6682e-05  -1.4496e-07   4.1939e-02   1.6600e+00   1.6325e+00
  -8.9533e-02   1.0524e-01  -1.1727e-02   6.4444e-05  -1.3283e-07   2.6971e-02   1.6601e+00   1.6324e+00
  -8.9533e-02   1.0524e-01  -1.3534e-02   7.3478e-05  -1.2172e-07  -2.5080e-02   1.6601e+00   1.6323e+00
  -8.9533e-02   1.0524e-01  -1.0687e-02   6.9482e-05  -1.1154e-07  -1.8550e-02   1.6602e+00   1.6323e+00
  -8.9533e-02   1.0524e-01  -6.7311e-03   6.0224e-05  -1.0221e-07   3.2257e-02   1.6602e+00   1.6322e+00
  -8.9533e-02   1.0524e-01  -8.7610e-03   5.2932e-05  -9.3662e-08  -1.3395e-02   1.6603e+00   1.6322e+00
  -8.9533e-02   1.0524e-01  -1.0326e-02   5.0630e-05  -8.5827e-08  -2.3189e-02   1.6604e+00   1.6321e+00
  -8.9533e-02   1.0524e-01  -3.9319e-03   4.6060e-05  -7.8648e-08  -3.2062e-03   1.6604e+00   1.6321e+00
  -8.9533e-02   1.0524e-01   7.5037e-03   4.1375e-05  -7.2070e-08  -8.0143e-03   1.6603e+00   1.6321e+00
  -8.9533e-02   1.0524e-01  -3.0395e-03   3.7606e-05  -6.6041e-08  -2.7157e-02   1.6603e+00   1.6321e+00
  -8.9533e-02   1.0524e-01  -1.9055e-03   3.4541e-05  -6.0517e-08  -1.8997e-02   1.6604e+00   1.6321e+00
  -8.9533e-02   1.0524e-01   1.3235e-02   3.1323e-05  -5.5455e-08  -4.7243e-03   1.6603e+00   1.6322e+00
  -8.9533e-02   1.0524e-01   1.5693e-02   2.8375e-05  -5.0817e-08  -3.8788e-02   1.6602e+00   1.6323e+00
  -8.9533e-02   1.0524e-01   7.3941e-03   2.5775e-05  -4.6566e-08  -2.6799e-02   1.6602e+00   1.6323e+00
  -8.9533e-02   1.0524e-01   5.9702e-03   2.3409e-05  -4.2671e-08   9.2650e-03   1.6601e+00   1.6323e+00
  -8.9533e-02   1.0524e-01   2.7327e-02   2.1183e-05  -3.9102e-08  -2.3226e-03   1.6600e+00   1.6325e+00
  -8.9533e-02   1.0524e-01   2.7090e-02   1.9155e-05  -3.5831e-08  -5.2763e-02   1.6598e+00   1.6326e+00
  -8.9533e-02   1.0524e-01   2.3058e-02   1.7311e-05  -3.2834e-08  -1.7023e-02   1.6597e+00   1.6328e+00
  -8.9533e-02   1.0524e-01   2.0924e-02   1.5618e-05  -3.0088e-08   1.4039e-02   1.6596e+00   1.6329e+00
  -8.9533e-02   1.0524e-01   2.8284e-02   1.4060e-05  -2.7571e-08  -4.7304e-05   1.6594e+00   1.6331e+00
  -8.9533e-02   1.0524e-01   3.1222e-02   1.2635e-05  -2.5265e-08  -6.2209e-02   1.6592e+00   1.6332e+00
  -8.9533e-02   1.0524e-01   2.1890e-02   1.1331e-05  -2.3151e-08  -2.7738e-03   1.6591e+00   1.6334e+00
  -8.9533e-02   1.0524e-01   1.3308e-02   1.0135e-05  -2.1215e-08   3.2792e-02   1.6590e+00   1.6334e+00
  -8.9533e-02   1.0524e-01   2.9941e-02   9.0388e-06  -1.9440e-08  -9.2406e-03   1.6588e+00   1.6336e+00
  -8.9533e-02   1.0524e-01   3.1662e-02   8.0346e-06  -1.7814e-08  -5.1592e-02   1.6587e+00   1.6338e+00
  -8.9533e-02   1.0524e-01   3.0191e-02   7.1145e-06  -1.6324e-08   2.3672e-02   1.6585e+00   1.6339e+00
  -8.9533e-02   1.0524e-01   1.6605e-02   6.2711e-06  -1.4959e-08   2.8211e-02   1.6584e+00   1.6340e+00
  -8.9533e-02   1.0524e-01   2.5764e-02   5.4983e-06  -1.3708e-08  -1.5517e-02   1.6582e+00   1.6342e+00
  -8.9533e-02   1.0524e-01   2.3705e-02   4.7902e-06  -1.2561e-08  -2.5023e-02   1.6581e+00   1.6343e+00
  -8.9533e-02   1.0524e-01   1.9561e-02   4.1413e-06  -1.1510e-08   4.9913e-02   1.6580e+00   1.6344e+00
  -8.9533e-02   1.0524e-01   1.4297e-02   3.5466e-06  -1.0548e-08   2.3418e-02   1.6579e+00   1.6345e+00
  -8.9533e-02   1.0524e-01   1.5116e-02   3.0017e-06  -9.6653e-09  -1.6748e-02   1.6578e+00   1.6346e+00
  -8.9533e-02   1.0524e-01   1.5945e-02   2.5024e-06  -8.8568e-09  -2.3780e-02   1.6577e+00   1.6347e+00
  -8.9533e-02   1.0524e-01   1.6244e-02   2.0449e-06  -8.1160e-09   4.2123e-02   1.6576e+00   1.6348e+00
  -8.9533e-02   1.0524e-01   9.4114e-03   1.6256e-06  -7.4371e-09   3.0625e-02   1.6576e+00   1.6348e+00
  -8.9533e-02   1.0524e-01   9.0192e-03   1.2414e-06  -6.8150e-09  -2.6304e-02   1.6575e+00   1.6349e+00
  -8.9533e-02   1.0524e-01   1.0625e-02   8.8931e-07  -6.2450e-09   3.3735e-03   1.6575e+00   1.6349e+00
  -8.9533e-02   1.0524e-01   2.4992e-02   5.6669e-07  -5.7226e-09   2.6141e-02   1.6573e+00   1.6351e+00
  -8.9533e-02   1.0524e-01   1.9681e-02   2.7106e-07  -5.2440e-09  -4.0641e-03   1.6572e+00   1.6352e+00
  -8.9533e-02   1.0524e-01   1.6614e-02   1.4817e-10  -4.8053e-09  -8.1146e-03   1.6571e+00   1.6353e+00
  -8.9533e-02   1.0524e-01   2.0329e-02  -2.4810e-07  -4.4034e-09   7.6098e-03   1.6570e+00   1.6354e+00
  -8.9533e-02   1.0524e-01   2.4187e-02  -4.7558e-07  -4.0351e-09   1.5048e-02   1.6569e+00   1.6355e+00
  -8.9533e-02   1.0524e-01   2.2713e-02  -6.8404e-07  -3.6975e-09   1.4252e-04   1.6567e+00   1.6357e+00
  -8.9533e-02   1.0524e-01   1.9539e-02  -8.7505e-07  -3.3883e-09  -1.5074e-02   1.6566e+00   1.6358e+00
  -8.9533e-02   1.0524e-01   2.4466e-02  -1.0501e-06  -3.1048e-09   9.4517e-03   1.6565e+00   1.6359e+00
  -8.9533e-02   1.0524e-01   3.2786e-02  -1.2105e-06  -2.8451e-09   8.6481e-03   1.6563e+00   1.6361e+00
  -8.9533e-02   1.0524e-01   2.4779e-02  -1.3575e-06  -2.6072e-09  -1.0037e-02   1.6561e+00   1.6362e+00
  -8.9533e-02   1.0524e-01   2.3492e-02  -1.4922e-06  -2.3891e-09   4.2341e-03   1.6560e+00   1.6364e+00
  -8.9533e-02   1.0524e-01   3.8234e-02  -1.6156e-06  -2.1892e-09   1.4423e-02   1.6558e+00   1.6366e+00
  -8.9533e-02   1.0524e-01   3.8019e-02  -1.7287e-06  -2.0061e-09  -4.0438e-02   1.6556e+00   1.6368e+00
  -8.9533e-02   1.0524e-01   3.6778e-02  -1.8323e-06  -1.8383e-09  -6.0966e-03   1.6554e+00   1.6370e+00
  -8.9533e-02   1.0524e-01   3.4126e-02  -1.9273e-06  -1.6846e-09   4.3677e-02   1.6552e+00   1.6372e+00
  -8.9533e-02   1.0524e-01   5.2967e-02  -2.0143e-06  -1.5436e-09   1.7031e-03   1.6549e+00   1.6375e+00
  -8.9533e-02   1.0524e-01   5.1207e-02  -2.0941e-06  -1.4145e-09  -4.8615e-02   1.6546e+00   1.6378e+00
  -8.9533e-02   1.0524e-01   4.4782e-02  -2.1671e-06  -1.2962e-09   3.7382e-02   1.6543e+00   1.6380e+00
  -8.9533e-02   1.0524e-01   3.3396e-02  -2.2341e-06  -1.1878e-09   4.3757e-02   1.6541e+00   1.6382e+00
  -8.9533e-02   1.0524e-01   2.9902e-02  -2.2955e-06  -1.0884e-09  -5.5248e-03   1.6539e+00   1.6384e+00
  -8.9533e-02   1.0524e-01   3.0650e-02  -2.3517e-06  -9.9739e-10  -3.3970e-02   1.6538e+00   1.6385e+00
  -8.9533e-02   1.0524e-01   2.2132e-02  -2.4032e-06  -9.1397e-10   4.3639e-02   1.6536e+00   1.6387e+00
  -8.9533e-02   1.0524e-01   8.9973e-03  -2.4504e-06  -8.3752e-10   4.1038e-02   1.6536e+00   1.6387e+00
  -8.9533e-02   1.0524e-01   9.7031e-03  -2.4937e-06  -7.6746e-10  -1.7601e-02   1.6535e+00   1.6388e+00
  -8.9533e-02   1.0524e-01   1.1470e-02  -2.5334e-06  -7.0327e-10  -3.0546e-02   1.6535e+00   1.6388e+00
  -8.9533e-02   1.0524e-01   6.1986e-03  -2.5697e-06  -6.4444e-10   3.7716e-02   1.6534e+00   1.6389e+00
  -8.9533e-02   1.0524e-01  -3.8721e-03  -2.6030e-06  -5.9054e-10   2.1415e-02   1.6535e+00   1.6389e+00
  -8.9533e-02   1.0524e-01   5.0038e-03  -2.6335e-06  -5.4114e-10  -2.1267e-02   1.6534e+00   1.6389e+00
  -8.9533e-02   1.0524e-01   3.5718e-03  -2.6614e-06  -4.9588e-10  -1.3394e-02   1.6534e+00   1.6389e+00
  -8.9533e-02   1.0524e-01   3.9405e-03  -2.6871e-06  -4.5440e-10   3.7982e-02   1.6534e+00   1.6389e+00
  -8.9533e-02   1.0524e-01  -2.2813e-03  -2.7105e-06  -4.1639e-10   9.7930e-03   1.6534e+00   1.6389e+00
  -8.9533e-02   1.0524e-01  -2.9818e-03  -2.7320e-06  -3.8156e-10  -2.6143e-02   1.6534e+00   1.6389e+00
  -8.9533e-02   1.0524e-01   2.0106e-03  -2.7518e-06  -3.4965e-10   1.1591e-02   1.6534e+00   1.6389e+00
  -8.9533e-02   1.0524e-01   1.3831e-02  -2.7698e-06  -3.2040e-10  -1.6930e-02   1.6533e+00   1.6390e+00
  -8.9533e-02   1.0524e-01   1.0453e-02  -2.7864e-06  -2.9360e-10  -2.4847e-02   1.6533e+00   1.6390e+00
  -8.9533e-02   1.0524e-01   8.8209e-03  -2.8015e-06  -2.6904e-10  -5.4757e-03   1.6532e+00   1.6391e+00
  -8.9533e-02   1.0524e-01   2.3060e-02  -2.8154e-06  -2.4654e-10   6.4920e-03   1.6531e+00   1.6392e+00
  -8.9533e-02   1.0524e-01   2.6057e-02  -2.8282e-06  -2.2592e-10  -5.0264e-02   1.6529e+00   1.6394e+00
  -8.9533e-02   1.0524e-01   1.8489e-02  -2.8398e-06  -2.0702e-10  -3.3568e-02   1.6528e+00   1.6395e+00
  -8.9533e-02   1.0524e-01   9.2274e-03  -2.8505e-06  -1.8970e-10   1.9030e-02   1.6528e+00   1.6395e+00
  -8.9533e-02   1.0524e-01   1.9407e-02  -2.8603e-06  -1.7384e-10  -1.3422e-02   1.6527e+00   1.6396e+00
  -8.9533e-02   1.0524e-01   1.8494e-02  -2.8693e-06  -1.5929e-10  -6.2139e-02   1.6526e+00   1.6397e+00
  -8.9533e-02   1.0524e-01   1.2924e-02  -2.8775e-06  -1.4597e-10   9.3827e-03   1.6525e+00   1.6398e+00
  -8.9533e-02   1.0524e-01   2.4123e-03  -2.8851e-06  -1.3376e-10   6.5341e-03   1.6525e+00   1.6398e+00
  -8.9533e-02   1.0524e-01   2.7647e-03  -2.8920e-06  -1.2257e-10  -2.9166e-02   1.6525e+00   1.6398e+00
  -8.9533e-02   1.0524e-01   3.6216e-03  -2.8983e-06  -1.1232e-10  -2.5332e-02   1.6524e+00   1.6399e+00
  -8.9533e-02   1.0524e-01   6.4285e-03  -2.9041e-06  -1.0292e-10   2.3324e-02   1.6524e+00   1.6399e+00
  -8.9533e-02   1.0524e-01   7.9542e-03  -2.9095e-06  -9.4315e-11  -2.4728e-02   1.6523e+00   1.6399e+00
  -8.9533e-02   1.0524e-01   1.7491e-03  -2.9143e-06  -8.6426e-11   3.5999e-02   1.6523e+00   1.6400e+00
  -8.9533e-02   1.0524e-01   1.3953e-02  -2.9188e-06  -7.9197e-11  -6.4430e-03   1.6523e+00   1.6400e+00
  -8.9533e-02   1.0524e-01   1.2127e-02  -2.9229e-06  -7.2573e-11  -3.7217e-02   1.6522e+00   1.6401e+00
  -8.9533e-02   1.0524e-01   7.5076e-03  -2.9266e-06  -6.6502e-11   4.6696e-02   1.6521e+00   1.6401e+00
  -8.9533e-02   1.0524e-01  -6.5134e-04  -2.9301e-06  -6.0940e-11   2.4495e-02   1.6521e+00   1.6401e+00
  -8.9533e-02   1.0524e-01  -4.5355e-03  -2.9332e-06  -5.5842e-11  -1.1075e-02   1.6522e+00   1.6401e+00
  -8.9533e-02   1.0524e-01   1.1531e-03  -2.9361e-06  -5.1171e-11   2.7318e-03   1.6522e+00   1.6401e+00
  -8.9533e-02   1.0524e-01   5.5176e-03  -2.9387e-06  -4.6891e-11   2.9980e-02   1.6521e+00   1.6401e+00
  -8.9533e-02   1.0524e-01   3.7901e-03  -2.9412e-06  -4.2969e-11  -2.2792e-03   1.6521e+00   1.6402e+00
  -8.9533e-02   1.0524e-01   4.4048e-03  -2.9434e-06  -3.9375e-11  -9.2835e-03   1.6521e+00   1.6402e+00
  -8.9533e-02   1.0524e-01   1.5991e-02  -2.9454e-06  -3.6081e-11   1.7749e-02   1.6520e+00   1.6403e+00
  -8.9533e-02   1.0524e-01   2.5048e-02  -2.9473e-06  -3.3063e-11  -1.7502e-02   1.6519e+00   1.6404e+00
  -8.9533e-02   1.0524e-01   1.8598e-02  -2.9490e-06  -3.0298e-11  -1.7457e-02   1.6517e+00   1.6405e+00
  -8.9533e-02   1.0524e-01   1.8909e-02  -2.9506e-06  -2.7763e-11   2.0851e-02   1.6516e+00   1.6406e+00
  -8.9533e-02   1.0524e-01   3.0109e-02  -2.9520e-06  -2.5441e-11   1.7536e-02   1.6515e+00   1.6408e+00
  -8.9533e-02   1.0524e-01   3.1887e-02  -2.9533e-06  -2.3313e-11  -4.5831e-02   1.6513e+00   1.6410e+00
  -8.9533e-02   1.0524e-01   2.8718e-02  -2.9545e-06  -2.1363e-11  -1.4416e-03   1.6511e+00   1.6411e+00
  -8.9533e-02   1.0524e-01   2.0461e-02  -2.9556e-06  -1.9576e-11   4.7835e-02   1.6510e+00   1.6413e+00
  -8.9533e-02   1.0524e-01   1.9246e-02  -2.9566e-06  -1.7939e-11  -2.2322e-02   1.6509e+00   1.6414e+00
  -8.9533e-02   1.0524e-01   1.9124e-02  -2.9576e-06  -1.6438e-11  -2.5009e-02   1.6508e+00   1.6415e+00
  -8.9533e-02   1.0524e-01   1.5110e-02  -2.9584e-06  -1.5063e-11   4.5134e-02   1.6507e+00   1.6416e+00
  -8.9533e-02   1.0524e-01   1.2082e-02  -2.9592e-06  -1.3803e-11  -2.4357e-03   1.6506e+00   1.6416e+00
  -8.9533e-02   1.0524e-01   8.7970e-03  -2.9599e-06  -1.2649e-11  -9.4170e-03   1.6506e+00   1.6417e+00
  -8.9533e-02   1.0524e-01   1.2895e-02  -2.9605e-06  -1.1591e-11   5.5675e-03   1.6505e+00   1.6418e+00
  -8.9533e-02   1.0524e-01   1.9263e-02  -2.9611e-06  -1.0621e-11   1.4936e-02   1.6504e+00   1.6419e+00
  -8.9533e-02   1.0524e-01   1.5868e-02  -2.9617e-06  -9.7327e-12  -2.0006e-02   1.6503e+00   1.6419e+00
  -8.9533e-02   1.0524e-01   1.5901e-02  -2.9622e-06  -8.9186e-12   1.7027e-02   1.6502e+00   1.6420e+00
  -8.9533e-02   1.0524e-01   2.5418e-02  -2.9627e-06  -8.1726e-12   1.6093e-02   1.6501e+00   1.6422e+00
  -8.9533e-02   1.0524e-01   2.6342e-02  -2.9631e-06  -7.4890e-12  -3.9890e-02   1.6499e+00   1.6423e+00
  -8.9533e-02   1.0524e-01   1.7068e-02  -2.9635e-06  -6.8626e-12   1.8779e-03   1.6498e+00   1.6424e+00
  -8.9533e-02   1.0524e-01   1.4662e-02  -2.9638e-06  -6.2886e-12   2.5660e-02   1.6497e+00   1.6425e+00
  -8.9533e-02   1.0524e-01   2.4182e-02  -2.9641e-06  -5.7626e-12   1.2749e-02   1.6496e+00   1.6426e+00
  -8.9533e-02   1.0524e-01   2.5073e-02  -2.9644e-06  -5.2806e-12  -4.4665e-02   1.6494e+00   1.6428e+00
  -8.9533e-02   1.0524e-01   2.0819e-02  -2.9647e-06  -4.8389e-12   2.9743e-02   1.6493e+00   1.6429e+00
  -8.9533e-02   1.0524e-01   1.2657e-02  -2.9650e-06  -4.4341e-12   4.6759e-02   1.6493e+00   1.6430e+00
  -8.9533e-02   1.0524e-01   1.0693e-02  -2.9652e-06  -4.0632e-12  -2.4236e-02   1.6492e+00   1.6430e+00
  -8.9533e-02   1.0524e-01   9.9203e-03  -2.9654e-06  -3.7234e-12  -1.4816e-02   1.6491e+00   1.6431e+00
  -8.9533e-02   1.0524e-01   2.0857e-02  -2.9656e-06  -3.4119e-12   3.4369e-02   1.6490e+00   1.6432e+00
  -8.9533e-02   1.0524e-01   1.1091e-02  -2.9658e-06  -3.1265e-12   1.5706e-02   1.6490e+00   1.6433e+00
  -8.9533e-02   1.0524e-01   8.4967e-03  -2.9659e-06  -2.8650e-12  -1.6753e-02   1.6489e+00   1.6433e+00
  -8.9533e-02   1.0524e-01   1.1606e-02  -2.9661e-06  -2.6254e-12   6.1208e-03   1.6488e+00   1.6434e+00
  -8.9533e-02   1.0524e-01   1.5285e-02  -2.9662e-06  -2.4058e-12   1.3037e-02   1.6487e+00   1.6435e+00
  -8.9533e-02   1.0524e-01   1.2229e-02  -2.9663e-06  -2.2045e-12  -1.1841e-02   1.6487e+00   1.6435e+00
  -8.9533e-02   1.0524e-01   1.1236e-02  -2.9665e-06  -2.0201e-12  -4.6201e-03   1.6486e+00   1.6436e+00
  -8.9533e-02   1.0524e-01   1.9830e-02  -2.9666e-06  -1.8512e-12   1.4010e-02   1.6485e+00   1.6437e+00
  -8.9533e-02   1.0524e-01   2.1401e-02  -2.9667e-06  -1.6963e-12  -4.1751e-02   1.6484e+00   1.6438e+00
  -8.9533e-02   1.0524e-01   1.1442e-02  -2.9667e-06  -1.5544e-12  -1.8593e-02   1.6483e+00   1.6439e+00
  -8.9533e-02   1.0524e-01   1.1020e-02  -2.9668e-06  -1.4244e-12   1.6245e-02   1.6482e+00   1.6440e+00
  -8.9533e-02   1.0524e-01   2.4050e-02  -2.9669e-06  -1.3053e-12  -1.0111e-02   1.6481e+00   1.6441e+00
  -8.9533e-02   1.0524e-01   2.5538e-02  -2.9670e-06  -1.1961e-12  -5.3597e-02   1.6480e+00   1.6442e+00
  -8.9533e-02   1.0524e-01   2.1796e-02  -2.9670e-06  -1.0960e-12   5.3727e-03   1.6478e+00   1.6444e+00
  -8.9533e-02   1.0524e-01   1.3311e-02  -2.9671e-06  -1.0044e-12   3.0392e-02   1.6478e+00   1.6444e+00
  -8.9533e-02   1.0524e-01   1.5820e-02  -2.9671e-06  -9.2035e-13  -3.0349e-02   1.6477e+00   1.6445e+00
  -8.9533e-02   1.0524e-01   1.7032e-02  -2.9672e-06  -8.4336e-13  -4.7379e-02   1.6476e+00   1.6446e+00
  -8.9533e-02   1.0524e-01   1.1191e-02  -2.9672e-06  -7.7282e-13   3.2063e-02   1.6475e+00   1.6447e+00
  -8.9533e-02   1.0524e-01   2.3300e-03  -2.9673e-06  -7.0818e-13   3.1806e-02   1.6475e+00   1.6447e+00
  -8.9533e-02   1.0524e-01   3.1004e-03  -2.9673e-06  -6.4894e-13  -1.4317e-02   1.6475e+00   1.6447e+00
  -8.9533e-02   1.0524e-01   5.4978e-03  -2.9673e-06  -5.9466e-13  -5.0732e-02   1.6474e+00   1.6447e+00
  -8.9533e-02   1.0524e-01   2.0605e-04  -2.9674e-06  -5.4492e-13   3.7004e-02   1.6474e+00   1.6447e+00
  -8.9533e-02   1.0524e-01  -6.6642e-03  -2.9674e-06  -4.9934e-13   1.5342e-02   1.6475e+00   1.6447e+00
  -8.9533e-02   1.0524e-01  -7.5858e-03  -2.9674e-06  -4.5757e-13  -2.9608e-02   1.6475e+00   1.6447e+00
  -8.9533e-02   1.0524e-01  -4.4798e-03  -2.9674e-06  -4.1930e-13  -2.9094e-02   1.6476e+00   1.6446e+00
  -8.9533e-02   1.0524e-01   5.0314e-03  -2.9675e-06  -3.8423e-13   9.6851e-03   1.6475e+00   1.6447e+00
  -8.9533e-02   1.0524e-01  -3.0846e-03  -2.9675e-06  -3.5209e-13  -1.8561e-02   1.6475e+00   1.6446e+00
  -8.9533e-02   1.0524e-01  -1.0707e-03  -2.9675e-06  -3.2264e-13  -2.6619e-02   1.6475e+00   1.6446e+00
  -8.9533e-02   1.0524e-01  -8.9344e-05  -2.9675e-06  -2.9565e-13  -1.4257e-02   1.6475e+00   1.6446e+00
  -8.9533e-02   1.0524e-01   1.6851e-03  -2.9675e-06  -2.7092e-13   1.9314e-02   1.6475e+00   1.6447e+00
  -8.9533e-02   1.0524e-01   4.2947e-03  -2.9675e-06  -2.4826e-13  -1.2488e-02   1.6475e+00   1.6447e+00
  -8.9533e-02   1.0524e-01   6.6988e-03  -2.9676e-06  -2.2749e-13  -2.4737e-02   1.6475e+00   1.6447e+00
  -8.9533e-02   1.0524e-01   1.0068e-02  -2.9676e-06  -2.0846e-13   4.9072e-03   1.6474e+00   1.6448e+00
  -8.9533e-02   1.0524e-01   1.5800e-02  -2.9676e-06  -1.9103e-13   7.5980e-03   1.6473e+00   1.6449e+00
  -8.9533e-02   1.0524e-01   1.1480e-02  -2.9676e-06  -1.7505e-13  -1.8782e-02   1.6473e+00   1.6449e+00
  -8.9533e-02   1.0524e-01   1.1047e-02  -2.9676e-06  -1.6041e-13  -2.0357e-02   1.6472e+00   1.6450e+00
  -8.9533e-02   1.0524e-01   1.9529e-02  -2.9676e-06  -1.4699e-13   1.5061e-03   1.6471e+00   1.6451e+00
  -8.9533e-02   1.0524e-01   2.4013e-02  -2.9676e-06  -1.3469e-13  -5.3402e-02   1.6469e+00   1.6452e+00
  -8.9533e-02   1.0524e-01   1.6979e-02  -2.9676e-06  -1.2343e-13  -2.6927e-02   1.6468e+00   1.6453e+00
  -8.9533e-02   1.0524e-01   1.5221e-02  -2.9676e-06  -1.1310e-13  -6.6201e-03   1.6468e+00   1.6454e+00
  -8.9533e-02   1.0524e-01   2.5177e-02  -2.9676e-06  -1.0364e-13  -1.0930e-02   1.6466e+00   1.6456e+00
  -8.9533e-02   1.0524e-01   2.7340e-02  -2.9676e-06  -9.4974e-14  -5.6842e-02   1.6465e+00   1.6457e+00
  -8.9533e-02   1.0524e-01   2.4842e-02  -2.9676e-06  -8.7030e-14  -3.1820e-02   1.6463e+00   1.6458e+00
  -8.9533e-02   1.0524e-01   2.1414e-02  -2.9677e-06  -7.9750e-14  -2.2656e-03   1.6462e+00   1.6460e+00
  -8.9533e-02   1.0524e-01   3.0942e-02  -2.9677e-06  -7.3079e-14  -1.2988e-02   1.6460e+00   1.6461e+00
  -8.9533e-02   1.0524e-01   3.2264e-02  -2.9677e-06  -6.6966e-14  -5.0955e-02   1.6458e+00   1.6463e+00
  -8.9533e-02   1.0524e-01   2.7079e-02  -2.9677e-06  -6.1365e-14  -1.9764e-02   1.6457e+00   1.6465e+00
  -8.9533e-02   1.0524e-01   2.5157e-02  -2.9677e-06  -5.6232e-14  -3.4443e-03   1.6455e+00   1.6466e+00
  -8.9533e-02   1.0524e-01   3.7841e-02  -2.9677e-06  -5.1529e-14  -1.7731e-02   1.6453e+00   1.6468e+00
  -8.9533e-02   1.0524e-01   3.7961e-02  -2.9677e-06  -4.7218e-14  -5.9444e-02   1.6451e+00   1.6470e+00
  -8.9533e-02   1.0524e-01   3.4451e-02  -2.9677e-06  -4.3269e-14  -1.5189e-02   1.6449e+00   1.6472e+00
  -8.9533e-02   1.0524e-01   2.8827e-02  -2.9677e-06  -3.9650e-14   1.8018e-02   1.6447e+00   1.6474e+00
  -8.9533e-02   1.0524e-01   3.6781e-02  -2.9677e-06  -3.6333e-14  -6.2338e-03   1.6445e+00   1.6476e+00
  -8.9533e-02   1.0524e-01   3.4528e-02  -2.9677e-06  -3.3294e-14  -6.9455e-02   1.6443e+00   1.6478e+00
  -8.9533e-02   1.0524e-01   3.2050e-02  -2.9677e-06  -3.0509e-14  -3.9301e-03   1.6441e+00   1.6480e+00
  -8.9533e-02   1.0524e-01   2.5915e-02  -2.9677e-06  -2.7957e-14   2.6992e-02   1.6440e+00   1.6481e+00
  -8.9533e-02   1.0524e-01   3.4343e-02  -2.9677e-06  -2.5619e-14  -3.1922e-03   1.6438e+00   1.6483e+00