  -8.7962e-02   2.1991e-02  -5.9206e-02  -7.6043e-07  6.0402e-308  -7.6043e-07   1.8962e+00   1.8955e+00
  -8.7962e-02   2.1991e-02  -6.9446e-02  -7.6043e-07  6.0402e-308  -7.6043e-07   1.8966e+00   1.8951e+00
  -8.7962e-02   2.3561e-02  -6.4617e-02  -7.6043e-07  6.0402e-308  -7.6043e-07   1.8922e+00   1.8900e+00
  -8.7962e-02   2.3561e-02  -6.3940e-02  -7.6043e-07  6.0402e-308  -7.6043e-07   1.8926e+00   1.8897e+00
  -8.7962e-02   2.6703e-02  -6.2733e-02  -7.6043e-07  6.0402e-308  -7.6043e-07   1.8835e+00   1.8799e+00
  -8.7962e-02   2.6703e-02  -6.5948e-02  -7.6043e-07  6.0402e-308  -7.6043e-07   1.8839e+00   1.8795e+00
  -8.7962e-02   2.8274e-02  -5.9107e-02  -1.3688e-06   1.5708e-02   3.9838e-02   1.8795e+00   1.8745e+00
  -8.7962e-02   2.9844e-02  -5.3570e-02  -1.4904e-06   1.8849e-02  -6.8370e-03   1.8751e+00   1.8695e+00
  -8.7962e-02   3.1415e-02  -5.8307e-02  -1.6365e-06   2.2619e-02   4.9465e-02   1.8708e+00   1.8644e+00
  -8.7962e-02   3.2986e-02  -7.6605e-02  -1.8117e-06   2.7143e-02   7.5376e-02   1.8665e+00   1.8593e+00
  -8.7962e-02   3.6127e-02  -8.2035e-02  -2.0219e-06   4.8279e-02  -2.0477e-02   1.8575e+00   1.8494e+00
  -8.7962e-02   3.7698e-02  -8.2060e-02  -2.1525e-06   3.9085e-02   5.9293e-02   1.8533e+00   1.8442e+00
  -8.7962e-02   4.0840e-02  -6.7978e-02  -2.2849e-06   5.8840e-02   5.1591e-03   1.8443e+00   1.8344e+00
  -8.7962e-02   4.2410e-02  -6.6694e-02  -2.4146e-06   5.0377e-02  -5.4286e-02   1.8399e+00   1.8293e+00
  -8.7962e-02   4.5552e-02  -6.4875e-02  -2.5352e-06   7.0731e-02  -6.8260e-03   1.8309e+00   1.8195e+00
  -8.7962e-02   4.8693e-02  -6.1806e-02  -2.6379e-06   7.5222e-02  -6.0491e-02   1.8218e+00   1.8098e+00
  -8.7962e-02   5.0264e-02  -5.6375e-02  -2.7350e-06   6.6741e-02  -7.2458e-02   1.8174e+00   1.8047e+00
  -8.7962e-02   5.3406e-02  -4.5849e-02  -2.8250e-06   8.4029e-02  -9.2216e-03   1.8083e+00   1.7951e+00
  -8.7962e-02   5.6547e-02  -3.9109e-02  -2.9071e-06   9.0760e-02   2.7105e-02   1.7991e+00   1.7854e+00
  -8.7962e-02   5.9689e-02  -4.0381e-02  -2.9814e-06   9.4765e-02  -2.7791e-02   1.7899e+00   1.7758e+00
  -8.7962e-02   6.2830e-02  -4.5285e-02  -3.0501e-06   9.8674e-02  -3.2771e-02   1.7807e+00   1.7661e+00
  -8.7962e-02   6.4401e-02  -5.3941e-02  -3.1131e-06   8.9353e-02   5.2541e-02   1.7763e+00   1.7611e+00
  -8.7962e-02   6.7542e-02  -5.7342e-02  -3.1708e-06   1.0613e-01   3.9323e-02   1.7672e+00   1.7513e+00
  -8.7962e-02   7.0684e-02  -4.8373e-02  -3.2235e-06   1.0920e-01  -2.3087e-02   1.7580e+00   1.7416e+00
  -8.7962e-02   7.3825e-02  -3.2648e-02  -3.2719e-06   1.1209e-01   3.6377e-02   1.7488e+00   1.7320e+00
  -8.7962e-02   7.6967e-02  -2.6446e-02  -3.3163e-06   1.1477e-01   4.1241e-02   1.7395e+00   1.7224e+00
  -8.7962e-02   8.0108e-02  -1.8533e-02  -3.3569e-06   1.1985e-01   3.6829e-02   1.7302e+00   1.7129e+00
  -8.7962e-02   8.3250e-02  -2.1869e-02  -3.3942e-06   1.2260e-01  -3.1369e-02   1.7209e+00   1.7034e+00
  -8.7962e-02   8.6391e-02  -1.1251e-02  -3.4283e-06   1.2527e-01   2.3649e-02   1.7116e+00   1.6939e+00
  -8.7962e-02   8.9533e-02  -6.8822e-03  -3.4596e-06   1.2791e-01   6.7786e-02   1.7022e+00   1.6844e+00
  -8.7962e-02   9.1104e-02  -8.0615e-03  -3.4882e-06   1.1483e-01   3.7024e-02   1.6975e+00   1.6797e+00
  -8.7962e-02   9.4245e-02  -1.4783e-02  -3.5145e-06   1.2954e-01  -5.4609e-03   1.6882e+00   1.6702e+00
  -8.7962e-02   9.7387e-02  -1.9306e-02  -3.5386e-06   1.3093e-01   8.6142e-02   1.6789e+00   1.6606e+00
  -8.7962e-02   9.8957e-02  -2.1656e-02  -3.5606e-06   1.1635e-01   1.8167e-02   1.6743e+00   1.6558e+00
  -8.7962e-02   1.0210e-01  -7.7897e-03  -3.5808e-06   1.2974e-01   3.8324e-02   1.6649e+00   1.6463e+00
  -8.7962e-02   1.0367e-01  -6.0094e-03  -3.5993e-06   1.1702e-01   2.1243e-02   1.6602e+00   1.6416e+00
  -8.7962e-02   1.0524e-01   4.9577e-03  -3.6163e-06   1.1452e-01   1.3480e-02   1.6555e+00   1.6369e+00
  -8.7962e-02   1.0838e-01   2.4989e-03  -3.6318e-06   1.2694e-01   3.8494e-02   1.6460e+00   1.6275e+00
  -8.7962e-02   1.0995e-01  -8.8021e-03  -3.6461e-06   1.1335e-01   2.6963e-02   1.6414e+00   1.6227e+00
  -8.7962e-02   1.1152e-01  -1.1168e-02  -3.6591e-06   1.1007e-01   5.6491e-02   1.6367e+00   1.6179e+00
  -8.7962e-02   1.1309e-01  -2.0476e-03  -3.6711e-06   1.0868e-01   1.3377e-02   1.6320e+00   1.6132e+00
  -8.7962e-02   1.1466e-01   2.3151e-03  -3.6821e-06   1.0752e-01   3.5737e-02   1.6273e+00   1.6085e+00
  -8.7962e-02   1.1624e-01   9.5497e-03  -3.6921e-06   1.0363e-01  -1.7014e-03   1.6225e+00   1.6039e+00
  -8.7962e-02   1.1624e-01   2.9035e-03  -3.7013e-06   8.5981e-02   5.5849e-02   1.6225e+00   1.6039e+00
  -8.7962e-02   1.1781e-01  -8.7705e-05  -3.7098e-06   9.6871e-02   3.0629e-02   1.6178e+00   1.5992e+00
  -8.7962e-02   1.1781e-01  -2.2898e-03  -3.7175e-06   7.8800e-02   4.7536e-02   1.6178e+00   1.5991e+00
  -8.7962e-02   1.1938e-01   1.2431e-02  -3.7246e-06   8.8765e-02   3.9298e-02   1.6130e+00   1.5945e+00
  -8.7962e-02   1.1938e-01   1.2081e-02  -3.7311e-06   7.0083e-02  -6.9952e-03   1.6130e+00   1.5946e+00
  -8.7962e-02   1.1938e-01   1.3005e-02  -3.7370e-06   6.6904e-02   6.1993e-02   1.6129e+00   1.5946e+00
  -8.7962e-02   1.1938e-01   8.4896e-03  -3.7425e-06   6.0910e-02   3.7177e-02   1.6128e+00   1.5947e+00
  -8.7962e-02   1.1938e-01   4.9640e-03  -3.7475e-06   5.7332e-02   3.9675e-02   1.6128e+00   1.5947e+00
  -8.7962e-02   1.1938e-01   1.1684e-02  -3.7520e-06   5.1046e-02   4.3083e-02   1.6127e+00   1.5948e+00
  -8.7962e-02   1.1938e-01   1.4475e-02  -3.7562e-06   4.7239e-02   1.3375e-02   1.6127e+00   1.5949e+00
  -8.7962e-02   1.1938e-01   1.7436e-02  -3.7601e-06   4.3305e-02   5.3757e-02   1.6126e+00   1.5950e+00
  -8.7962e-02   1.1781e-01   9.7480e-03  -3.7636e-06   2.4077e-02   5.0617e-02   1.6172e+00   1.5997e+00
  -8.7962e-02   1.1781e-01   8.4585e-03  -3.7668e-06   3.3133e-02   4.1934e-02   1.6172e+00   1.5998e+00
  -8.7962e-02   1.1624e-01   1.7555e-02  -3.7698e-06   1.3843e-02   6.6209e-02   1.6218e+00   1.6046e+00
  -8.7962e-02   1.1466e-01   1.3689e-02  -3.7725e-06   7.1643e-03   6.6281e-03   1.6264e+00   1.6094e+00
  -8.7962e-02   1.1466e-01   1.5509e-02  -3.7750e-06   1.5644e-02   7.1733e-02   1.6263e+00   1.6095e+00
  -8.7962e-02   1.1309e-01   1.5733e-02  -3.7772e-06  -1.7506e-03   4.9128e-02   1.6309e+00   1.6143e+00
  -8.7962e-02   1.1152e-01   1.0678e-02  -3.7793e-06  -8.7273e-03   4.5864e-02   1.6356e+00   1.6190e+00
  -8.7962e-02   1.0995e-01   2.6876e-02  -3.7812e-06  -1.3241e-02   5.8288e-02   1.6402e+00   1.6239e+00
  -8.7962e-02   1.0995e-01   2.5599e-02  -3.7830e-06  -1.6152e-03   1.2122e-02   1.6400e+00   1.6240e+00
  -8.7962e-02   1.0838e-01   3.6475e-02  -3.7846e-06  -2.0774e-02   5.4626e-02   1.6445e+00   1.6290e+00
  -8.7962e-02   1.0681e-01   2.7384e-02  -3.7861e-06  -2.4579e-02   4.7653e-02   1.6491e+00   1.6338e+00
  -8.7962e-02   1.0524e-01   1.7722e-02  -3.7874e-06  -2.7750e-02   7.3067e-02   1.6537e+00   1.6386e+00
  -8.7962e-02   1.0367e-01   2.2816e-02  -3.7886e-06  -3.0651e-02   2.6529e-02   1.6583e+00   1.6435e+00
  -8.7962e-02   1.0210e-01   2.8086e-02  -3.7898e-06  -3.6458e-02   5.4748e-02   1.6628e+00   1.6484e+00
  -8.7962e-02   1.0053e-01   3.1098e-02  -3.7908e-06  -3.9595e-02   2.4155e-02   1.6673e+00   1.6532e+00
  -8.7962e-02   1.0053e-01   2.6876e-02  -3.7918e-06  -2.6891e-02   7.0119e-02   1.6672e+00   1.6534e+00
  -8.7962e-02   9.8957e-02   1.3687e-02  -3.7926e-06  -4.2427e-02   5.6982e-02   1.6718e+00   1.6582e+00
  -8.7962e-02   9.7387e-02   1.4337e-02  -3.7934e-06  -4.4782e-02   3.6611e-02   1.6765e+00   1.6630e+00
  -8.7962e-02   9.5816e-02   1.9258e-02  -3.7942e-06  -4.6446e-02   6.1055e-02   1.6811e+00   1.6678e+00
  -8.7962e-02   9.4245e-02   2.1015e-02  -3.7948e-06  -4.7817e-02   5.5098e-03   1.6856e+00   1.6726e+00
  -8.7962e-02   9.4245e-02   1.7633e-02  -3.7954e-06  -3.6294e-02   7.9068e-02   1.6855e+00   1.6727e+00
  -8.7962e-02   9.2674e-02   1.3542e-02  -3.7960e-06  -5.0775e-02   3.0361e-02   1.6902e+00   1.6775e+00
  -8.7962e-02   9.1104e-02   4.7804e-04  -3.7965e-06  -5.1974e-02   1.0453e-01   1.6949e+00   1.6822e+00
  -8.7962e-02   8.9533e-02  -4.7307e-04  -3.7970e-06  -5.3080e-02   1.9155e-02   1.6996e+00   1.6869e+00
  -8.7962e-02   8.9533e-02   9.9496e-03  -3.7974e-06  -3.8425e-02   6.3806e-02   1.6995e+00   1.6870e+00
  -8.7962e-02   8.7962e-02   9.7029e-03  -3.7978e-06  -5.4558e-02   3.8875e-02   1.7042e+00   1.6918e+00
  -8.7962e-02   8.7962e-02   2.2231e-02  -3.7982e-06  -3.9607e-02   4.1205e-02   1.7041e+00   1.6919e+00
  -8.7962e-02   8.6391e-02   1.7908e-02  -3.7985e-06  -5.2841e-02   5.8825e-02   1.7087e+00   1.6967e+00
  -8.7962e-02   8.4821e-02   1.5018e-02  -3.7988e-06  -5.2794e-02   3.4170e-02   1.7133e+00   1.7015e+00
  -8.7962e-02   8.4821e-02   1.4143e-02  -3.7991e-06  -3.9960e-02   8.3739e-02   1.7132e+00   1.7016e+00
  -8.7962e-02   8.4821e-02   1.5030e-02  -3.7994e-06  -3.7041e-02   2.2443e-02   1.7131e+00   1.7017e+00
  -8.7962e-02   8.3250e-02   2.5614e-02  -3.7996e-06  -5.2235e-02   6.4503e-02   1.7177e+00   1.7065e+00
  -8.7962e-02   8.3250e-02   2.0793e-02  -3.7998e-06  -3.6406e-02  -7.7709e-03   1.7176e+00   1.7066e+00
  -8.7962e-02   8.3250e-02   1.2281e-02  -3.8000e-06  -3.3128e-02   7.8841e-02   1.7175e+00   1.7067e+00
  -8.7962e-02   8.3250e-02   9.9066e-03  -3.8002e-06  -3.1762e-02   5.4402e-03   1.7175e+00   1.7068e+00
  -8.7962e-02   8.3250e-02  -4.2463e-03  -3.8004e-06  -3.0706e-02   6.5260e-02   1.7175e+00   1.7067e+00
  -8.7962e-02   8.3250e-02  -6.9488e-03  -3.8005e-06  -2.6400e-02   3.0694e-02   1.7175e+00   1.7067e+00
  -8.7962e-02   8.3250e-02  -1.3789e-03  -3.8006e-06  -2.4399e-02   2.7119e-02   1.7175e+00   1.7067e+00
  -8.7962e-02   8.3250e-02  -7.0195e-04  -3.8008e-06  -2.2654e-02   1.5089e-02   1.7175e+00   1.7067e+00
  -8.7962e-02   8.3250e-02   1.3554e-02  -3.8009e-06  -2.0832e-02  -1.9944e-02   1.7175e+00   1.7068e+00
  -8.7962e-02   8.3250e-02   8.2771e-03  -3.8010e-06  -1.8857e-02   5.3843e-02   1.7174e+00   1.7068e+00
  -8.7962e-02   8.3250e-02   3.2849e-03  -3.8011e-06  -1.7348e-02  -5.7702e-03   1.7174e+00   1.7068e+00
  -8.7962e-02   8.3250e-02  -7.3170e-03  -3.8012e-06  -1.5938e-02   6.3176e-02   1.7174e+00   1.7068e+00
  -8.7962e-02   8.3250e-02  -1.0349e-02  -3.8013e-06  -1.4595e-02  -1.4916e-02   1.7175e+00   1.7067e+00
  -8.7962e-02   8.3250e-02   1.8554e-03  -3.8013e-06  -1.3348e-02   1.3022e-03   1.7175e+00   1.7067e+00
  -8.7962e-02   8.4821e-02   6.8992e-03  -3.8014e-06   3.4616e-03   2.6388e-02   1.7127e+00   1.7021e+00
  -8.7962e-02   8.4821e-02   8.3959e-03  -3.8015e-06  -8.0839e-03  -3.3149e-02   1.7127e+00   1.7021e+00
  -8.7962e-02   8.4821e-02   3.2010e-03  -3.8015e-06  -6.5130e-03   4.3586e-02   1.7127e+00   1.7021e+00
  -8.7962e-02   8.4821e-02  -2.2616e-03  -3.8016e-06  -4.8966e-03  -1.9626e-02   1.7127e+00   1.7021e+00
  -8.7962e-02   8.6391e-02  -6.8978e-03  -3.8016e-06   1.2501e-02   5.5977e-02   1.7080e+00   1.6974e+00
  -8.7962e-02   8.6391e-02  -8.2207e-03  -3.8017e-06  -1.3985e-03  -4.1323e-03   1.7081e+00   1.6973e+00
  -8.7962e-02   8.6391e-02   2.3341e-03  -3.8017e-06  -6.1386e-05   2.4884e-02   1.7080e+00   1.6973e+00
  -8.7962e-02   8.7962e-02   1.5485e-03  -3.8018e-06   1.6936e-02  -7.1566e-03   1.7033e+00   1.6926e+00
  -8.7962e-02   8.7962e-02   1.0169e-02  -3.8018e-06   5.5955e-03  -7.3203e-03   1.7033e+00   1.6927e+00
  -8.7962e-02   8.7962e-02   7.3243e-03  -3.8018e-06   4.2144e-03   4.3990e-02   1.7032e+00   1.6927e+00
  -8.7962e-02   8.9533e-02   4.4324e-04  -3.8019e-06   2.1045e-02  -9.3545e-03   1.6985e+00   1.6880e+00
  -8.7962e-02   8.9533e-02  -4.5637e-03  -3.8019e-06   9.5582e-03   6.2005e-02   1.6985e+00   1.6880e+00
  -8.7962e-02   8.9533e-02  -6.7218e-03  -3.8019e-06   8.0825e-03  -1.2711e-02   1.6986e+00   1.6879e+00
  -8.7962e-02   9.1104e-02   5.5257e-03  -3.8019e-06   2.4287e-02   3.7799e-02   1.6938e+00   1.6833e+00
  -8.7962e-02   9.1104e-02   6.4736e-03  -3.8019e-06   1.2595e-02  -1.0982e-02   1.6938e+00   1.6833e+00
  -8.7962e-02   9.1104e-02   9.3273e-03  -3.8020e-06   1.0905e-02   1.5136e-02   1.6937e+00   1.6834e+00
  -8.7962e-02   9.2674e-02   2.2234e-03  -3.8020e-06   2.6881e-02   2.4078e-02   1.6890e+00   1.6787e+00
  -8.7962e-02   9.2674e-02  -8.2434e-03  -3.8020e-06   1.4934e-02   1.4903e-02   1.6891e+00   1.6786e+00
  -8.7962e-02   9.2674e-02  -1.0495e-02  -3.8020e-06   1.3063e-02   3.3397e-02   1.6891e+00   1.6786e+00
  -8.7962e-02   9.2674e-02  -9.2287e-03  -3.8020e-06   1.3156e-02  -6.5957e-03   1.6892e+00   1.6785e+00
  -8.7962e-02   9.4245e-02  -5.9252e-03  -3.8020e-06   2.9314e-02   2.0923e-02   1.6845e+00   1.6738e+00
  -8.7962e-02   9.4245e-02  -5.8047e-03  -3.8020e-06   1.4093e-02  -4.5839e-02   1.6845e+00   1.6737e+00
  -8.7962e-02   9.4245e-02   2.5849e-04  -3.8021e-06   1.3925e-02   3.9625e-02   1.6845e+00   1.6737e+00
  -8.7962e-02   9.4245e-02  -3.3278e-03  -3.8021e-06   1.4098e-02  -1.4086e-02   1.6845e+00   1.6737e+00
  -8.7962e-02   9.4245e-02  -1.4798e-02  -3.8021e-06   1.4286e-02   4.4644e-02   1.6846e+00   1.6736e+00
  -8.7962e-02   9.5816e-02  -1.7080e-02  -3.8021e-06   2.6988e-02   1.5092e-04   1.6800e+00   1.6688e+00
  -8.7962e-02   9.5816e-02   3.3785e-03  -3.8021e-06   1.3860e-02   9.4484e-03   1.6800e+00   1.6688e+00
  -8.7962e-02   9.5816e-02   6.2156e-03  -3.8021e-06   1.3846e-02  -1.5776e-03   1.6800e+00   1.6689e+00
  -8.7962e-02   9.5816e-02   1.6185e-02  -3.8021e-06   1.3796e-02   2.6283e-02   1.6799e+00   1.6690e+00
  -8.7962e-02   9.5816e-02   1.2179e-02  -3.8021e-06   1.3698e-02   2.3034e-02   1.6798e+00   1.6690e+00
  -8.7962e-02   9.5816e-02  -1.0833e-02  -3.8021e-06   1.1040e-02   4.5940e-02   1.6799e+00   1.6690e+00
  -8.7962e-02   9.5816e-02  -9.9022e-03  -3.8021e-06   1.0476e-02   2.3256e-02   1.6799e+00   1.6689e+00
  -8.7962e-02   9.5816e-02   6.9865e-03  -3.8021e-06   9.8020e-03   4.4056e-02   1.6799e+00   1.6689e+00
  -8.7962e-02   9.5816e-02   3.9575e-03  -3.8021e-06   9.0032e-03   5.7136e-04   1.6798e+00   1.6690e+00
  -8.7962e-02   9.5816e-02   1.3438e-02  -3.8021e-06   8.0643e-03   3.8140e-02   1.6798e+00   1.6690e+00
  -8.7962e-02   9.5816e-02   1.0524e-02  -3.8021e-06   7.4691e-03   5.2775e-02   1.6797e+00   1.6691e+00
  -8.7962e-02   9.5816e-02   7.9783e-03  -3.8021e-06   6.8677e-03   2.9499e-02   1.6797e+00   1.6692e+00
  -8.7962e-02   9.5816e-02   5.9316e-03  -3.8021e-06   6.2809e-03   7.6605e-02   1.6796e+00   1.6692e+00
  -8.7962e-02   9.5816e-02   5.9193e-03  -3.8021e-06   5.7364e-03   1.9673e-02   1.6796e+00   1.6692e+00
  -8.7962e-02   9.5816e-02   8.5323e-03  -3.8021e-06   5.2708e-03   3.8183e-02   1.6795e+00   1.6693e+00
  -8.7962e-02   9.5816e-02   1.4090e-02  -3.8021e-06   4.8312e-03  -2.2556e-02   1.6795e+00   1.6693e+00
  -8.7962e-02   9.5816e-02   9.1679e-03  -3.8021e-06   4.4238e-03   7.8947e-02   1.6794e+00   1.6694e+00
  -8.7962e-02   9.5816e-02   5.8829e-03  -3.8021e-06   4.0524e-03  -8.4782e-03   1.6794e+00   1.6694e+00
  -8.7962e-02   9.5816e-02   7.7371e-04  -3.8022e-06   3.7157e-03   6.4735e-02   1.6794e+00   1.6694e+00
  -8.7962e-02   9.5816e-02  -3.8678e-04  -3.8022e-06   3.4046e-03   1.6440e-02   1.6794e+00   1.6694e+00
  -8.7962e-02   9.5816e-02   1.3064e-02  -3.8022e-06   3.1193e-03   2.7204e-02   1.6793e+00   1.6695e+00
  -8.7962e-02   9.5816e-02   1.5832e-02  -3.8022e-06   2.8584e-03   1.1558e-02   1.6792e+00   1.6696e+00
  -8.7962e-02   9.5816e-02   2.1933e-02  -3.8022e-06   2.6196e-03   1.1661e-02   1.6791e+00   1.6697e+00
  -8.7962e-02   9.5816e-02   1.3792e-02  -3.8022e-06   2.4004e-03   5.1957e-02   1.6790e+00   1.6698e+00
  -8.7962e-02   9.5816e-02   1.6167e-02  -3.8022e-06   2.1995e-03   1.6713e-02   1.6789e+00   1.6699e+00
  -8.7962e-02   9.5816e-02   1.2330e-02  -3.8022e-06   2.0156e-03   3.7014e-02   1.6788e+00   1.6700e+00
  -8.7962e-02   9.5816e-02   1.5025e-02  -3.8022e-06   1.8470e-03   1.4511e-02   1.6788e+00   1.6700e+00
  -8.7962e-02   9.5816e-02   2.0237e-02  -3.8022e-06   1.6925e-03   4.1549e-02   1.6786e+00   1.6702e+00
  -8.7962e-02   9.5816e-02   2.0544e-02  -3.8022e-06   1.5509e-03  -2.4577e-02   1.6785e+00   1.6703e+00
  -8.7962e-02   9.5816e-02   1.8932e-02  -3.8022e-06   1.4212e-03   6.7448e-02   1.6784e+00   1.6704e+00
  -8.7962e-02   9.5816e-02   1.5110e-02  -3.8022e-06   1.3023e-03   1.3171e-03   1.6783e+00   1.6705e+00
  -8.7962e-02   9.5816e-02   1.3621e-02  -3.8022e-06   1.1934e-03   6.4216e-02   1.6783e+00   1.6705e+00
  -8.7962e-02   9.5816e-02   1.4192e-02  -3.8022e-06   1.0936e-03   1.4953e-02   1.6782e+00   1.6706e+00
  -8.7962e-02   9.5816e-02   2.1004e-02  -3.8022e-06   1.0021e-03   3.9710e-02   1.6780e+00   1.6707e+00
  -8.7962e-02   9.5816e-02   2.4866e-02  -3.8022e-06   9.1828e-04  -5.8780e-03   1.6779e+00   1.6709e+00
  -8.7962e-02   9.5816e-02   2.1251e-02  -3.8022e-06   8.4147e-04   5.6937e-02   1.6778e+00   1.6710e+00
  -8.7962e-02   9.5816e-02   1.7225e-02  -3.8022e-06   7.7109e-04   3.9234e-02   1.6777e+00   1.6711e+00
  -8.7962e-02   9.5816e-02   1.6730e-02  -3.8022e-06   7.0659e-04   2.3053e-02   1.6776e+00   1.6712e+00
  -8.7962e-02   9.5816e-02   3.6716e-02  -3.8022e-06   6.4749e-04   4.0975e-02   1.6774e+00   1.6714e+00
  -8.7962e-02   9.5816e-02   3.3553e-02  -3.8022e-06   5.9333e-04  -2.0672e-03   1.6772e+00   1.6716e+00
  -8.7962e-02   9.5816e-02   3.2635e-02  -3.8022e-06   5.4370e-04   4.4770e-02   1.6770e+00   1.6718e+00
  -8.7962e-02   9.5816e-02   2.9636e-02  -3.8022e-06   4.9822e-04   2.6511e-02   1.6768e+00   1.6719e+00
  -8.7962e-02   9.5816e-02   1.8488e-02  -3.8022e-06   4.5655e-04   5.6331e-02   1.6767e+00   1.6720e+00
  -8.7962e-02   9.5816e-02   1.7486e-02  -3.8022e-06   4.1836e-04   2.8314e-02   1.6766e+00   1.6721e+00
  -8.7962e-02   9.5816e-02   3.8611e-02  -3.8022e-06   3.8336e-04   3.5084e-02   1.6764e+00   1.6723e+00
  -8.7962e-02   9.5816e-02   3.7644e-02  -3.8022e-06   3.5130e-04   1.6478e-02   1.6762e+00   1.6726e+00
  -8.7962e-02   9.5816e-02   4.5357e-02  -3.8022e-06   3.2191e-04  -3.6179e-03   1.6759e+00   1.6728e+00
  -8.7962e-02   9.5816e-02   3.9380e-02  -3.8022e-06   2.9499e-04   4.8026e-02   1.6757e+00   1.6730e+00
  -8.7962e-02   9.5816e-02   2.3507e-02  -3.8022e-06   2.7031e-04   3.2605e-02   1.6756e+00   1.6732e+00
  -8.7962e-02   9.5816e-02   2.1912e-02  -3.8022e-06   2.4770e-04   3.1241e-02   1.6754e+00   1.6733e+00
  -8.7962e-02   9.5816e-02   4.1077e-02  -3.8022e-06   2.2698e-04   1.8172e-02   1.6752e+00   1.6735e+00
  -8.7962e-02   9.5816e-02   4.0429e-02  -3.8022e-06   2.0800e-04  -2.7526e-03   1.6750e+00   1.6737e+00
  -8.7962e-02   9.5816e-02   4.6388e-02  -3.8022e-06   1.9060e-04   2.5485e-03   1.6747e+00   1.6740e+00
  -8.7962e-02   9.5816e-02   4.2020e-02  -3.8022e-06   1.7466e-04   3.4304e-02   1.6745e+00   1.6742e+00
  -8.7962e-02   9.5816e-02   2.5476e-02  -3.8022e-06   1.6005e-04   3.3820e-02   1.6743e+00   1.6744e+00
  -8.7962e-02   9.5816e-02   2.4769e-02  -3.8022e-06   1.4666e-04   2.9795e-03   1.6742e+00   1.6745e+00
  -8.7962e-02   9.5816e-02   4.3412e-02  -3.8022e-06   1.3439e-04   2.9609e-02   1.6739e+00   1.6748e+00
  -8.7962e-02   9.5816e-02   3.9036e-02  -3.8022e-06   1.2315e-04  -1.6799e-02   1.6737e+00   1.6750e+00
  -8.7962e-02   9.5816e-02   3.2218e-02  -3.8022e-06   1.1285e-04   4.1550e-02   1.6735e+00   1.6752e+00
  -8.7962e-02   9.5816e-02   3.0655e-02  -3.8022e-06   1.0341e-04  -4.4558e-03   1.6733e+00   1.6753e+00
  -8.7962e-02   9.5816e-02   1.9505e-02  -3.8022e-06   9.4761e-05   5.3562e-02   1.6732e+00   1.6755e+00
  -8.7962e-02   9.5816e-02   1.6546e-02  -3.8022e-06   8.6834e-05  -4.9583e-03   1.6731e+00   1.6755e+00
  -8.7962e-02   9.5816e-02   3.0155e-02  -3.8022e-06   7.9571e-05   2.6222e-02   1.6730e+00   1.6757e+00
  -8.7962e-02   9.5816e-02   2.8643e-02  -3.8022e-06   7.2915e-05  -1.1429e-02   1.6728e+00   1.6759e+00
  -8.7962e-02   9.5816e-02   4.3722e-02  -3.8022e-06   6.6816e-05   1.4942e-02   1.6725e+00   1.6761e+00
  -8.7962e-02   9.5816e-02   3.8428e-02  -3.8022e-06   6.1227e-05  -1.4455e-02   1.6723e+00   1.6763e+00
  -8.7962e-02   9.5816e-02   2.7370e-02  -3.8022e-06   5.6106e-05   3.3453e-02   1.6722e+00   1.6765e+00
  -8.7962e-02   9.5816e-02   2.2764e-02  -3.8022e-06   5.1413e-05  -4.9850e-04   1.6720e+00   1.6766e+00
  -8.7962e-02   9.5816e-02   3.3460e-02  -3.8022e-06   4.7113e-05   7.7677e-03   1.6718e+00   1.6768e+00
  -8.7962e-02   9.5816e-02   3.4729e-02  -3.8022e-06   4.3172e-05  -2.8234e-02   1.6716e+00   1.6770e+00
  -8.7962e-02   9.5816e-02   3.7012e-02  -3.8022e-06   3.9561e-05   5.2290e-03   1.6714e+00   1.6772e+00
  -8.7962e-02   9.5816e-02   3.0568e-02  -3.8022e-06   3.6252e-05  -8.3133e-03   1.6713e+00   1.6774e+00
  -8.7962e-02   9.5816e-02   2.2638e-02  -3.8022e-06   3.3219e-05   2.3746e-02   1.6711e+00   1.6775e+00
  -8.7962e-02   9.5816e-02   2.3573e-02  -3.8022e-06   3.0441e-05  -2.3924e-02   1.6710e+00   1.6776e+00
  -8.7962e-02   9.5816e-02   3.4301e-02  -3.8022e-06   2.7894e-05   1.1538e-02   1.6708e+00   1.6778e+00
  -8.7962e-02   9.5816e-02   3.4317e-02  -3.8022e-06   2.5561e-05  -4.6023e-02   1.6706e+00   1.6780e+00
  -8.7962e-02   9.5816e-02   2.8773e-02  -3.8022e-06   2.3423e-05   2.7749e-02   1.6704e+00   1.6782e+00
  -8.7962e-02   9.5816e-02   2.4573e-02  -3.8022e-06   2.1464e-05  -2.2158e-02   1.6703e+00   1.6783e+00
  -8.7962e-02   9.5816e-02   2.2800e-02  -3.8022e-06   1.9669e-05   2.1079e-02   1.6702e+00   1.6785e+00
  -8.7962e-02   9.5816e-02   3.3306e-02  -3.8022e-06   1.8023e-05  -2.1783e-02   1.6700e+00   1.6786e+00
  -8.7962e-02   9.5816e-02   3.3921e-02  -3.8022e-06   1.6516e-05  -1.3543e-02   1.6698e+00   1.6788e+00
  -8.7962e-02   9.5816e-02   3.5856e-02  -3.8022e-06   1.5134e-05  -5.8866e-02   1.6696e+00   1.6790e+00
  -8.7962e-02   9.5816e-02   4.3406e-02  -3.8022e-06   1.3868e-05   3.4567e-02   1.6693e+00   1.6793e+00
  -8.7962e-02   9.5816e-02   3.3150e-02  -3.8022e-06   1.2708e-05  -2.3145e-02   1.6691e+00   1.6795e+00
  -8.7962e-02   9.5816e-02   3.2063e-02  -3.8022e-06   1.1645e-05   1.4449e-02   1.6689e+00   1.6796e+00
  -8.7962e-02   9.5816e-02   3.9833e-02  -3.8022e-06   1.0671e-05  -1.6654e-02   1.6687e+00   1.6799e+00
  -8.7962e-02   9.5816e-02   3.8784e-02  -3.8022e-06   9.7787e-06  -1.7499e-02   1.6685e+00   1.6801e+00
  -8.7962e-02   9.5816e-02   4.6663e-02  -3.8022e-06   8.9607e-06  -3.3721e-03   1.6682e+00   1.6804e+00
  -8.7962e-02   9.5816e-02   3.7361e-02  -3.8022e-06   8.2112e-06  -4.3244e-03   1.6680e+00   1.6806e+00
  -8.7962e-02   9.5816e-02   1.5495e-02  -3.8022e-06   7.5244e-06   2.7647e-02   1.6679e+00   1.6806e+00
  -8.7962e-02   9.5816e-02   1.4340e-02  -3.8022e-06   6.8950e-06  -2.3085e-02   1.6678e+00   1.6807e+00
  -8.7962e-02   9.5816e-02   2.5475e-02  -3.8022e-06   6.3183e-06   2.6066e-03   1.6677e+00   1.6809e+00
  -8.7962e-02   9.5816e-02   2.1916e-02  -3.8022e-06   5.7898e-06  -5.4891e-02   1.6676e+00   1.6810e+00
  -8.7962e-02   9.5816e-02   1.6616e-02  -3.8022e-06   5.3055e-06   2.4883e-02   1.6675e+00   1.6811e+00
  -8.7962e-02   9.5816e-02   9.0117e-03  -3.8022e-06   4.8617e-06  -3.8080e-02   1.6674e+00   1.6811e+00
  -8.7962e-02   9.5816e-02   1.4490e-03  -3.8022e-06   4.4550e-06   4.4666e-04   1.6674e+00   1.6811e+00
  -8.7962e-02   9.5816e-02   2.4651e-04  -3.8022e-06   4.0824e-06  -4.6439e-02   1.6674e+00   1.6811e+00
  -8.7962e-02   9.5816e-02   7.9346e-03  -3.8022e-06   3.7409e-06  -1.3303e-02   1.6674e+00   1.6812e+00
  -8.7962e-02   9.5816e-02   8.2313e-03  -3.8022e-06   3.4280e-06  -7.6920e-02   1.6673e+00   1.6812e+00
  -8.7962e-02   9.5816e-02   3.4180e-03  -3.8022e-06   3.1413e-06  -9.2840e-03   1.6673e+00   1.6813e+00
  -8.7962e-02   9.5816e-02   2.5243e-03  -3.8022e-06   2.8785e-06  -5.7960e-02   1.6673e+00   1.6813e+00
  -8.7962e-02   9.5816e-02  -7.0206e-03  -3.8022e-06   2.6378e-06   4.3625e-03   1.6673e+00   1.6812e+00
  -8.7962e-02   9.5816e-02  -8.8000e-03  -3.8022e-06   2.4171e-06  -6.3166e-02   1.6674e+00   1.6812e+00
  -8.7962e-02   9.5816e-02  -1.8286e-03  -3.8022e-06   2.2149e-06  -2.5009e-02   1.6674e+00   1.6812e+00
  -8.7962e-02   9.5816e-02   7.9118e-04  -3.8022e-06   2.0297e-06  -7.7819e-02   1.6674e+00   1.6812e+00
  -8.7962e-02   9.5816e-02  -5.7201e-03  -3.8022e-06   1.8599e-06   1.1741e-02   1.6674e+00   1.6811e+00
  -8.7962e-02   9.5816e-02  -9.4660e-03  -3.8022e-06   1.7043e-06  -3.9646e-02   1.6675e+00   1.6811e+00
  -8.7962e-02   9.5816e-02  -1.1292e-02  -3.8022e-06   1.5618e-06  -1.5529e-02   1.6675e+00   1.6810e+00
  -8.7962e-02   9.5816e-02  -2.6816e-03  -3.8022e-06   1.4311e-06  -2.2760e-02   1.6675e+00   1.6810e+00
  -8.7962e-02   9.5816e-02  -2.4560e-03  -3.8022e-06   1.3114e-06  -3.6920e-02   1.6676e+00   1.6810e+00
  -8.7962e-02   9.5816e-02  -2.9910e-05  -3.8022e-06   1.2017e-06   7.4264e-03   1.6676e+00   1.6810e+00
  -8.7962e-02   9.5816e-02  -3.5136e-03  -3.8022e-06   1.1012e-06  -2.8407e-02   1.6676e+00   1.6810e+00
  -8.7962e-02   9.5816e-02  -1.7374e-02  -3.8022e-06   1.0091e-06   2.7543e-02   1.6677e+00   1.6809e+00
  -8.7962e-02   9.5816e-02  -1.7625e-02  -3.8022e-06   9.2469e-07  -2.9476e-02   1.6678e+00   1.6808e+00
  -8.7962e-02   9.5816e-02  -9.8804e-03  -3.8022e-06   8.4734e-07   8.7879e-03   1.6678e+00   1.6807e+00
  -8.7962e-02   9.5816e-02  -6.2683e-03  -3.8022e-06   7.7647e-07  -4.7284e-02   1.6679e+00   1.6807e+00
  -8.7962e-02   9.5816e-02  -1.0920e-02  -3.8022e-06   7.1152e-07   3.0224e-02   1.6679e+00   1.6806e+00
  -8.7962e-02   9.5816e-02  -1.4668e-02  -3.8022e-06   6.5200e-07  -1.3616e-02   1.6680e+00   1.6806e+00
  -8.7962e-02   9.5816e-02  -1.9618e-02  -3.8022e-06   5.9747e-07   1.0225e-02   1.6681e+00   1.6804e+00
  -8.7962e-02   9.5816e-02  -1.1416e-02  -3.8022e-06   5.4749e-07  -1.5185e-02   1.6682e+00   1.6804e+00
  -8.7962e-02   9.5816e-02  -8.0442e-03  -3.8022e-06   5.0170e-07   9.6755e-03   1.6682e+00   1.6803e+00
  -8.7962e-02   9.5816e-02  -5.2566e-03  -3.8022e-06   4.5973e-07  -4.7143e-02   1.6683e+00   1.6803e+00
  -8.7962e-02   9.5816e-02  -1.0598e-02  -3.8022e-06   4.2128e-07   2.2587e-02   1.6683e+00   1.6802e+00
  -8.7962e-02   9.5816e-02  -9.3797e-03  -3.8022e-06   3.8604e-07  -2.3376e-03   1.6684e+00   1.6802e+00
  -8.7962e-02   9.5816e-02  -1.1079e-02  -3.8022e-06   3.5375e-07   4.0357e-03   1.6685e+00   1.6801e+00
  -8.7962e-02   9.5816e-02   6.3246e-03  -3.8022e-06   3.2416e-07  -1.5972e-02   1.6684e+00   1.6802e+00
  -8.7962e-02   9.5816e-02   8.7004e-03  -3.8022e-06   2.9705e-07  -6.4984e-03   1.6684e+00   1.6802e+00
  -8.7962e-02   9.5816e-02   7.8662e-03  -3.8022e-06   2.7220e-07  -4.9230e-02   1.6683e+00   1.6803e+00
  -8.7962e-02   9.5816e-02   2.8223e-03  -3.8022e-06   2.4943e-07   3.2783e-02   1.6683e+00   1.6803e+00
  -8.7962e-02   9.5816e-02  -5.0519e-03  -3.8022e-06   2.2857e-07  -7.8427e-04   1.6683e+00   1.6802e+00
  -8.7962e-02   9.5816e-02  -7.1630e-03  -3.8022e-06   2.0945e-07  -1.7280e-02   1.6684e+00   1.6802e+00
  -8.7962e-02   9.5816e-02   6.0858e-03  -3.8022e-06   1.9193e-07   3.1377e-03   1.6683e+00   1.6802e+00
  -8.7962e-02   9.5816e-02   6.4787e-03  -3.8022e-06   1.7587e-07  -4.4424e-02   1.6683e+00   1.6803e+00
  -8.7962e-02   9.5816e-02   5.1696e-03  -3.8022e-06   1.6116e-07   2.9508e-02   1.6683e+00   1.6803e+00
  -8.7962e-02   9.5816e-02   1.6672e-03  -3.8022e-06   1.4768e-07  -2.8753e-02   1.6683e+00   1.6803e+00
  -8.7962e-02   9.5816e-02  -8.8465e-03  -3.8022e-06   1.3533e-07   3.1164e-02   1.6683e+00   1.6803e+00
  -8.7962e-02   9.5816e-02  -9.5248e-03  -3.8022e-06   1.2401e-07  -2.4004e-02   1.6684e+00   1.6802e+00
  -8.7962e-02   9.5816e-02  -2.6057e-03  -3.8022e-06   1.1364e-07   8.6436e-03   1.6684e+00   1.6802e+00
  -8.7962e-02   9.5816e-02   3.0037e-04  -3.8022e-06   1.0413e-07  -4.7113e-02   1.6684e+00   1.6802e+00
  -8.7962e-02   9.5816e-02  -5.2627e-03  -3.8022e-06   9.5422e-08   2.3685e-02   1.6684e+00   1.6802e+00
  -8.7962e-02   9.5816e-02  -1.4830e-02  -3.8022e-06   8.7440e-08   1.3877e-02   1.6685e+00   1.6801e+00
  -8.7962e-02   9.5816e-02  -1.6036e-02  -3.8022e-06   8.0126e-08  -2.1218e-02   1.6686e+00   1.6800e+00
  -8.7962e-02   9.5816e-02  -5.5114e-03  -3.8022e-06   7.3424e-08   1.5885e-03   1.6686e+00   1.6800e+00
  -8.7962e-02   9.5816e-02  -6.4342e-03  -3.8022e-06   6.7283e-08  -3.1436e-02   1.6687e+00   1.6799e+00
  -8.7962e-02   9.5816e-02  -8.5663e-03  -3.8022e-06   6.1655e-08   3.5421e-03   1.6687e+00   1.6799e+00
  -8.7962e-02   9.5816e-02  -1.1542e-02  -3.8022e-06   5.6498e-08  -3.1375e-02   1.6688e+00   1.6798e+00
  -8.7962e-02   9.5816e-02  -1.8914e-02  -3.8022e-06   5.1772e-08   2.2593e-02   1.6689e+00   1.6797e+00
  -8.7962e-02   9.5816e-02  -1.6200e-02  -3.8022e-06   4.7441e-08  -2.6632e-02   1.6690e+00   1.6796e+00
  -8.7962e-02   9.5816e-02  -1.0927e-02  -3.8022e-06   4.3473e-08  -7.1404e-03   1.6690e+00   1.6796e+00
  -8.7962e-02   9.5816e-02  -1.0249e-02  -3.8022e-06   3.9837e-08  -6.2029e-02   1.6691e+00   1.6795e+00
  -8.7962e-02   9.5816e-02  -1.2751e-02  -3.8022e-06   3.6505e-08   1.3238e-02   1.6692e+00   1.6794e+00
  -8.7962e-02   9.5816e-02  -1.5658e-02  -3.8022e-06   3.3451e-08  -7.4130e-03   1.6693e+00   1.6793e+00
  -8.7962e-02   9.5816e-02  -1.6810e-02  -3.8022e-06   3.0653e-08  -3.3781e-02   1.6694e+00   1.6792e+00
  -8.7962e-02   9.5816e-02  -9.6395e-03  -3.8022e-06   2.8089e-08  -2.3322e-02   1.6694e+00   1.6792e+00
  -8.7962e-02   9.5816e-02  -7.2313e-03  -3.8022e-06   2.5740e-08  -3.2709e-02   1.6695e+00   1.6791e+00
  -8.7962e-02   9.5816e-02  -2.8882e-03  -3.8022e-06   2.3587e-08  -1.7851e-02   1.6695e+00   1.6791e+00
  -8.7962e-02   9.5816e-02  -5.7289e-03  -3.8022e-06   2.1614e-08  -2.6431e-02   1.6695e+00   1.6791e+00
  -8.7962e-02   9.5816e-02  -2.1270e-02  -3.8022e-06   1.9806e-08   1.2745e-02   1.6696e+00   1.6790e+00
  -8.7962e-02   9.5816e-02  -2.3443e-02  -3.8022e-06   1.8149e-08  -3.3506e-02   1.6698e+00   1.6788e+00
  -8.7962e-02   9.5816e-02  -1.0916e-02  -3.8022e-06   1.6631e-08  -2.1362e-03   1.6698e+00   1.6788e+00
  -8.7962e-02   9.5816e-02  -1.0856e-02  -3.8022e-06   1.5240e-08  -5.8933e-02   1.6699e+00   1.6787e+00
  -8.7962e-02   9.5816e-02  -1.7292e-02  -3.8022e-06   1.3965e-08   2.0702e-02   1.6700e+00   1.6786e+00
  -8.7962e-02   9.5816e-02  -2.1496e-02  -3.8022e-06   1.2797e-08  -2.2516e-02   1.6701e+00   1.6785e+00
  -8.7962e-02   9.5816e-02  -2.0945e-02  -3.8022e-06   1.1727e-08  -1.9921e-03   1.6702e+00   1.6784e+00
  -8.7962e-02   9.5816e-02  -1.4682e-02  -3.8022e-06   1.0746e-08  -1.5218e-02   1.6703e+00   1.6783e+00
  -8.7962e-02   9.5816e-02  -1.3524e-02  -3.8022e-06   9.8469e-09  -1.7660e-02   1.6704e+00   1.6782e+00
  -8.7962e-02   9.5816e-02  -1.2389e-02  -3.8022e-06   9.0233e-09  -1.6560e-02   1.6705e+00   1.6782e+00
  -8.7962e-02   9.5816e-02  -1.4639e-02  -3.8022e-06   8.2685e-09  -9.5031e-03   1.6705e+00   1.6781e+00
  -8.7962e-02   9.5816e-02  -2.6186e-02  -3.8022e-06   7.5769e-09   2.7583e-02   1.6707e+00   1.6779e+00
  -8.7962e-02   9.5816e-02  -2.9212e-02  -3.8022e-06   6.9431e-09  -2.6657e-02   1.6709e+00   1.6778e+00
  -8.7962e-02   9.5816e-02  -1.8041e-02  -3.8022e-06   6.3624e-09   1.2002e-02   1.6710e+00   1.6777e+00
  -8.7962e-02   9.5816e-02  -1.7814e-02  -3.8022e-06   5.8302e-09  -6.2938e-02   1.6711e+00   1.6776e+00
  -8.7962e-02   9.5816e-02  -2.0404e-02  -3.8022e-06   5.3425e-09   4.0621e-02   1.6712e+00   1.6775e+00
  -8.7962e-02   9.5816e-02  -2.5411e-02  -3.8022e-06   4.8956e-09  -2.4394e-02   1.6713e+00   1.6773e+00
  -8.7962e-02   9.5816e-02  -2.5368e-02  -3.8022e-06   4.4861e-09   6.7973e-03   1.6715e+00   1.6772e+00
  -8.7962e-02   9.5816e-02  -1.5774e-02  -3.8022e-06   4.1109e-09  -1.8012e-02   1.6716e+00   1.6771e+00
  -8.7962e-02   9.5816e-02  -1.3076e-02  -3.8022e-06   3.7670e-09  -1.5614e-02   1.6716e+00   1.6770e+00
  -8.7962e-02   9.5816e-02  -7.0109e-03  -3.8022e-06   3.4519e-09  -3.2842e-02   1.6717e+00   1.6770e+00
  -8.7962e-02   9.5816e-02  -1.2549e-02  -3.8022e-06   3.1632e-09   1.1709e-02   1.6718e+00   1.6769e+00
  -8.7962e-02   9.5816e-02  -2.1842e-02  -3.8022e-06   2.8986e-09  -3.7367e-03   1.6719e+00   1.6768e+00
  -8.7962e-02   9.5816e-02  -2.2457e-02  -3.8022e-06   2.6562e-09  -1.3427e-02   1.6720e+00   1.6766e+00
  -8.7962e-02   9.5816e-02  -6.1297e-03  -3.8022e-06   2.4340e-09  -9.0346e-03   1.6720e+00   1.6766e+00
  -8.7962e-02   9.5816e-02  -3.1910e-03  -3.8022e-06   2.2304e-09  -1.5664e-02   1.6721e+00   1.6766e+00
  -8.7962e-02   9.5816e-02   4.0594e-03  -3.8022e-06   2.0438e-09  -1.4062e-02   1.6720e+00   1.6766e+00
  -8.7962e-02   9.5816e-02  -2.6485e-04  -3.8022e-06   1.8729e-09  -7.1488e-03   1.6720e+00   1.6766e+00
  -8.7962e-02   9.5816e-02  -8.2252e-03  -3.8022e-06   1.7162e-09   2.1192e-02   1.6721e+00   1.6766e+00
  -8.7962e-02   9.5816e-02  -7.4225e-03  -3.8022e-06   1.5727e-09  -2.2177e-02   1.6721e+00   1.6765e+00
  -8.7962e-02   9.5816e-02   7.8445e-04  -3.8022e-06   1.4411e-09   1.4232e-02   1.6721e+00   1.6765e+00
  -8.7962e-02   9.5816e-02  -1.0691e-03  -3.8022e-06   1.3206e-09  -5.1307e-02   1.6721e+00   1.6765e+00
  -8.7962e-02   9.5816e-02   3.7605e-03  -3.8022e-06   1.2101e-09   5.8630e-03   1.6721e+00   1.6765e+00
  -8.7962e-02   9.5816e-02   3.2256e-03  -3.8022e-06   1.1089e-09  -5.9535e-03   1.6721e+00   1.6766e+00
  -8.7962e-02   9.5816e-02  -6.2977e-03  -3.8022e-06   1.0161e-09   4.4485e-02   1.6721e+00   1.6765e+00
  -8.7962e-02   9.5816e-02  -7.5298e-03  -3.8022e-06   9.3115e-10  -1.7348e-02   1.6722e+00   1.6765e+00
  -8.7962e-02   9.5816e-02   5.9367e-03  -3.8022e-06   8.5326e-10   2.0338e-02   1.6721e+00   1.6765e+00
  -8.7962e-02   9.5816e-02   9.8313e-03  -3.8022e-06   7.8189e-10  -4.0047e-02   1.6721e+00   1.6766e+00
  -8.7962e-02   9.5816e-02   1.3302e-03  -3.8022e-06   7.1649e-10   5.1459e-02   1.6721e+00   1.6766e+00
  -8.7962e-02   9.5816e-02   7.0839e-04  -3.8022e-06   6.5656e-10  -5.0181e-04   1.6721e+00   1.6766e+00
  -8.7962e-02   9.5816e-02  -4.5061e-03  -3.8022e-06   6.0164e-10   1.9603e-02   1.6721e+00   1.6766e+00
  -8.7962e-02   9.5816e-02   7.8314e-03  -3.8022e-06   5.5131e-10   4.7646e-03   1.6721e+00   1.6766e+00
  -8.7962e-02   9.5816e-02   9.6640e-03  -3.8022e-06   5.0520e-10  -6.0314e-03   1.6720e+00   1.6767e+00
  -8.7962e-02   9.5816e-02   1.7322e-02  -3.8022e-06   4.6294e-10  -6.2131e-03   1.6719e+00   1.6768e+00
  -8.7962e-02   9.5816e-02   1.5103e-02  -3.8022e-06   4.2422e-10   2.9828e-02   1.6718e+00   1.6768e+00
  -8.7962e-02   9.5816e-02  -1.7870e-03  -3.8022e-06   3.8873e-10   2.7807e-02   1.6718e+00   1.6768e+00
  -8.7962e-02   9.5816e-02  -2.2806e-03  -3.8022e-06   3.5622e-10   4.8056e-03   1.6718e+00   1.6768e+00
  -8.7962e-02   9.5816e-02   1.3993e-02  -3.8022e-06   3.2642e-10   2.1803e-02   1.6718e+00   1.6769e+00
  -8.7962e-02   9.5816e-02   1.0785e-02  -3.8022e-06   2.9912e-10  -2.0821e-02   1.6717e+00   1.6770e+00
  -8.7962e-02   9.5816e-02   1.4009e-02  -3.8022e-06   2.7410e-10   3.9495e-02   1.6716e+00   1.6770e+00
  -8.7962e-02   9.5816e-02   1.0740e-02  -3.8022e-06   2.5117e-10  -7.1787e-03   1.6715e+00   1.6771e+00
  -8.7962e-02   9.5816e-02  -7.5310e-04  -3.8022e-06   2.3016e-10   5.3917e-02   1.6716e+00   1.6771e+00
  -8.7962e-02   9.5816e-02  -4.0921e-04  -3.8022e-06   2.1091e-10  -5.6574e-03   1.6716e+00   1.6771e+00
  -8.7962e-02   9.5816e-02   5.9947e-03  -3.8022e-06   1.9327e-10   3.2788e-02   1.6715e+00   1.6771e+00
  -8.7962e-02   9.5816e-02   6.0112e-03  -3.8022e-06   1.7710e-10  -4.1027e-02   1.6715e+00   1.6772e+00
  -8.7962e-02   9.5816e-02   8.1704e-03  -3.8022e-06   1.6229e-10   5.8383e-02   1.6714e+00   1.6772e+00
  -8.7962e-02   9.5816e-02   4.5140e-03  -3.8022e-06   1.4871e-10  -1.5423e-03   1.6714e+00   1.6772e+00
  -8.7962e-02   9.5816e-02  -5.3747e-04  -3.8022e-06   1.3627e-10   2.6680e-02   1.6714e+00   1.6772e+00
  -8.7962e-02   9.5816e-02   1.0135e-03  -3.8022e-06   1.2488e-10   7.6647e-04   1.6714e+00   1.6772e+00
  -8.7962e-02   9.5816e-02   8.4386e-03  -3.8022e-06   1.1443e-10   1.5194e-02   1.6714e+00   1.6773e+00
  -8.7962e-02   9.5816e-02   1.5697e-02  -3.8022e-06   1.0486e-10  -1.1419e-02   1.6713e+00   1.6774e+00
  -8.7962e-02   9.5816e-02   1.0290e-02  -3.8022e-06   9.6088e-11   2.2456e-02   1.6712e+00   1.6774e+00
  -8.7962e-02   9.5816e-02  -2.0410e-03  -3.8022e-06   8.8051e-11   3.0282e-02   1.6712e+00   1.6774e+00
  -8.7962e-02   9.5816e-02  -5.5884e-03  -3.8022e-06   8.0686e-11  -4.0928e-04   1.6713e+00   1.6774e+00
  -8.7962e-02   9.5816e-02   8.1139e-03  -3.8022e-06   7.3937e-11   1.2402e-02   1.6712e+00   1.6774e+00
  -8.7962e-02   9.5816e-02   9.5018e-03  -3.8022e-06   6.7752e-11  -2.9092e-02   1.6712e+00   1.6775e+00
  -8.7962e-02   9.5816e-02   9.5824e-03  -3.8022e-06   6.2085e-11   2.9900e-02   1.6711e+00   1.6775e+00
  -8.7962e-02   9.5816e-02   3.9504e-03  -3.8022e-06   5.6892e-11  -5.3733e-03   1.6711e+00   1.6776e+00
  -8.7962e-02   9.5816e-02  -5.9492e-03  -3.8022e-06   5.2133e-11   1.7594e-02   1.6711e+00   1.6775e+00
  -8.7962e-02   9.5816e-02  -7.5490e-03  -3.8022e-06   4.7773e-11  -1.1954e-02   1.6712e+00   1.6775e+00
  -8.7962e-02   9.5816e-02   8.9880e-03  -3.8022e-06   4.3777e-11   2.8592e-02   1.6711e+00   1.6775e+00
  -8.7962e-02   9.5816e-02   8.4571e-03  -3.8022e-06   4.0115e-11  -2.5128e-02   1.6711e+00   1.6776e+00
  -8.7962e-02   9.5816e-02   9.9038e-03  -3.8022e-06   3.6759e-11  -1.0472e-02   1.6710e+00   1.6776e+00
  -8.7962e-02   9.5816e-02   7.8983e-03  -3.8022e-06   3.3685e-11   3.1832e-03   1.6710e+00   1.6777e+00
  -8.7962e-02   9.5816e-02  -2.1343e-03  -3.8022e-06   3.0867e-11   2.7066e-02   1.6710e+00   1.6777e+00
  -8.7962e-02   9.5816e-02  -2.2375e-03  -3.8022e-06   2.8285e-11   1.5974e-02   1.6710e+00   1.6777e+00
  -8.7962e-02   9.5816e-02   1.2506e-02  -3.8022e-06   2.5919e-11   1.9765e-02   1.6709e+00   1.6777e+00
  -8.7962e-02   9.5816e-02   1.2109e-02  -3.8022e-06   2.3751e-11  -1.1936e-02   1.6708e+00   1.6778e+00
  -8.7962e-02   9.5816e-02   2.6254e-02  -3.8022e-06   2.1765e-11   1.9822e-02   1.6707e+00   1.6779e+00
  -8.7962e-02   9.5816e-02   2.0717e-02  -3.8022e-06   1.9944e-11   1.1373e-02   1.6706e+00   1.6781e+00
  -8.7962e-02   9.5816e-02   7.6084e-03  -3.8022e-06   1.8276e-11   4.1326e-02   1.6705e+00   1.6781e+00
  -8.7962e-02   9.5816e-02   6.2838e-03  -3.8022e-06   1.6747e-11   3.0195e-03   1.6705e+00   1.6781e+00
  -8.7962e-02   9.5816e-02   1.3908e-02  -3.8022e-06   1.5346e-11   2.9677e-02   1.6704e+00   1.6782e+00
  -8.7962e-02   9.5816e-02   1.7903e-02  -3.8022e-06   1.4063e-11  -3.3187e-02   1.6703e+00   1.6783e+00
  -8.7962e-02   9.5816e-02   1.1505e-02  -3.8022e-06   1.2886e-11   5.3508e-02   1.6702e+00   1.6784e+00
  -8.7962e-02   9.5816e-02   9.0642e-03  -3.8022e-06   1.1809e-11   1.3998e-03   1.6702e+00   1.6784e+00
  -8.7962e-02   9.5816e-02   2.6535e-03  -3.8022e-06   1.0821e-11   3.9144e-02   1.6702e+00   1.6784e+00
  -8.7962e-02   9.5816e-02   1.6188e-02  -3.8022e-06   9.9157e-12  -7.1488e-04   1.6701e+00   1.6785e+00
  -8.7962e-02   9.5816e-02   2.0562e-02  -3.8022e-06   9.0863e-12   1.3064e-02   1.6700e+00   1.6787e+00
  -8.7962e-02   9.5816e-02   2.5305e-02  -3.8022e-06   8.3262e-12  -1.1400e-02   1.6698e+00   1.6788e+00
  -8.7962e-02   9.5816e-02   1.6495e-02  -3.8022e-06   7.6298e-12   3.1284e-02   1.6697e+00   1.6789e+00
  -8.7962e-02   9.5816e-02   1.2191e-02  -3.8022e-06   6.9916e-12   2.8662e-02   1.6696e+00   1.6790e+00
  -8.7962e-02   9.5816e-02   1.3204e-02  -3.8022e-06   6.4068e-12  -9.5933e-03   1.6696e+00   1.6790e+00
  -8.7962e-02   9.5816e-02   1.9187e-02  -3.8022e-06   5.8709e-12   2.5622e-02   1.6695e+00   1.6791e+00
  -8.7962e-02   9.5816e-02   2.0519e-02  -3.8022e-06   5.3798e-12  -3.2003e-02   1.6693e+00   1.6793e+00
  -8.7962e-02   9.5816e-02   1.6921e-02  -3.8022e-06   4.9298e-12   3.6475e-02   1.6692e+00   1.6793e+00
  -8.7962e-02   9.5816e-02   1.1208e-02  -3.8022e-06   4.5175e-12  -1.1674e-03   1.6692e+00   1.6794e+00
  -8.7962e-02   9.5816e-02   1.0282e-02  -3.8022e-06   4.1396e-12   3.4247e-02   1.6691e+00   1.6795e+00
  -8.7962e-02   9.5816e-02   1.9401e-02  -3.8022e-06   3.7933e-12  -7.0748e-03   1.6690e+00   1.6796e+00
  -8.7962e-02   9.5816e-02   2.0942e-02  -3.8022e-06   3.4760e-12  -1.9920e-03   1.6689e+00   1.6797e+00
  -8.7962e-02   9.5816e-02   2.5056e-02  -3.8022e-06   3.1853e-12  -3.3313e-02   1.6687e+00   1.6798e+00
  -8.7962e-02   9.5816e-02   1.7328e-02  -3.8022e-06   2.9189e-12   2.3159e-02   1.6687e+00   1.6799e+00
  -8.7962e-02   9.5816e-02   3.5037e-03  -3.8022e-06   2.6747e-12   1.7074e-02   1.6686e+00   1.6800e+00
  -8.7962e-02   9.5816e-02   5.8229e-04  -3.8022e-06   2.4510e-12  -1.2117e-02   1.6686e+00   1.6800e+00
  -8.7962e-02   9.5816e-02   2.0710e-02  -3.8022e-06   2.2460e-12  -1.7489e-05   1.6685e+00   1.6801e+00
  -8.7962e-02   9.5816e-02   2.2346e-02  -3.8022e-06   2.0581e-12  -2.9870e-03   1.6684e+00   1.6802e+00
  -8.7962e-02   9.5816e-02   2.3920e-02  -3.8022e-06   1.8859e-12  -5.1464e-02   1.6682e+00   1.6803e+00
  -8.7962e-02   9.5816e-02   2.0765e-02  -3.8022e-06   1.7282e-12   2.5897e-02   1.6681e+00   1.6804e+00
  -8.7962e-02   9.5816e-02   1.7179e-02  -3.8022e-06   1.5836e-12  -1.7339e-02   1.6680e+00   1.6805e+00
  -8.7962e-02   9.5816e-02   8.2499e-03  -3.8022e-06   1.4512e-12   2.3098e-02   1.6680e+00   1.6806e+00
  -8.7962e-02   9.5816e-02   1.4458e-02  -3.8022e-06   1.3298e-12  -2.3306e-02   1.6679e+00   1.6807e+00
  -8.7962e-02   9.5816e-02   1.9574e-02  -3.8022e-06   1.2186e-12   7.5357e-03   1.6678e+00   1.6808e+00
  -8.7962e-02   9.5816e-02   2.2973e-02  -3.8022e-06   1.1166e-12  -3.5367e-02   1.6676e+00   1.6809e+00
  -8.7962e-02   9.5816e-02   1.4572e-02  -3.8022e-06   1.0232e-12   2.1662e-02   1.6676e+00   1.6810e+00
  -8.7962e-02   9.5816e-02   1.2436e-02  -3.8022e-06   9.3764e-13  -1.5234e-03   1.6675e+00   1.6811e+00
  -8.7962e-02   9.5816e-02   1.1347e-02  -3.8022e-06   8.5922e-13  -2.1346e-02   1.6674e+00   1.6811e+00
  -8.7962e-02   9.5816e-02   2.3722e-02  -3.8022e-06   7.8735e-13   7.1718e-03   1.6673e+00   1.6813e+00
  -8.7962e-02   9.5816e-02   2.2889e-02  -3.8022e-06   7.2149e-13  -5.4131e-02   1.6672e+00   1.6814e+00
  -8.7962e-02   9.5816e-02   1.7964e-02  -3.8022e-06   6.6114e-13   2.5537e-02   1.6671e+00   1.6815e+00
  -8.7962e-02   9.5816e-02   1.5623e-02  -3.8022e-06   6.0584e-13  -3.1591e-02   1.6670e+00   1.6816e+00
  -8.7962e-02   9.5816e-02   1.1529e-02  -3.8022e-06   5.5516e-13   1.5300e-02   1.6669e+00   1.6816e+00
  -8.7962e-02   9.5816e-02   1.0923e-02  -3.8022e-06   5.0873e-13  -3.6985e-02   1.6668e+00   1.6817e+00
  -8.7962e-02   9.5816e-02   1.4110e-02  -3.8022e-06   4.6617e-13  -2.2954e-02   1.6668e+00   1.6818e+00
  -8.7962e-02   9.5816e-02   2.2257e-02  -3.8022e-06   4.2718e-13  -4.6551e-02   1.6666e+00   1.6819e+00
  -8.7962e-02   9.5816e-02   1.4286e-02  -3.8022e-06   3.9145e-13   3.1984e-03   1.6665e+00   1.6820e+00
  -8.7962e-02   9.5816e-02   3.5425e-03  -3.8022e-06   3.5871e-13  -1.6822e-02   1.6665e+00   1.6820e+00
  -8.7962e-02   9.5816e-02   2.1747e-04  -3.8022e-06   3.2870e-13  -3.6647e-02   1.6665e+00   1.6820e+00
  -8.7962e-02   9.5816e-02   7.6433e-03  -3.8022e-06   3.0121e-13  -2.7713e-02   1.6665e+00   1.6821e+00
  -8.7962e-02   9.5816e-02   5.6570e-03  -3.8022e-06   2.7601e-13  -6.7486e-02   1.6665e+00   1.6821e+00
  -8.7962e-02   9.5816e-02   7.2032e-03  -3.8022e-06   2.5292e-13  -2.0426e-02   1.6664e+00   1.6821e+00
  -8.7962e-02   9.5816e-02   1.1417e-03  -3.8022e-06   2.3177e-13  -5.3756e-02   1.6664e+00   1.6821e+00
  -8.7962e-02   9.5816e-02  -1.0694e-02  -3.8022e-06   2.1238e-13  -8.3446e-03   1.6665e+00   1.6821e+00
  -8.7962e-02   9.5816e-02  -1.3910e-02  -3.8022e-06   1.9462e-13  -5.4710e-02   1.6665e+00   1.6820e+00
  -8.7962e-02   9.5816e-02  -8.4723e-03  -3.8022e-06   1.7834e-13  -3.0520e-02   1.6666e+00   1.6819e+00
  -8.7962e-02   9.5816e-02  -7.8906e-03  -3.8022e-06   1.6342e-13  -7.3868e-02   1.6666e+00   1.6819e+00
  -8.7962e-02   9.5816e-02  -1.4866e-02  -3.8022e-06   1.4975e-13  -1.1809e-02   1.6667e+00   1.6818e+00
  -8.7962e-02   9.5816e-02  -1.9428e-02  -3.8022e-06   1.3723e-13  -5.2282e-02   1.6668e+00   1.6817e+00
  -8.7962e-02   9.5816e-02  -2.4137e-02  -3.8022e-06   1.2575e-13  -8.4348e-03   1.6670e+00   1.6816e+00
  -8.7962e-02   9.5816e-02  -1.6568e-02  -3.8022e-06   1.1523e-13  -4.3054e-02   1.6671e+00   1.6815e+00
  -8.7962e-02   9.5816e-02  -1.1928e-02  -3.8022e-06   1.0559e-13  -2.6110e-02   1.6671e+00   1.6814e+00
  -8.7962e-02   9.5816e-02  -1.3669e-02  -3.8022e-06   9.6759e-14  -6.9219e-02   1.6672e+00   1.6813e+00
  -8.7962e-02   9.5816e-02  -1.7442e-02  -3.8022e-06   8.8665e-14   1.0567e-02   1.6673e+00   1.6812e+00
  -8.7962e-02   9.5816e-02  -2.0066e-02  -3.8022e-06   8.1249e-14  -4.0432e-02   1.6674e+00   1.6811e+00
  -8.7962e-02   9.5816e-02  -1.9438e-02  -3.8022e-06   7.4453e-14   3.3462e-03   1.6675e+00   1.6810e+00
  -8.7962e-02   9.5816e-02  -1.1330e-02  -3.8022e-06   6.8225e-14  -2.4335e-02   1.6676e+00   1.6810e+00
  -8.7962e-02   9.5816e-02  -9.8328e-03  -3.8022e-06   6.2519e-14  -1.9717e-02   1.6677e+00   1.6809e+00
  -8.7962e-02   9.5816e-02  -6.6486e-03  -3.8022e-06   5.7289e-14  -3.6309e-02   1.6677e+00   1.6809e+00
  -8.7962e-02   9.5816e-02  -1.0720e-02  -3.8022e-06   5.2497e-14   2.8016e-02   1.6678e+00   1.6808e+00
  -8.7962e-02   9.5816e-02  -1.1898e-02  -3.8022e-06   4.8106e-14  -2.3991e-02   1.6678e+00   1.6807e+00
  -8.7962e-02   9.5816e-02  -1.2912e-02  -3.8022e-06   4.4082e-14   3.7821e-02   1.6679e+00   1.6807e+00
  -8.7962e-02   9.5816e-02  -1.5385e-02  -3.8022e-06   4.0395e-14  -2.2123e-02   1.6680e+00   1.6806e+00
  -8.7962e-02   9.5816e-02  -1.0882e-02  -3.8022e-06   3.7016e-14   8.5056e-03   1.6681e+00   1.6805e+00
  -8.7962e-02   9.5816e-02  -8.3650e-03  -3.8022e-06   3.3920e-14  -4.9956e-02   1.6681e+00   1.6805e+00
  -8.7962e-02   9.5816e-02  -1.5917e-02  -3.8022e-06   3.1083e-14   4.2585e-02   1.6682e+00   1.6804e+00
  -8.7962e-02   9.5816e-02  -2.1070e-02  -3.8022e-06   2.8483e-14  -3.3721e-02   1.6683e+00   1.6803e+00
  -8.7962e-02   9.5816e-02  -2.3470e-02  -3.8022e-06   2.6100e-14   2.6792e-02   1.6685e+00   1.6801e+00
  -8.7962e-02   9.5816e-02  -2.5774e-02  -3.8022e-06   2.3917e-14  -2.3982e-02   1.6686e+00   1.6800e+00
  -8.7962e-02   9.4245e-02  -2.2875e-02  -3.8022e-06  -1.5708e-02   2.6805e-03   1.6734e+00   1.6846e+00
  -8.7962e-02   9.4245e-02  -1.7235e-02  -3.8022e-06  -3.1415e-03  -4.7070e-02   1.6735e+00   1.6845e+00
  -8.7962e-02   9.4245e-02  -2.3389e-02  -3.8022e-06  -3.7698e-03   1.8373e-02   1.6737e+00   1.6843e+00
  -8.7962e-02   9.4245e-02  -2.9450e-02  -3.8022e-06  -4.5238e-03  -2.5058e-02   1.6738e+00   1.6842e+00
  -8.7962e-02   9.4245e-02  -3.0224e-02  -3.8022e-06  -5.4285e-03   2.9274e-02   1.6740e+00   1.6840e+00
  -8.7962e-02   9.4245e-02  -3.0371e-02  -3.8022e-06  -3.3727e-03  -3.4711e-02   1.6742e+00   1.6838e+00
  -8.7962e-02   9.4245e-02  -1.9713e-02  -3.8022e-06  -3.4190e-03   2.2602e-02   1.6743e+00   1.6837e+00
  -8.7962e-02   9.4245e-02  -2.1477e-02  -3.8022e-06  -3.3488e-03  -4.7716e-02   1.6744e+00   1.6836e+00
  -8.7962e-02   9.4245e-02  -2.0956e-02  -3.8022e-06  -3.1138e-03   3.6676e-02   1.6746e+00   1.6835e+00
  -8.7962e-02   9.4245e-02  -2.1893e-02  -3.8022e-06  -2.6509e-03  -3.1906e-02   1.6747e+00   1.6834e+00
  -8.7962e-02   9.4245e-02  -2.4207e-02  -3.8022e-06  -2.5065e-03   4.0681e-02   1.6748e+00   1.6832e+00
  -8.7962e-02   9.4245e-02  -2.2427e-02  -3.8022e-06  -2.3240e-03  -2.2077e-02   1.6749e+00   1.6831e+00
  -8.7962e-02   9.4245e-02  -1.7424e-02  -3.8022e-06  -2.1190e-03   1.2353e-02   1.6750e+00   1.6830e+00
  -8.7962e-02   9.4245e-02  -1.8497e-02  -3.8022e-06  -1.9201e-03  -5.4044e-02   1.6752e+00   1.6829e+00
  -8.7962e-02   9.4245e-02  -1.3871e-02  -3.8022e-06  -1.7739e-03   2.9091e-02   1.6752e+00   1.6828e+00
  -8.7962e-02   9.4245e-02  -2.1206e-02  -3.8022e-06  -1.6274e-03  -1.6486e-02   1.6754e+00   1.6827e+00
  -8.7962e-02   9.4245e-02  -3.1949e-02  -3.8022e-06  -1.4881e-03   4.1115e-02   1.6755e+00   1.6825e+00
  -8.7962e-02   9.4245e-02  -3.3586e-02  -3.8022e-06  -1.3619e-03  -2.3146e-02   1.6757e+00   1.6823e+00
  -8.7962e-02   9.4245e-02  -2.6011e-02  -3.8022e-06  -1.2503e-03   1.0040e-02   1.6759e+00   1.6822e+00
  -8.7962e-02   9.4245e-02  -1.7611e-02  -3.8022e-06  -1.1455e-03   1.7519e-02   1.6760e+00   1.6821e+00
  -8.7962e-02   9.4245e-02  -1.4532e-02  -3.8022e-06  -1.0491e-03  -4.7074e-02   1.6761e+00   1.6820e+00
  -8.7962e-02   9.4245e-02  -6.7939e-03  -3.8022e-06  -9.6136e-04   2.6440e-02   1.6761e+00   1.6820e+00
  -8.7962e-02   9.4245e-02  -1.3246e-02  -3.8022e-06  -8.8126e-04  -4.4715e-03   1.6762e+00   1.6819e+00
  -8.7962e-02   9.4245e-02  -3.4598e-02  -3.8022e-06  -8.0746e-04   1.9225e-02   1.6764e+00   1.6817e+00
  -8.7962e-02   9.4245e-02  -3.4124e-02  -3.8022e-06  -7.3985e-04  -9.4683e-03   1.6766e+00   1.6815e+00
  -8.7962e-02   9.4245e-02  -2.5412e-02  -3.8022e-06  -6.7799e-04  -5.1299e-04   1.6767e+00   1.6814e+00
  -8.7962e-02   9.4245e-02  -1.8139e-02  -3.8022e-06  -6.2131e-04   1.2792e-02   1.6768e+00   1.6813e+00
  -8.7962e-02   9.4245e-02  -1.8303e-02  -3.8022e-06  -5.6932e-04  -2.9525e-02   1.6769e+00   1.6812e+00
  -8.7962e-02   9.4245e-02  -1.9048e-02  -3.8022e-06  -5.2169e-04   3.5702e-02   1.6770e+00   1.6810e+00
  -8.7962e-02   9.4245e-02  -2.5308e-02  -3.8022e-06  -4.7806e-04  -1.7930e-02   1.6772e+00   1.6809e+00
  -8.7962e-02   9.4245e-02  -2.4203e-02  -3.8022e-06  -4.3808e-04   3.4495e-02   1.6773e+00   1.6808e+00
  -8.7962e-02   9.4245e-02  -1.4344e-02  -3.8022e-06  -4.0143e-04  -4.9629e-03   1.6774e+00   1.6807e+00
  -8.7962e-02   9.4245e-02  -1.2001e-02  -3.8022e-06  -3.6785e-04   9.1481e-03   1.6775e+00   1.6806e+00
  -8.7962e-02   9.4245e-02  -9.6537e-03  -3.8022e-06  -3.3708e-04  -4.1351e-02   1.6775e+00   1.6806e+00
  -8.7962e-02   9.4245e-02  -1.8154e-03  -3.8022e-06  -3.0889e-04   5.0360e-02   1.6775e+00   1.6806e+00
  -8.7962e-02   9.4245e-02  -9.8277e-03  -3.8022e-06  -2.8305e-04  -2.7346e-02   1.6776e+00   1.6805e+00
  -8.7962e-02   9.4245e-02  -9.4437e-03  -3.8022e-06  -2.5938e-04   7.0551e-02   1.6776e+00   1.6804e+00
  -8.7962e-02   9.4245e-02  -1.0402e-02  -3.8022e-06  -2.3768e-04  -2.1044e-02   1.6777e+00   1.6804e+00
  -8.7962e-02   9.4245e-02  -3.5486e-03  -3.8022e-06  -2.1780e-04   3.4359e-02   1.6777e+00   1.6804e+00
  -8.7962e-02   9.4245e-02   4.9590e-03  -3.8022e-06  -1.9958e-04  -3.0953e-02   1.6777e+00   1.6804e+00
  -8.7962e-02   9.4245e-02   4.8121e-03  -3.8022e-06  -1.8289e-04   5.9539e-02   1.6777e+00   1.6804e+00
  -8.7962e-02   9.4245e-02  -4.4474e-03  -3.8022e-06  -1.6759e-04  -1.1625e-02   1.6777e+00   1.6804e+00
  -8.7962e-02   9.4245e-02  -1.1297e-02  -3.8022e-06  -1.5357e-04   7.3041e-02   1.6778e+00   1.6803e+00
  -8.7962e-02   9.4245e-02  -1.2818e-02  -3.8022e-06  -1.4073e-04  -1.7435e-02   1.6778e+00   1.6803e+00
  -8.7962e-02   9.4245e-02  -7.2667e-03  -3.8022e-06  -1.2895e-04   3.6873e-02   1.6779e+00   1.6802e+00
  -8.7962e-02   9.4245e-02   6.8247e-04  -3.8022e-06  -1.1817e-04  -2.1201e-02   1.6779e+00   1.6802e+00
  -8.7962e-02   9.4245e-02   1.7135e-03  -3.8022e-06  -1.0828e-04   4.1211e-02   1.6779e+00   1.6802e+00
  -8.7962e-02   9.4245e-02  -3.1511e-03  -3.8022e-06  -9.9227e-05   1.1895e-02   1.6779e+00   1.6802e+00
  -8.7962e-02   9.4245e-02  -1.2607e-02  -3.8022e-06  -9.0927e-05   4.1831e-02   1.6780e+00   1.6801e+00
  -8.7962e-02   9.4245e-02  -1.3371e-02  -3.8022e-06  -8.3321e-05  -1.0107e-03   1.6780e+00   1.6801e+00
  -8.7962e-02   9.4245e-02   3.6139e-03  -3.8022e-06  -7.6352e-05   3.1631e-02   1.6780e+00   1.6801e+00
  -8.7962e-02   9.4245e-02   1.2441e-03  -3.8022e-06  -6.9965e-05  -2.1381e-02   1.6780e+00   1.6801e+00
  -8.7962e-02   9.4245e-02   7.9952e-03  -3.8022e-06  -6.4113e-05   2.4771e-02   1.6780e+00   1.6801e+00
  -8.7962e-02   9.4245e-02   5.2137e-03  -3.8022e-06  -5.8750e-05   1.6426e-02   1.6779e+00   1.6802e+00
  -8.7962e-02   9.4245e-02  -4.0866e-03  -3.8022e-06  -5.3836e-05   3.3999e-02   1.6780e+00   1.6802e+00
  -8.7962e-02   9.4245e-02  -2.6756e-03  -3.8022e-06  -4.9333e-05   5.2563e-02   1.6780e+00   1.6801e+00
  -8.7962e-02   9.4245e-02  -3.9083e-03  -3.8022e-06  -4.5206e-05  -2.1063e-03   1.6780e+00   1.6801e+00
  -8.7962e-02   9.4245e-02   1.3231e-03  -3.8022e-06  -4.1425e-05   2.8953e-02   1.6780e+00   1.6801e+00
  -8.7962e-02   9.4245e-02   5.4862e-03  -3.8022e-06  -3.7960e-05  -2.3232e-02   1.6780e+00   1.6802e+00
  -8.7962e-02   9.4245e-02   2.8773e-03  -3.8022e-06  -3.4785e-05   4.4227e-02   1.6779e+00   1.6802e+00
  -8.7962e-02   9.4245e-02  -6.2337e-03  -3.8022e-06  -3.1875e-05  -8.1200e-03   1.6780e+00   1.6801e+00
  -8.7962e-02   9.4245e-02  -9.4873e-03  -3.8022e-06  -2.9209e-05   4.3789e-02   1.6780e+00   1.6801e+00